11111123131222333444253344225354442555666756667775667777
12222231242333124453314445331664555166455517666671777777
12222221233334123353411355641755564176556417666647777744
11112221331222113332455366245336664556676457777445577744
11123331222233114222311444335554446557774657777665576666
11233331122333111222341225554465555446777546666774466777
11112221133222413333241353624555666454555644477667777776
12222231112233441233344115334616577466657746655574655777
11111111223333222334452334465225446555544675666667777777
12223341112344122234411523345153344555556677666667777776
12222221111232145553314555361445336444533674766667777776
11112334111233421223342225334555556445666647576664777777
11122221111233144422344562334556633456666345567775577777
11111221122223144422344445334666533665555367755736677777
11122221122332112433341445334444553667775566667556677775
11122221333332144443214454321455632155666655577667777776
11112221122223142333314443536644453664755567777756667755
11122331122443112244312244335544663555666355577667777776
11223331122233144422311544231554663557466657747665577776
11123331222233122244311554431554463555466657747667777766
11111123131422333344235344425556642557664255776627777766
11222221333222133455513444551344455136646516666677777777
11111112223331242533324455332245555444566647777667777666
11112221331222133124453662445336774536674455667745556777
11111223311222433122243555554366655437766543776664447777
11111111222223425522345555534656663466633346777734447777
11111221322222132334413334445354464555666675557767777766
12223441222344122135411113546633354666375466677557777755
12222221233244133444411355441635555163577516367776666777
11122221314422131422533144553344555334556676666667777777
12222221113242111334451334445663334556677455567775666777
11112221111332443332244553224555336455666645777764777766
11111112221333422335344222534666653467665547767554477775
11111112233331244333522455352444555246465726666776677777
12233331123343122344411244541622455167755566677556667777
12222221111122113333344335536447755644477566477556666775
12222221113232411333341135634455566444556674775567777766
11122221122223114444351446435546633556663355776635777777
12223331122443122243311144356614735664475567777556667755
11112231444423145422314542631555263557726357777637766663
11122223111112344442233445523334455366666566675557777777
11122223112224315552431155543336554336677466667446777774
12333341233444125336412556641225644122566611755567777777
11222221112323111233344444334556443555666657567665777777
11112221111223444422345444235555633577666357776635777663
12333331222343122234411124441516664555556475566667777777
11112221111332444443255433325443362577766255766665577776
11222223111122314142534444453467755366777533667553666775
11122331112333122223314255356444555644445766777576666777
11111111233334223344452334445226664522666755567675577777
12233331224433122433412544441255555116665516667776677777
11122221122223144433311433556443375646777564677756667555
11122231142223514223351466635146773554667355467735446777
11112221311322133332245553264555366445776644577764477766
11111234112223414222344423335445633555566656666775777777
11222221324242134444513346451136655713365577366657777765
11223331224443124455312245531244533166655517766667777776
11222223111242331114235555443366554336655476666447777777
12223331242223114423314444531115453655555766667776667777
12222231422423144444315554631566663155563317576631777777
11111121332122332222433354446355554655777465667446667777
11122221133322113333214344526444455666645566655577777777
11111231222223112444355243335644443566666355567675777777
11111121122222333322435366445533664555664457566747777774
11112331441233444123344512335455222555666275766667777776
12222221134242133444413333541366554166655516766757777775
11222331112433115244315524336522437655544766657476667777
11122221312222131333413334445566774555677455567446666777
11111112231333233334425444442555546255666627576762777776
11112221331422113342255344245333444555566657666667777777
11233341223344112334412253441225554167555566777776666677
11112221111322444432245543324564377556637755663375666777
12222341552334152233415523341556634156666416677441777777
11122221112333415236641523664452366455736745573674457777
11222221123224113334411344456334775663477566677556677555
12222231244443122443311154436115533666655376667557777775
12222221234442133445513664451366455136665513677571377777
11112223131224333112453332245664444556467755666675577777
12223331224333122453312445551446555144665611766667777777
11122221112332141253244455336445533664457366655776677777
12222331222233114455314455531455653144766317476667777766
11122231112223415522341555334445663477563347756664777766
12223331442333144222315426631544467155666715567771556777
11111121333222134222233444443555544356657755666776667777
11222234111223441223344153367415336745556674575667777566
11112221131242133524233355423665544365554466677476677777
11122223112442331142253144465333446555376657777765577666
11222221111322411332544333556444335644675566667756777775
11111221322224133322413566443356664355677455667745577774
11111123131322333332455552245666224566666455774447777774
11122221322224133344411335546133544666655466675557777777
11112331221233112223344452634455563745556674457667777766
11233331222443152224315552431555643166564416666747777777
11112221311422133442253334425563344556666455676675777777
12222221123333112334411153446655344666554466655577777777
11111112234441233454422335442633555263557726657776666777
11111223341225344112533446253444625366662537667557777775
11111112222213224443324455336445537664553766557376667777
11222221112342551134255133445663344566334455666677777777
11112223312222311452533145553344445366674566677456677777
12222231122323111133314455364445536477556647556664777776
11111123142212344222233445553444565366666537766753777775
11111221311322333334253664425666422556744756674475557777
11111123441122344222234445253647555366777533666753667775
11233331222223111223344115354445555464477566667756667777
11122221122232111333344445536444533664755566675576677777
11112221112233451622345566234455633455763344576664777777
11222221334222113445511344451333465776346577666657777655
11222223144442311144231144523666655367666537777753377555
11112223312224331242433144443315455665555567777776666677
12222331123333142223514466351446555144655514766667777777
12222231444423114422311544331555333165555766777776666677
11111221333442113344233355426665442667545266755526777777
11112331444233144223314452231545623755562675576667777766
12223331244333124444312224531111455666665566755576777777
11112221111232333333244445324666552467775546667754677755
11111221331222133332453355245555424566644466766746777777
11112221122222113334533334456377455677744567774456666655
12223331222334111233415523541555554167777466677746666744
12222221233424113344411134441533366555577655777765776666
11223331122344112533412256341525634755564475776467777666
11112221312224331255436125443666544366657436555743777777
11111231141223444222344445236655523666553366557736777777
11111111233344222333422334445256464525666655556677777777
11111112133333222223324425536445577644555766447576666777
11111112133334223333422222546555554666675467777546677744
11122221111232144423344542335454633555666357577667777766
11111223331222331124253334425555644757564477756647776666
11233331423553142355314255561425666142266614726774477777
11111112331445233445523444552334556223756627776662777766
12222231212443111243311444335554433565556656666677777777
12233331233443122344412254541125554616557761665776667777
11222331122233112233415533441544444555666756666775677777
11111111222233442223344256334555663455566344566677777777
11223331122223114233314425361447556447755647755667775666
11112223141252314125533442256334455636445563677776667777
11111111223333422223344223354444555466775566777756666775
11122231122223144423311455364445536477553677755367776666
12222331122333122334511134451444455666645577766657777765
11123331222233114423341142534444255666665566675557777777
11122221222323113333341155534455656444566644757667777776
11112331222233114522314455234455563745566374476667777766
11222221112332411333244135334555555466777544676774666677
11222221111322141333254336665443676544377655447665557777
11111221332222113422453344445366774533667456666775555777
11112221122233142533314255334455536455776647777664477666
12222331422223144443311445336145553611557766665576677777
12222221111122133144455334445333644536666655776765577777
11111223331122343315234345524444522466655566667576777777
11111221344122133422233344425533646555664655776665777777
11122223122442311145236144553664455336455533666677777777
11222221333332114432251143345164444566666655557675777777
11222221111322413133244333354666555466655547766574477777
11111112133333223444422344546234557626557762657776665577
11111112222213242433324444435556743566677355666735567777
11222221222333111143355164375666437566443756644475557777
11111112223441252344455233445522334566663756766375677777
11111112222213444223345423334546373554677756666675556777
11111121333212333222234356624455666455556744456674777777
11122221113322113332243355554366665444776547476654777765
12222331112223441233344133554116665446655546665757777777
12222221332244113333451113345516644556664456667775577777
11222331222234115523411153345555344666534466667746777777
11111112213333222223324455334455666455577644577664777766
12222231244423124444311154331665553167555366777536667777
11111221113222443352243335264355556435756647776664477776
11122221311442333142255314425333644555664657576667777776
12233331243353124355512444551224445126666511677776667777
12222331122233144424314544431555663157666315767665577777
11112221131332413333244444325546722554677756667775556667
11222231223233112333411153446555774666574465557446667777
12222221133224133333415666341555644155666417556447777777
11111123331212344422233542663554266357444655777665577776
11122221113324113322433332445556774555667456666745677774
11222223111242355114233514463554466354476635777763577766
11222223142242314444431115453331555336665566667576777777
11112221122233144224314444435555533566553366777776666777
12222221333422113445513346651134465173446577766657777655
11111111222344222233455233346555334656554466677746677777
11112221322244132244413333451363445666555566775576677777
11111123311222344442233442253344555366677566777556667775
11112221133322113422233344456367445666744567675556777755
11111223122222314444231544443555566355666633567673777777
11111121331222332224435266643555644357664435766745577777
11222234123223412333341111354455555445656674666667777777
12222221233332114333511434451144445666555566667756777777
11111121314422533446255344625534462533776257377625777666
12222221133324133442413334441155664155666655567765777777
11112223131112333322233444256666455677744566774456777555
11111121333412334342235444423555422666552766665576777777
11122221312322133333213456661745666774555677444567774455
11111221112222333324233344453444555666457567777756666775
11222221334442133344213554421355646135566615566677777777
11222331222223111113344445336445553664557766475576667777
11222221123322133334413344441144555667777566677556667755
12222331244233144223311444435111663555666675555667777777
11111234112223412222344443334455363555566655766767777776
11112221131242513344255533425657342665734466573746667777
11112221331242531144253334225533444655556466666677777777
11111223331112343332244322254666555446557546666754777777
11222231142333114223351423365146666554446655547765777777
12334441223334112353411225341225554166665466777556677777
12222221121233411133344153534445553674455567777776666667
11111121122222345522634455663445576345577634477763337766
11112331122233122333415234445526644556664755666475777777
11111221332224132224413355443355444355666655767667777776
11111223415122341522634555263454526344456633766673777777
12222231111223415525341555534166563477666347776634447773
11123334122355412333541223554112255446667546676774667777
11223331224433124443312224431115456755555677566667777766
11222231222233143333314444451647745166777516677756665555
11112231111223442223344255534665533466577346557774666777
11122221322322133333411153446655554655577466667746777744
11222223112224331156433115643555564357666435776647777744
11112223111222313322433355546355444665777465577446666777
11111112222313222233344333456444445677775567777556666655
11111112344441233454423335542363555266655726766672277777
11122223311222331112433334445566774555674456567475666777
11111121222222133324453333345555544666657466775746677774
12222231244233144423314553331445556177755611766567777666
11111121331222333332244443254464425776665577766557776655
11111111222222344424233544443356677335667735556775566677
12233331123333122222411554441154464555646657666675777777
11111221133222143555244355624335662437566643757664477777
11111223111224335224435552243556774356677435667443666777
11112221111222333342253334465573446577746655574465777666
12233331233344123254412225441115546177554677756667775666
11222231444223155422315444431555333165567316666776677777
11112221131122433332243353624455566445576647557664777776
11111121122222334452233445553334445366647566777756667775
11111234551123455122344522234452663475763347576637777666
11222221123322143333514355551436775146677544666754466777
11112221312222134442413334443353466555666655776675577777
11111121133322433332244535224555562455776644777764776666
11223331222433112444312244331554466157776655557665777766
12223331122223111442314444431556643556666356677775557777
11111123314412344444233422223352666535666655555767777777
12222221133442133344215533441653447165577716555776666677
12222231422423144443314455331165533116755566675776667777
12233331224443122243315524431556644157766615777661557776
11222221123332112333411553345556664557664475776447777664
11111231141223554422355542235654423564473366677376667777
11111112333314235334423555542222544266654766765476677777
11122221311222133324413533345555544656577466667746677774
11111112333441233554623775462377546237554627754462275666
11111111233333222444324444332556477225667755567775566667
11111121132222433225244333554637355466775546667574466777
11111223333112334412234444423456662555776257777665557766
11112223111222333122435333445555544657577467777746666664
12222221111223141555314555334456533446666344777637777766
11122221113422113345233334523666455766644576644557777775
12334441223344112234411233541622355166555566675776677777
11122331111223445122345556234556623455666347776634477777
12223331123333122344412244541664455166655516766757777775
11112221333222111332244553334445556455566646666774777777
11222221122333111233314443354465555446657564677756667777
12223331212333111234411223445556674556667456667745577774
11122331122233112223314555634456663445576644557664777777
11111112221234252223455333345336444556664455676667777777
11222221332224113333411134445553464575746657577665777666
12222221111322111333344555334455553465666746667674477777
12222331222233144553314555531444453116645761677776666777
11111123311222344425234444523334552636775566675576667777
11122331442223144423314442231156663555676355667775567777
11111112223144223333423335542266654666755467775546777754
11111223334122333411235342225564444566666455676775577777
11222221322244133335411333541665554166554466675476777777
11222231124223111423315443365547366544736655477665577776
11222221123342133344211344551334445666665566677757777755
11111112222213223333324553354465555466677544467774666777
11122231212333122234415533641753664775566477756647755644
11111221333112433322244433224445666455577655757665777766
11111223311422344142234444223355555365777536677756666677
12222221122333111334315144435566443566664755766475577777
12233331123343112444312224441152546555556677756667777766
11122221132224133244411335446663545663354576665557777777
11122221133224155322415333341555534656644466677476677777
11222231124443112444311224435555633555666377577637777666
11122223314422311445233144523314456375555677775667776666
11222331142333114222315442631544663555446655576667777777
12222231111123141522344455336455553644573366477776666777
11222331122223411233341133554445555466657744665776667777
11122221314222131442433154443365545366655536767756677777
11111111223333224433322245536244555664775564477756666777
11111111222333224444352224335644433566666655577675577777
11111123414412344455236644523366552366557236757723677772
11222221222344155333411553441155344655336466666677777777
11111123122212333422255346665534446553744657374665777776
11233441123444112334415233341522266555727657777765576666
11223341223334112335411223546152554665557466777746667774
12222231122233111333314536661455566447555647775764447776
11223331222333112233411125446655544765655476666547777774
11123331222223111223344144536444453666655567777556677775
11223331222233111422315144435555443556564766666476777777
11122221111222314444234445563334556773356677355567777666
11111221333222133324213552446355554666655467764446777777
12233331123444112334512234451266445126665576667557777775
11111221133122433335244335524555562456666244476667777777
11111112223341233344423564442356774235677725567675556667
11222221113332141335214335524435555466666546677674477777
11111221133322133342255334226555444675557467777746666674
11222221111122333412534344453444555336657566665776677777
12222231123333112233415555341566554166654476667447777774
11122221112322114233344453534455553644675366667576677777
11111231121223442223354263335446773546677754466675555677
11222221112332411533241555334455553647777364447776666667
12223331112223412253341115334666555446677544677554667777
11111231122223144222344445334466533666557365555776677777
12222221332444135254413555541366754133675413667771666777
11123331112233141222344526234456663455556644557667777777
11122221133222113424451344445336674553367755566775666777
11111121333332134332244456624455662445666255557627777777
11111112333341233444423546462354666275565627755562277777
11122234111223411223344442335454633555566677755667777766
11111112233331222333324555552456665247766544776664447777
11112231441123444122345555234456723555672366667336677777
11112223312224311542435154243555444355666637777763777666
12222231123333142235514433451144445166677566777756667755
12222231242443124445314455531155553116663376666637777777
11222331222233142333314445551146655144765574776657777666
12223331222343111234351126435166644555766455777645777764
12222221111323141132344433335444666545667655577765577776
11111121133322453532245353624555362475666247776664447777
11112221331122333122433552443555644556667456666747777774
11122221132224113233413333445554446577774655576665777666
11122221111233144222356444435664773566477356667335555777
11111121122222344522634455563345666344566733455673777777
11222221133222111333314435554463555466665546776674477777
11112221333332113222241335554446557464655746667574667777
11123331122333111234352224445562647566664755674475567777
11222221111122333314233344445534666555446657766675577777
12222221223444111344413135541333354666555766775576667777
11122345122334511223451623345162334566666455677445777777
12222331244233114522314455631145663714556377455667777766
11111231421123442222344553234456333545666655576667777777
11222221112223411153344455334455563445566377777637776666
11222221123233144323514433351444665174766577776557766655
12222221111112333331244553334555677445567744656774666677
11222221133224113323451133345566774556674456677745566774
11112221113222133344253334425636477566647755664475556777
11112231112223414423344442356646235766663576775357777555
11122221333332133432211445526164455666645567764457777775
11111221331222133342255534425533466554446675477667777766
11222221123244113325461133546633354666775466777547775554
11222221222333114335514433351146665444666574767657777755
11112331412223141223344422335444673555667756666775556777
11223331123343112344312244441225554666655567775576667777
11112221111223455622344563234456333455666345667774577777
11111221311222333332244443524444355667775566777556666775
12223331224333122435314244551444655116666571766657777775
11111221312222134422433344443556646355666637555567777777
11112223141222314442531464253446655337765533766657777765
11122221312442131254213555463335446375544637577667777666
11111121333442133344253344425555542566752266677276667777
12333331222333122224411111546655554665774465577746667774
12223331442333144233511422256147775614475561677756666755
11122223122442311114235444443555556337655637766663777776
11222331112333141222314442335546667554467755466775566777
12222221212344111333413335541355554665757466777746666774
11111221131442333342253334225554462574466657777665577766
11111221333122145333244555324556632456666245767674477777
11222221111232411323543333354666775466677544667554477755
11122223311122333411235344425534644557664655766665777777
11112221131142333344255333425554442665477265577776666677
11222231222243114444351114435556643566663355566737777777
11222221111222131445563334556633455663344566744756777777
11222223144442311554231554423155466315576633777663777766
11112221314442133444213442223335666375566677555567777756
12222331221223111133341533674556667455556744566674447777
11233331224433124433512244451266645126555516666577777777
11111123441122344455234644523366652366655233655727777777
11122221312222331455531144553366455336445766644776677777
11112221132232133333214444324455456477555677755667776666
11122221311244131222433355546336544636655466655747777777
11222221122344111234415553345563344556637456663776677777
11222231224223144444311445531555533156663375676667777776
11122223311242333114235316423576644557666455776645577774
11111221122222133333243335564445556445565644766667777777
11222221111322114432544443356647335664735566673556777775
11222221133224115324415533341555334665574466677746667777
11222223124552312445531144563174456317475633777563776666
11222221223244113333415333441566664155667455667745577777
11112221112223144423355542335554443556643377766667777766
11222221122323111433355143365554366754466675544467777776
11111112222133224233352444335555436755446675746667777766
12223331223343152444315224431555646175564617576661777776
11222231112233114223314444435666443566677355567775556777
11111112231444223355422236542733654773365477776547666655
12222231124423114442311443331545336755566675557667777766
12222231222333111443315543361544466155546655774667777776
11222221223342113344411133445556347565634756666675577777
11122221133222133344213534441553446557646655766665777777
12344441233334123335412555541222554111256666666677777777
11111223113122333344235344225544442555666756667675677777
11111112222231244423524333356477335644777564677556666755
11222231122333112333341255664155566444556644757664777777
11111111222334222234455523445533364577736457776645776666
11111223311122433322243433254444655746666576676557777755
11122221111232133333245536324455666445577645577664477776
11222221111322141333244435334666535466755546675754677777
11222221113324115332415553245563334566644457666647777777
11111112233134223333422355442255544655657466667746677777
11122221113332113334253367425566742555674456667745677744
12222221233332114453311445531144553644755567777776666667
11122331222333114222311455334445555466575744667776666777
11111112213333224453322245332444555446777566667556667777
12223331112233412253341125534166655446655746665774477777
11222221123422133344415534441553466155366675537767777766
12222231222443111443315554331567443156774355677775666667
12233441223334123334412225541115554617775466667556667777
11122221122323144233311445336444553645555566666677777777
12222231222333113333411156445515644755564477756467777666
11112221122232142333314335534466557446665746655574677777
11122231122223144332311443335444466555556675775667777766
11122221333242133344211335426165547666544766554776557777
11223331222333144222314445531444555116667566677756677775
12223331142233144422314542631154463515666655557767777776
11222223112244331244435111443555646375566637557763777766
11112221312224131522433554443335564737556477775647766666
12222331122233112333411134445555444565554766677776666777
11111112122333222333344255364425566445566644557667777777
11122221333322111332214453364455666455666744577674557777
11222221111222311444533664553366445366744536777753677755
12223341223344112234411523441153364555666655767665777777
11111223311222433122243355664335556444556647757764777766
11112221112233441522344555236444533646655366675736777777
11122231142223114242351444435566643556677356677735567773
11112221333224133222411334445663644566667455567775557777
11111123331122344444233454223355422655577765577776666667
11233331222343112234351126445512664556666455677445777777
11233341222334122223415553341555554116777466667746667774
11111112213334222344455233345522634556664455776667777776
11112221112232142243354444365443336557773655577665777666
11222221112232441333341153334455555466655644766667777777
11111121334442133424253442225334627553666755667775566777
12222221112332411133344133534466555446757564675756667777
11233331222333124235612455561245666144555614777764477776
11111221113332433332244355524455552446656246666677777777
12223331442233142223314444351146555716655571766657777766
11122223312242331154233155446315574636577466655746677774
12222221123233143333514435551144655177466577446657777666
11222231122233112433351144435566443556664455566677777777
11222331422333144223314442531465555146557716665776667777
11222221132244113324511344453334465737666577776557766655
12234441123444122333412255341125633177566677555567777666
11111221333122134222533444253664445366747566777756677555
11222221111222131345563334456333445666445567774556677777
11122223111122334142233444443556747355677735667775556666
12222221122333133334513444451666445167645516766557777775
11111112222221333224453444445333664553766655576765777776
11111221333442113442253344225335426555546657766667777776
11122223311242331114233344425344466556666655777675557777
11122221122322111334455536445553664553366477736647777764
12222221111223113333341453634445666455566745556674777777
12233331222333124444312444561254556175555617777761776666
11111123331122443333245322224555556475756647776664477766
11122221111322445133244533324456737455673745667775566667
12222221213244111344451133645533364555536475666667777777
11111112334414223444422333452663355226675566677756777755
11234441123444112333412253341255355622555766667776667777
11112221331122133333244536224456666455777645557664457777
11222221122233114433315444631544663555466355577667777776
11122221311224333122435314445533444555666657777665777766
11222221334422133344213334451114455667775566777756666755
12222231142233144423314553331455556145666614577767777766
11111123313122333322243442554446255464655766665576777777
11111223114222314425233455523645755364577736447773666667
11122231444423114222314425531465553776665377765537776663
11111221312222133242453334445533444555677755666776666777
11111123314222531442253344425333442566666657776765557777
11223331122333122443312444441254556155555677776667777666
11111123133142333444253444225345226555552677666667777776
12223331242443124444312566431255633155666611555677777777
12222221123332143353614435361455556145666614577764477777
11223331422223142423314444531455553155665617766667777776
11222234111223411223341553364775336477555644755664777666
11233331222223114422351444335146666514467755666775557777
11111111222223444222354444335666463556666355577335777777
11112223311122341442234445263744566377756637555563777566
11122221333222133324411133445544446577776655777665557666
12222341111234112223415333345553444565547766577776666677
11222221223333124433315546631554467154466715466675577777
12222331112233142233314444531466555146557764655776667777
11122221122322144435514663551463335446335547666657777777
12222221113322133344413344541344556177756677755667755666
12333331222233111123451512245555544666654466777746677774
11111111222222332244433333445666344565664755576675577777
11111221333332114322244432567443256747555674755567776666
11111112213333244455326644532264753226475366647556777775
12222221233334123533411354441115444666555566677756677777
11111111222223444223344442334555536757533677755667776666
11111123314412333422233342225544466755546675755667777766
12222221133332113443251144335144666555446675557767777766
11111221122223412452344445534465533666553367665736777777
11111123441122345222634522663455556344566634757763377777
12222221122333144333511433551647755164475566447576666777
11222223122142311114533444453666445366665536775553777777
11122231111233441223344522334555553445666647567767777766
11112221131244133222433335246636544666654476775557777755
11111112223331442333542233554422555466666547676654777777
11112221342252134255213455551344456733446677336667777766
11112223411112344452234455523344552336755736677776666677
11112221122232114233344443534664353466775566777556677755
11122331222223112333311455634445666455556644576674777777
12222221133232111333314155536444455647445567777756666677
11233331122333142255314226551442665146665544466757777777
11112331412233144233314422356644225667455567777556667775
11122231122333114222314444434455563555666356667775677777
11111221333122443312244433254463525466655566777756677775
11111123331212333322245535524455552446666644466677777777
11123331222344155233415223341552664156667455666747777774
11223331112223411223341552334445566477566644755567777766
12222331442335142235514423351444635166665511666757777777
12222331122223111113344444534455553466775366677556667777
11123331122233412553641253364125556442556674446667777777
11111223134122313444233345423664552666455266677557777775
11122331122333144222314442531465553646775564677556667777
12222331123234122333411144345156444555666655767765777776
11112221122223114442355544435564643566667355667737777733
11122221112232411253344455634455663744556377775637776663
11111112222331244233325423635546663544667755467775546777
11123331112333112223322244445666477556644755664775556777
11122221133242155324415332441563344556374755667776666777
12222231224243144444314555531156533716655371766637777766
11111223114442331442235444263555226335566673556667777777
11223331122223111422341445534445533646555766665776677777
11223331112323141222354126635444463544766655776765557777
11111223311222333122233344556664555666445567744456777777
11122221112333141222354443335454443555566677566667777776
11112221111222333324235555443355444635544767777776666667
11112221112232412233344433334445666475555677755567777666
11233331223333112222211144456666645677444566745557777755
11222221122233144443315464431546633155673755667775566777
11222221112332415233341553534155553446677744467776666677
12222231144233511423351442335144436516666655567675777777
11222231223333122343314444451465555146665517776657777766
11111221222223114442354433335433666544766657777665555777
12222221233334123533411153441555444156674755667776666777
11122221322422134445513334451133445673777567776756666655
11122221312332133332211344445555466775544677556467777666
11222221332244133234511333456114445666745566775556677777
11111112221333222433352244335554466577744655574667777666
11112223312222331442433114443556644355666655576765777777
11223331222233111243516124356666435766644577744557777455
12233441223444123334412253341125666115556677755567777766
12222221113324151332415553341567734556673465677746667744
12233341223444123354412235541123554116657766655776667777
11111121331442333342253344225556427566642756664775567777
11222331112233451222345116634555563444566344757667777776
12222221213332111443354114335444436557666655777665577776
11112223311422331142233444423345455666555567777576666777
11112223112222331244435166443556644356666435555773777777
11122221312222331144433155546355444633555466666677777777
11122221312224331244435144463514766355576635557663777776
11222221123333142235314433551444555144666566667756777777
11111223334112334441233354225555442566546257666667777777
12222331423333142233514424551144455166655716677576667777
11111121333332143332244222254465555476655547766664777776
11111112133333222334322225446667554667755467775446677554
12333341233434122243412224441555677156667715566771556677
11222223121122311144433554443556644356666635776773557777
12222231111123144522314453334445336774556677755667775666
11111123122222314444233435426333544666557765555776667777
11111112223144223333452223445553344565774756677775666667
11122223111222334152533415553445565344766634477667777766
11111223331422351142235554223554444335546766666676777777
12222221212333111134355153446555344655734766674476667777
12222331233334125533412555541255444166777416776741666677
11111123331122333222433522645556664555677456667447777744
11122331222333112244311244335444666545667655576765577777
11111223344122344112234442253465555336665536666577777777
11122221314442131144233444526333752663775567777556666755
11122221111222313444233344443335554667755566675576667777
12222231223333124443314455361145556174565617456667777776
11222221223244133355413335541366654116765466677547777754
11111223113442313342233354226555472665447766554776665777
12233441122334111234412223441563347556667755566775566777
12233331222343124444312255431155544115556676666667777777
11222221111222311444433444543366555366557536666753777777
11111112313444233355423335442225544262555766677776666777
11222231223333122443311154431655547666544765557476667777
11111221113222333342253534425553444657777465567746666677
11111223133122333312243455224445555466666546777754667777
11112221333224133224413325441366544776655477765557776665
11112221331112333344256336425666642566774257777445555774
11122231442333144233514223351442655164665566665577777777
11222234111223455112344513234556333455666644567767777776
11223341112234151223455122345556334775634477566647777666
11222221132244133244411333445133564555556675777767776666
12333331224333124444412566641256564125556612755671777777
11111111233333223344325544442255464225666655566677777777
11222331112333111234352224435566444566447756666775557777
11111221132222133333245553324445667445567745566774666777
11112221122222113334453364445536664553376457777645577766
11122221122323111332344453334665555446775544677576666777
11111121312222334242235444443564777356667735656773555667
11222221122233411133341333554444445677555566777756666677
12222231111243151224315544435544633755463375666667777776
11111223144222314422231455553344565366456537666673777777
11111221311222333332233444424445555647575566777756666677
11112223111244313224433322445335644555566677556667777776
11111121344442134424233342225633372566777755666775555667
12222331224223144444314545331155533616657761655776667777
11123441222345122334512333451234445166667566667757777755
11122331442223142233314253351445555164457566666776677777
11111112231444223444423345662335566233755627775567777566
11122231442223144422311443331554336555776657777765576666
11111123333312344431234445524465552666552266657276777777
11222221113322131334213334445555554667755466777446666777
11111112222231224233564444356433335644555566667756777777
11222223112242331144533144456317445633777567777556666655
12233331223343112234415522541555554116664466667476777777
12333331222334125234415522441555664156666415767641777777
11111221132222133442233344443356646555564655576667777777
11222221322332133334415663441566664155556415757647777774
11222223111222313144433314445533644555567756666775667777
11122331411223441122344455234455623775566375576637777666
11111111222222223333433356443555664556666457777645777744
11122231444423144222314566231456673155677355667335567777
12222221111322133333413344441556444555667755567776666777
11222223112242311114433344443555554356675536677776666777
11111121333332144432244443324556222555666655577767777766
12334451223455123344512234451223345116675561667776667777
11122221122223144444311433335544673556667355677775566677
11111221333112334342253444625377462577446257777665555666
11112221112222134255533455653444665344766534776663377777
11122331422333142235314263551426655146666574446757777775
11122331122333112334351222465444446555466655776765777776
12222221333342113334211355441155564775566477566647777664
11122223142222314444531164453136645333765577776557776665
11112221112232414323244433334555553446555766677776666777
11222231112333144223311442335544666544666655776775557777
11112334411223441225344125534622533467555366777576666777
11111121313222433332245532264453766455576645757664477776
11111112222133242333344235534625555466657746665774467777
11222231124223115442311544335554463557746375776637776666
11222223111422331144233144443554555335556677777667776666
11112331411223441522344552234665523446653366675576777777
12233331123433112443451224445112246555776655776665777766
11123341122334122333412225341666544665554766555476777777
11123341122344111233455223345662234556666455667745777777
11111223331122334122534422553345555444657766467776666777
11111221311442333342256334725663472566647256644775555777
12333331222223144442311455231645555164477516777756666677
11112331122223114223344424335544463555666755666675777777
11111112223331222233324553534445556474556647476667777766
11222221111322133132453333445566444556777456666745567777
11223331222233124444312454431155463715556677775567776666
11122221113342511334255533426553342656774465677746667774
11112221311222133224453444445336646533666655557675777777
11112223111224333124433332245666674566677455677745555774
11111221133222313224233334445666644566764756577475555777
11222221113232141333214335354444555644667566667756777775
11111221222223145255314555334455333444666374766667777776
11222223111222344115533461553346665334476574477657777665
11111231414223144423344222335452336555566657777765777666
11222234112233441122341153334455366445566655566767777777
11233331123444112333411224442225664777556677555667775566
12222221111332411153244455334455663455776345777637776666
12222221133232413333341566774155677415566741556774445667
11233341122334122233411225341555564555666476666747777774
11112223111422335142233544423554644335666675556667777777
11222331222233144243511444356114435667753566775556667777
11111223341112334444253334425536472566677255677725566677
11112223311112334444234454423335552666655276666557777777
12222221133324511332455133345511444566774755667476666777
11122221133222113442413334443356644555566655577767777766
11112221313332133332214442256664455644477567777556667755
11112223131122333142235544243556444356646655766675777777
11123331222333124334412444451226545166655566667557777777
11111123311222334444234456423455622377566637755567777566
11222223124225314444531444553115556331775637777663776666
12222221234244133444411333451136555613657566667756777775
11111221222223114424356444435646633566677355567735577773
11112221331442133144233554426355442635577265577776666677
12222331222433152444315554431155433155647716667776666777
11222231142223144233314443331445666155566675755567777776
11233331122443111224355124435552243566774456677775666677
12222221211233111143355554336554443665574366677446677777
11123331122333142235314622551462655446667547766754477775
11111112223331242223344425334666553446555546666757777777
11111121331422533342255334426553422665744465577776666777
11111121333322134433255544325544442655566266666727777777
11122334111233411223345522234555553456666644677764777776
11112231222233112424351444435544663555666357777635777766
11233441223444123354412335461273556127775612755567776666
11111123444412344221233442223356777535676753567675556667
11111223114222314444234456223745666377565633755563777756
11111112334441234444423335552365555236577722667772666677
11112221112223415262344566634455663445563374556737777773
11111231112223444223344422334555533456555676666667777777
11112223112222331424433144456333445666777566675556777755
11112223112242331124233354446335554666665467776547777755
11222234122223415553341665374116537416653746655374467777
11111223111222333455263344526634552663445567744756677777
11112221313222133324215534445563447566344756666675577777
11111121133322455532244453324445362475536277566667777766
11111112221333233334422234442555444666555766655776677777
11111112333341223234452223345552444555646657766667777776
11111121333122443222243332554636775466677544677554667755
11122221322442132444413333441355366155766655577665777776
11122221112222113344433344445533346555556677566667777776
11111231141223554222355442235644433566643357666675777777
11112334111223445122344552334552236455773645776667777666
11111112213333222344325534662253446555446655774667777776
11111123333112344444233554423556472556677256677725666772
11111223141442314442233546223554626335666673555567777777
11112221312222431256643155564333566433557647775764447776
12222221223334111533411555341665734665573466577746677744
11111223311122344442233544423354662355576655577667777766
12222221113322111333413335446555554665574466677446677777
11111223331222333112435662243566664556644457774475557777
11122234152523415552341555234116623477766347776334477666
11111123331122343332234452264445266445556675557767777766
12233331223334122223411155641775564177556477556647766644
11222231111233451126345552634575263447556344776634777766
11111112122233222243355444335544443556666356667675777777
11112221122232113333245553334455566444566674457767777766
11222234122253411255344155534411553446777366667336667777
12222231222133111113344444434566633456766655576775557777
11222221123444122344411334556133455677337567777756666655
11111221333112332222243335554555565444466647666674777777
12222221332324113334411113345555544666555466667746777777
11222221113222111334455334445663774556337456677745566677
11111223144442311444235542223355662335666635556767777777
11222331142223114422314455331466553446665376665557777777
11222234122223411111344433335466367544666755667775555777
12333441233344123344512222451116245771665577666657777655
11111112333314233354422355542225664725556477766647777664
11122221333222111324451633475563347566644756664475557777
11112223114442311444233334425336622555766655777665577776
11222231124223114423311445536647533644753566675556677777
11111123311222333224435524443552464375546677556667777766
11111112222133244233544422354446335666663577665557777775
11111231445523145552314522234452623445666377766637777763
11222221112332141233344143335444466555576657557667777766
11112221341122134222533445553334445366774566677556667777
11233331122333122245311224551644455666445567664576777777
11222331122333112224314444431455553646675566667756777775
11222221132232413333341135664145566444556645557767777776
11223341222334123333412255541155554167775466767746666774
12222221111322441133344415534665553466555346666737777777
11111231222123144222344443335554433566666655767675577777
11122234112233441223344125334415553455556676666667777777
11111221344112333442235344223554452365555766677776666777
11112221333332111333244442225454446555777657777665576666
11112221222232111433344443554433365466666576655557777777
12233331222333142224314444451455555116656516666677777777
11112221331242113224533342453634445666774566677556777755
11222221111132445513245553324445536477533647773667776666
11111223112222331442533664253664455364445536665577777777
12233331222223144253314445631774566177456617745661775556
11112331142233114222355442635544263577446357777665577666
11222331222233111424314444431455563777556375556667777666
11222331122223112443311444335544463557666655767765577776
11112221113332441322244432556643335664777566477556677755
12222221112323413333341115534555555446666644476767777776
11111223411142344444233345526355522636552763657776667777
11122223311122331122433356643555664757566475756447777644
11222221332224133344411133345166664556664455776775557777
11112221311242133324233444425335446555566657777765777666
11222331222433112443311244331555444655577765566776666777
11111221333112333222234425553444445666645566767756777775
11233334123333412225541222564155556411665644476667777777
12233331233233122224411555541666544116655476665747777774
11111112333341222334422553342255554677557466777746666674
11122221311244131222433354443665447365557736655576667777
11222234111123444112345446234556623555763357776635777766
11122231222223144433311145334444535666655567777556667777
11111111233333422335342255554425655442266647766664777777
12222221112342133334411354441335544666655566777556677777
11222223112444311244431524543155555367777536676773366667
11122331222233111223345166334556667455566745577674444777
12333331234343122444412254461225566177566611755567777756
11122231412333144223311442356444235667775566777556667755
11112221222232113333451633445563774566677455667745567744
11111221333132143333254422225444666554466655577665777777
11111112222221233332455533345656634566664456744475777777
11112221112232142233344433554443355466677566677556677775
11111112222331233333422235446667544666754467675457777555
11122221112233141233354423365544366554666655446775777777
11222221123224133333411135346677544667755466755546677754
11222221112232114433351443335444636555466657577765777766
11222221223333124344315444331546477156666715567675556777
11112223331112433122244333256445555664755764477576666777
11122221112323142233314553334455666445577645577664777766
11222223122442315544431156443155646315566633357667777777
11111223112222341224434444453366555733666577376657777655
11122231112233412255341525334455553446666344677667777776
11111121341222334422534442253446555333677566667556677777
11111121134442533422253344425533422553666655666677777777
12222221344225133444513334551133445616775561667756667777
11112221311242132224453333345536664556644455677775667777
11122231411233142223314552336455553644775564467776666777
11222234122333412335341255534111555466675746677774466677
11122221132332133333211444425544647556467755666675567777
11111112213333422233542626354266635444655544766557777777
11122231111233122223455555346553334665444467777476666777
11222221111232415133244553334555563456666347777664477776
12222221123332111333311435564445556474556647775664777766
11122331411233441222345166234556623455567345666774577777
12222221211323111333344155334444555464555766677776666777
11122221133324113332451332245555554666574466677446677777
11112221332222133334215366441536664555644457766745577777
11122221311222331124433555443555564375766437777647766664
12222221111232141333514433354463555446666546667557777777
12222331242333144223314444431555555166657516777771666677
12222221213424111344415134445533336555663657776665777776
12222331224223111443351144435514433555666655666767777777
12233331223233112223411115546665554666754466775547777744
11111223331224333122435312246555554665754466677746677774
11112231141233144222355442635554263577466357746635777766
11222231111223144422314443335544536755553677576667777666
12223331222343112234411563341156644555666455776645777777
11112223331242311124433332245556644555664455776667777776
11111111233334223344452234465223446552777655776665577766
11111223333112343451234445223455522445566677566667777776
12222331224235124433511143556144335614455566666776777777
11111112123333222344425236442533644555566475576667777776
11111221333332134335216445526645552644455266747726677777
11222221332422134444413333451366645176665517665557777775
11222221111232413333241356334445666445566674555567777777
12222221234424113344411333541133654777765576666557776655
11112234111233415522344522234556633455567346666774677777
11112223331222334122533411553644455666644576667457777775
11222231122333114225311444536445553645575364667776667777
11112231112223122233344444435467733546677755567775556666
12222331222333124444311444331156477155667755667775556667
12222221333332111143211444356777435667744566774556667555
11123331122243122224311566437555643777564375556447776664
12223331242235124233514444351144635176666517666557777775
11111123311442344442234452223555552356666635676673777777
11111223113124333322435322445552664755564477566647777766
11122223122442315446231554663154446315556633757663777777
12222231223323111333311445556164455666644567644557777777
11233331122333112224312244451444455666555766557776667777
11112221113222133322433544443654744365577766655576665777
12222331212233111123314445364454536475555647576667777766
12222231211223111133344453334455556455765644776667777766
11112223131112333222243335664445556445566645576764777777
11112223111224331224453326445333644556666455576675777777
12233331244443122444312245531625553166577711655776666777
11122223112422311142534444453664665336665533767757777755
11122231412223141122344444334553336555566655766667777777
11111221333122143332244433224445555466677566767556677775
11222221112223111443354444635546663554663355766735777777
11111223311122433322544432254663355465555746666774677777
11111223311122333322453366245555624566664457767745777744
11111112222331224223344433334544666554776655776665557777
11112221333244132222413355441355554635564466666677777777
11111221312222331442233334556637445677774566674456677555
11112221122232112433344445334555553446755366677776666777
12223331222333124555312455531445566174444617777661777666
11112221122232114423344444335455663555566356666737777777
11122223312224331142433154443515544355556677666667777776
12222221133442133444213333451165445166555566665776777777
12222231112223411553344115334555533444656646666677777777
12222231121223111133344533364455556475775647776564477666
11111231114223444422355442336554223655777365577736666677
11111123314422331422233344423554462555776657776665577766
11222231122423144442314544331553336155666655577667777776
12222341123334112333411235541625554665554466667476777777
11233331222223144223311455531444455164775566677576666777
12222221111123444112355444635546463556666355777637777733
12222231144223114442311144435555633775566375576637777666
12222331122233412333341555554116565416666544466774777777
11222221333332114335214443521444555166457766655776667777
11111223344112344515233455526344552633452266666677777777
12223341222334123333412544441554666155666715667771557777
11112221222223144333315443431554443555556677777667776666
11223331123333122443411224441526664755556475755667777766
11112331222223111223344445534446533466655566665577777777
12222221213342111334413334441553644556666755666775577777
11122331411223441123345552234565233466577744655776666777
11112223312222311142534444453334545637755566777756666677
11122223114425314422531444253146655333677536667556677777
11122221314442131442213445253334555363775566777756666677
11111121122222333444235334423566447355664755567775666777
11122221111122334442533444253664455366555536677773667777
11111221344552134445213364523336452366645266765527777777
11122221311422131442233554463335446355546675577667777766
11112221311122433322245333664555366444555644777567777766
12223331222343122534311553441555444155647716666776667777
11112331122223142253314425334445536477756647755567776666
11112231112223441222344553334445553455566366666776777777
11111112222221324425534444453466655366766536777753337775
12333331222333112224451124445516664551664457766675577777
12333441253344125334412553441225566127556612777761777666
11111123331142335444235555423655542366644266767226777777
11122221112233112243344444435555643566667356676735577777
11122331212233122233311453664445556474565647556664777777
11112221331112443332254433625544362555466657547667777776
12222221123233111333341144534444655774665577666557777665
11111123334112334422235444223566442355667755666675577777
11112221133332133342215534226657444665777465555746667774
11111221133322133344255334425544422566646655766675777777
11222221111322144333214433356444355666477566777556677755
12222221111323144332315443331546666554677754466675557777
12233331123333112244411244546122554677775467767556666755
11112234111233444122354442335546223557666357777665577766
12222221111232411333344135364555536444556647757667777766
11111223411152344555233456623445662374556237466623777777
11223331122334112333411222445666447565674755567475566777
12222231242323144333311455531444455116666566677657777775
11111123344112355444233544223354226735552677576667777666
12233331122233111222311444534444455666665766555576777777
12333331222223122444311155436155544615755466777746666777
11112223141122314444234445223365555336666536676557777777
12222221113242113334413344451334465766666577766557777555
12222331232234123333411555541655444166556417666647777777
11112223311124533122453362245336644566667455556747777774
11111112222231233333324556632445666445556644755764777777
11111221131422333342235444223544466355666655777765577776
11112341512234152223415223345567734556673465677346667774
11122331112233122233314425534455555446566644666677777777
11223331122333122334516244451627455166744566674556777775
12222231112233114423314444331445636555566655766765777777
12223331212333111223314442551444456745555677776567776666
11223331222223111243311544435554643557664457776665777766
11111123122222312244533334553444445366677566677756677755
11123331222223111223344155334466555444667546666757777775
11112234441233441123344122334552236557777655576665777666
12222221232334113334411553341555564156666475666747777774
12222231224423111444351114335555433565747356677776666677
11111221314442331442235554223355462355646635766667777777
11122223111442315142233544423354466335666655556767777777
12222331422235144423514643351664355166437511666757777775
12333331222233144223514425551465557146775714667771466667
12233331222233111223311444554145555444556677766667777766
11222231111223441142344444235566633555663357576665777777
11222331422223144253314445531464533166755516677576667777
11111221222223144442314454335555433655577366677736666777
11111121122222344425233445553664455366647536766753377777
11123331222343122244315524331154446775466677555567777666
11111121133322433322244533264455526447555647777567776666
11111123141222334222233444553334455666745566777556667777
12222221111132144443214543335456333545666655577667777776
11111121313442533334255363425556642565674276667427777742
12222221112342133334413354441135564555566477577667777666
11111112222231444233344422534665553466775366677536777755
11222331223333124435312444551267445166774516777556666775
12222231242233144443314545531455553166656311766667777777
11111123314412344422233345526364522636455566667757777775
11112221222232111333344555534466553446655347666674777777
11111221334122134444233554426335422635555766665776677777
11111223311222433122244335554336655444466576666757777775
11122221122332112433315544335544443556647755666776667777
11112221311122334444233455423445552355566637777667777666
11122221112232141233344533534455356447555674776667777666
11122221222233111143356664335666433566544455557747777774
11111234112223415522346655234465523446653346665737777777
11111111222222332444433255443555544366557733666776667777
11112221311224331222433354443635444666555566775576677777
11223331122334122223411153345555444556664456676667777777
11222231224423112443311443331445355666555566665776777777
11111231212223122244344444536666453666555367757537777753
11112221312245133324513632456663245666344576744557777775
11123341122344112333412223445266344555666756667775557777
11112221111233442223354423365447366547736654577665557776
11111223114422331544236654723665472365547236554773665777
12223331212334111233415123445552444665555466677776667777
11111112122233222233455566345566334566773456774445677774
12222231224233144433314443531114555661675566667556777777
11111123444112334444235546623566662355566233557727777772
11222231112223141233344156334455663744566677455567777756
11122331112223144522314452336445553646775364675576667777
11111223133112333322234445224455566455766645576664777777
11122223111122344412233344453334455665555566777776666777
11111123334112334422253444225344626537766655776765557776
11233331122334112553412225341265554666654467765746777774
12223331122223111233344155364415556744555677446667777766
11112221313422133342213334256644445666545567755576677777
12233331222233124443312445551144565714666571777657776665
11111221331122333334255534426544472655477265547776666677
11111112344441233444422335552233655226366576666557777777
11112221131122433322243333554655555466577744677774466667
12223331142333144225314442531464257116555766665576677777
12223341222334123333412544441556664115576615557767777766
11111223333112433312243566624455662445776244576675557777
11111112133333244333524555552444565224666622477667777776
11111121133322443333244535224555522465777746577674666667
11222231124223111423314444334455533555666756666775677777
11112334122223411233344122354655535466655547666674777777
11111223114122344422234545253455555346666633376767777776
11122331222233112233314444431555544556777456667775666677
11111221132222413233244333554435555466666544667657777777
11111221134152333455234445523644552366465236666727777777
12222231222333144443314555331456666145676714567671557777
11222223111122333311233444445346464556666655577765577777
12222231244423111142356144435616743566673356677375555777
11223331122233122433412544341156444555666755667775667777
11111112222221233444523444553346455336655563677776667777
11111223341122334412253344425633472566647756566775556777
11122221333222113333241135564555556454666644477764777776
12223331233343123544412554441225466155576611577767777666
11111123333412344441233445223645552666652266555776777777
11111111223444223345423344552234555263775566377776666677
11111223311222431325243332554443655447666574776557777666
11222223122444311245433114543331554663555766667576677777
12233331123444122334412235441625554166755516777576666777
