11122221112222133344513664553367455366744536777456677745
11222231111223141224354444435554633576663357776665577776
11112231122223122443314444334455636775563677756667775556
11111221122222132444433335443665544366555736557776667777
11123331122333112243312244445626474566677455566775556777
11122221133342113444215334425553342665774765557776666677
11111111233333224435324444532466555246666522677657777775
11122331122233114223315423365544446574764657776665557776
11223331223343122234411523441155544555664675766667777776
11122231111123444222345423335544363554766655577767777666
11222223121452311145231444553334445363665576666657777777
11123331412335141233514423654422665742766574276557777665
11222231122323111132344443334546677554666755467675556777
11111221133332133322244355526445552644475566647776667777
11111121314442333442255334425533462577766255777625776666
12222221113324113342415334441553364775556475576667777666
11111121344452133445233444523365552736655277766627777662
11123331112333122243312524446552544655554766777476666777
11122221222333112435311443534445553467575546777776666667
11112223331112453331245553324555522446666646677774467777
11111234141123444422354422235555263755666375667637777763
11111123311222332222435556443355644377564477756647775666
12222231112233111233314444536445553664575566477576667777
11111223344122333412235541223544466356466755666775577777
12222331121223411123344515364555536445753644777767776666
12222231224423114444314455531155553165677366667736677773
11112221133222113334255533425553444657777465667446666777
11111123133122333222234452663455667445667745556674457777
11111121133332444433245444326555732666572265557726667777
12222221211324111333451333645536664557776455776645777644
12223331244433122444312254331665457166555716657571667777
11112221331222113324563332456364445666645576774457777755
11111112222133423333342355554266655426766544677754467777
11122221111222133444233445463374546337756677755667755566
11112331111233444422345442335542223566666756676775557777
11222221112324111234455533346555374665537466663746777774
12233331223333112222451444445114466551666655556767777777
11222221133222133333411156345555644775664475576647777664
11223331223334122223415566341155664155664455664477777777
11111112334441223544423355542355564233566627777762777666
11111111222222333244235333443566664555566457566747777774
11122223311224311122433334445553664555766455776647777766
11111221322222133344213444556334555663445566667576777777
11111221322124133222433355443555544366654466775776667777
11111221133332413222244355264433556444556677556667777776
12222221233332111334415433461544446155566655777665777776
12222331122243112444311546431554663555463357666675777777
11112221112222133334233444443355464775566677755667775566
11111123334112333444235544423555542666655276666727777772
12222221111123114562344456334555663455667344566737777773
11112221311222133324233344445366644555766455776665577777
11122221113322113332244333556444455667744566777556667775
11222221111132444153244555324555533466633746663776677777
12223331122333112223311444551446555444666577667657777765
11111121331422333442234444523465552376665277766557777665
11112221111322443332244433254644355666737567777756667555
12222331222234111113455613345567334556774455667446667777
11222223111122313442431344443335466777556677555667775566
12233331122443111243311224345526444555677756666675567777
11122223122224311555431154443365554366657436777743666777
11112221132242133324213344443355544555667756667775666777
11111221333322134322213432554444555666446577666657777775
11222234111233411122344456234455663455566375757637777766
12222221111232113333415333445556644575564457776647777666
11223331222234111223456113345666344566664755774475557777
11222231142233114233311423556644355664455766475576677777
12222231242333124435314463531446555164655716665771677777
11111223131122333332244536624457762455576645557664477776
11112221132242113244233333456663445766664577765457777555
12222221233342113344413354441135545166755566677576667777
11111112222123455222344555534666553444666374766337777773
11112221331242132224413333345554444556666756667675577777
11122221112232441143244444335555633775566375566637777766
11112221311122334422253344445366464533666655557765777777
11111123311222332222433554443665554366554466675746777777
12222231114233144422311455531444653666665376677537777755
11223341112344551233451123345222344556677456666775667777
11222334121223411152344155236445553664757366475736667777
12222231224423111443311444356164335666653576655557777777
11112221133332133444213342225554444566777755666775566677
12333441233334122553412225441265544166755516677771666777
11111123333112333422255342225444446547776655777765576666
11122221132224133324411355546333554666675467677546777754
11233331122223112423351244365154446555476675547667777766
11222331442223114242351444335116463566666355777675557777
11223441222344122333415233441556347156677715567775566667
12222231124323112433311443551445356447555677776567776666
11111112133334233334424444452226665226655576665557777777
12222221332442113344411335541633754167775466777556666755
11112234441233411123344422534667253667725366675556777755
12222331224433122443311444335111466555576655757667777766
11112221311442133334255333425544442556777256667775666677
12222221333242113444413334441355566155777615777665577666
12222231144423114422311144435555563756666375567637777763
11123331412233441122344412235467723546777755666675555667
11122221112223144244314444335556633575563377556667777766
12333331223233112224415255541555544116666466667747777774
11111221331222143332244433524647355664755566477756667775
11112223112242311444235554423565547366554736667773366777
11111112122333222223344444334556473555647755566776666777
11112223311124335122433552443355244665544766657776667777
11123441152344155234415223341562234556273356677776666777
11112221332222143332514433351445555446575764667776666777
11222221123332113343211334556666455666745577674457777445
12233331422333144235511422551146255144677564667756667777
11112221113322133322233345556644755664477566447556647777
11111123131222333222233344445444664555566657757665777776
11111112133333222343322564442256664775556475575647777664
11111121332222133244253326445533664577776457777645556664
11111112314444233444425336662536667253366725577772255577
11111231141523444452364555236445523667572367777236667723
11112221331224133124433522443355544666555467666576777777
12222221111322133333311344556644445664455566677756777775
12222231243233124333311444551144455166677566677556677775
11122223112242311244533144553666445366645537667553777777
12222221233324111133415553341665344665555466777746677774
12222221112332143335514333551466555144657744666774667777
12222331222233144443314444531666553111665576667557777775
11111223114222331442235664273566447355664735566473557777
11111231122223122442355444435555543666654366667737777773
11222231222333111233311455356644555666454566644477777777
11111231122223144222344555334655553466563347666674777777
11223331224443124444312554531255553126665316667776677777
11122221122232411133546333354637775466675544667554467775
12223331242223114243311444536144553616675566667557777775
11111112333331222343322244445526644555677455567776666777
11111234114123444422354222235455563555666377667637777763
11222231111233415122345552334555636447563644776664777776
12222221111322111334533334456663445667444567777756677555
11111112122333222233344233554445555644467566666756777777
11111112222213444423355542236554433655543366777776666777
11223341112234122233412533441553664555664477556667777776
11111221311222334422234444553446555336655763675776667777
11233331122343112244312224531664455666644566775557777775
11222231221223111143354444435544663577763355766665577776
11111221113222444322244533664455336545336655566677777777
11222221223332111143314444335454436555666655767765777776
12222221232333113334315544441655554166554416667776677777
11111112333331222223342425534446555444666566667757777775
11111221133332143333244422224455666445777655557665777766
11222341111234115223455522346553334657737465777746666674
12333331233344122255411255541225644175564417766667777766
11112221222233111323455333345566644557764457766645777764
11111111222222324455532444453336455366645736666573777777
11222221322244134444413554561355556133356617366667777777
11122221122322144533614453361455336444573675557667777766
12223341233344122233411123441156447555677756666775556677
11112221134222113442533344256333455666645566764557777777
11111121342222134552233445253346555344666537467667777776
11222221123344112234411533346553344655557465677776666777
11122223311122334411233344425344467566666756677775555577
11111112222134255533422555342553334666637466677746777744
11123331122433112244312224335554466554466675556667777777
11122221111222133424533344453444555366775536677756666777
11112221122222113333345563334456667445566745556674477777
11123331112333112234322255446255544665757466577746667774
12222221323342133334415535441655554165774416777771666667
11111121132222333332234453624455566447566644755567777776
12222331424223144442311114435551663577663355766665577777
12233331222343155244315522431155446715544671776667777666
11122221122232144433311455334445336774555677765567776666
11122221222333111234351533445555346557744677744667776666
11111121333142333334255664425666442555642257664725777777
11222234123333412353341225554111555466666544677774667777
11222231112333411253344125334462555466757546777754666677
11222231123233112333341255664155566444555647477764777766
11222221111332133332213445564345556444555674666667777777
11112221111223444222344445336466553666655367755537777773
11222221111223141423344444435555333556556376666667777777
11122221222332111333314335564455556444565647476667777776
11222221111223113323344433354666655447666544765557777775
11222221111223441132344433334544663555576655757667777766
11123331222233111243315524436652444665544766755576677777
12334441234455123444512336651233665122266517766551777777
11111112223331224443526443352664355264435566665577777777
11112223311222311324433332456444445666677567777556677555
11111223144122344412233344253634725663777566775556667755
12222331242333144235511423351444665116465576666757777775
11111231141223444422344422235555563757566375776637776663
11111121122222344442533664253666455367644536777753377755
11112231122223114442344454234555333555663657766667777776
11111112123334222344425333462534446255555677776567777666
11222221223244113334411553441555334657537465777776666667
12233441122334112335412233541126554666665467755546777777
12222331122333112234415663341556664155676455567447777774
11122221122223411533344153664455366455536647753664777777
12223331112233111223314452634445666455555644757667777776
11111223114222314444233444523367552336755566677756667775
11111112223341225534425533442253334655564466666677777777
11222221223333112443311145534444553465555676666667777777
11123341112344152233415222345566234555663456666747777777
11222331111223112223344555334556553445677744466776666777
11123331122234122223415533341566644755666475557647777764
12234441233445122334511223451623345166665516776657777775
11112221113222133324433552543355554677775466767746666744
11111123331122343322244533264755526477556644775564777666
11223331122223111122344444335446463557666655777665557777
12222331122234115253415555341665334176534477666647777764
11111223112222314422533445553446655344666537766653777777
12222331112333122244311154336655444666545467655576777777
11123331142223114422314422334455563455566655777667777766
12222221333242113354411355541136654773655477765447776666
11111112213333222233345523664552666445576645577674447777
11111123142222314224234444453336655377666537766557777655
11111123144442315554236544423655552366772233677723666777
11111223331122343122234444423555546355654677566667777776
12333331222234152233415524441155544115657466667776667777
11112331111223452223345223364555536477566644756664477777
11222221333222113333311145554444445666645566777556677777
12333331222223144423314452551445556114755671776667777666
12222221123442113334411333445166374555677456666775556777
11222221223244133344413536741356674135677415566775556677
12223331222233112443311144435514446566666655555677777777
12222221111122344156633415563444456347755633775563777766
11123331222223112442351146335444663555446657556667777777
12222331124443122433311244431154663555566655566767777777
12333341234444123334412555641255667125567712566771266777
11111112222213422333345233364555566457556647777664447776
11112331441233444123354412235466623556762755677275566777
11122221312242331114233344443536644555666655667775577777
11112331441223444112345555234665523465522366666737777777
11111121133322443533244353224455526445762675576667777766
11233341122334112333412255541225664555564466666747777777
12333441223344122233411223441555546175566617556667777776
12222221111232111333455634445563374556377455677746666774
11112234411233411223342223334455666455666645777675557777
11222331224223111442314444531665453665555366675736777777
11112223331442311142233554223665444366555476666557777777
11111221333222133224513442453344445677777566677756666555
11222221123322113344451334645133664556666457777645557777
12222221123442133354416355441633554163665416667557777777
11233331122333112223411225445555554666574466677446677777
11112221314422131442233444253647555366777536677553666775
11111221334112333442234442253644275366777566677556677555
11222221333342135354213555421355546117744677774467766666
11222221112333142233314443551445355646555764667776667777
11111221344222134444213344223335555635577566677756666777
11111112221333224444322554432555433556743765677776666677
12222221111232411333541433554443355446655577766667777766
12222221233324111354411635446163554666335467655547777777
11112231422223144242315444431555563557576377777637666663
12223331233334123444412225441116554661655566667557777777
11122221122322111333345536774533677455567744556674446667
11123331422333142225314255531424655144465766666576777777
12222331123334122234411553641555364177566477556647777664
11233331124343112444312224531224455666666567655557777777
12333331223334122244412255541555644155664716666671777777
11222334122223411562341156634155633445566345576674777777
11222221111222331144433344543634554663555576666657777777
11122221222233133333415553441555446155446677774667777666
12222221333422134444513344451633655166665516777751677775
11112221132242113234255333446555334675557467777746666674
12222221111112344156233445663444556345555633777663777776
11111112222331222233344433354466555746666574466557777775
11122221333222113334251134445553664566666457777645577774
12333331222233111223411125445555544665754467777746666677
11223331112233112223314245534444555645557764666776667777
11222221333322113333211144454444645776666577766657775555
11122223114222314425531145553334455336644566667776677777
11222221123442112344411333345336644555677755566775666777
11112223331222343112244351664335566444455677775567777566
11111223131422333142233444423546642555666657776675557777
11111234155523415522341552334452233446277346666776667777
12222221333244111324413333441155554555566477777667776666
11222221111322141432544443354643335667773566677556677755
11111112222221223333344355534445653466665547766654777777
12222221112233114533314455531455563744566374477667777666
11112221111232444423245555324455333647557366777736666677
11222231111223114423344442356477735646733566675556677755
11111111233333222345362244536622455667445567744556677777
11112223311112334444233454223445552366655566675776677777
11122231122333112223314445334444555645555766666676777777
11222231444223114223314444331155533666555566667576777777
12222221112332441333344113354416555476656547666657777775
11111123333112443333244444526666452777655276665527777552
11111121331222334222533442553644555364557766447776666777
11122231222323111233314444435555543566674756677475666777
11111112212233422233342555534456553445666374466667777777
11223331112333451222345112234566666455666744577774455777
11111112133334255344425333462555446277564622756662777776
11222331122333111233314425554442665477766544776557776665
11111223312222311242433444443555466337566677755667777556
11112231122223411442344444235555633577566377756637775666
11112231122233144222314553334465553466577746655774666777
11112221331222333122433314445555544665755466777746666777
11122223311244311124433522443355446375555677775667776666
11111121344222133425233442523346555734656577466657777766
11122231222443111224314444435556663555666375567637777773
11111123331412353644235664423564442356622255766775577777
11222231222333112433311444431546666554677655477665557777
12233331422223144255311425531446753146675514677756666777
12222221133342133444211334451134465777776577666657665555
11111221333332134453213445226445522646755564677576667777
11122331111223415522344455234666523466557346775734667777
11222221112223144433314455531645533664455367777576666777
11122223111242313144233334523666455667745566744556777775
12222221111122113444455334645533466533746655376665777777
11122231112433122244315524435544463555766357776637777666
11111112222221344425533342553634557364455736477776666677
11122331122233144223315423361544466554466655577665777777
11122221111322441332244533334455553466665546767576677777
11222231221223111143355544335654733566477756644475666777
11112331112233144522344452236455523644557366665776677777
11222234112223415253341555534115533466666346766774477777
12222221111223441113354446335474663547776357777635555666
11222223111222314444531446453174665337766537776553776655
11122221132222113334415333345556444556644756677775666777
12222221132332143333314444441555466115766655577765777766
11111121333312332222243355524467755466777544666754466775
11222231223333124444312445431646553166655516667557777777
11122234411233451222345112534555553444663376666667777777
11223331112334112233415522345552444555446666666677777777
12222221123324111133455133345566634555766457776647777644
11112221134222113452233345553634557663455766447776664777
11122334411223411123344442234556623556667355677775566777
12222231124433112443311244435166473556667355567775566777
11222221133422113345261334556133455666644566744757777775
11122221312422331442531144453334455663555566777776666777
11122221133224133332415533241555444656547466657776667777
11222221223333112343311134445555664557564457776467777666
11111221112223442253344255534555633445666374666637777777
12222221213444121333411135345555534567573466777746666677
11112221311122333322234445553645557364445766647576667777
11122331122333112435512243556244375644477566477556666777
11111221133322133222453332445555444655674765667476667777
12222231212423111144315444435554533665553376666667777777
12223331112243122244311144335556437555647756564776666777
11122221311222133334215553445553344665577466777446666777
12223331122233144233514423551144455164775566667576667777
11111123331422333142233444225554626575466657547665777776
11111111222334223333422344445235446555566657756667777776
12222221212334111133451333445553644556666455667647777777
11122221344422133342213344451366455136675566667757777755
11122221113322441133243333524444455666655566777756677775
11111221344122334412234442253645555366675536667753677777
11111112233313224433322244435526644566674756667775555777
11111111233334223544423354642235464722566677555567777766
11223331222344112533412253341155664777566477556447775666
12222331122233111233311455534445566477555647776664477766
11122234152223415223341555534167533416753746677774466667
11112221113222441352244335554333355446665574776667777766
11123334412323441232341122234415666455556655777765777766
11111221131224333324433532445556224555667456667746677777
11111221112222332244433555543555654336666473666447777777
11223331122223111233341525534555566445777644777664477666
11122221122324111233455633345666344566634455767475577777
12222221133224133335413355541655774166574416657446667777
11111221311442333354235555423365442666554266667427777777
11222331123234122333411234441566644555667456667775557777
11112221112223145522364455536444553646453366673376777777
11222221113222113333341435354444555664475566777756666777
12222221121323111133344453356445535647755564477776666677
12222341222234153333415563341556644155564411666677777777
12222221223333144355311446531746653174665517446657777765
11222231112233441233341123534444556745555677766567777666
11122221311224333124433512543655554365757466677746667774
11122231222333122444311145436644553664655376665557777777
11111112222231242233344444435555463755566375766637777766
12333331223334112444412222441556774155677715666775556667
11112223114422331422234145553444555333666577667657777766
11111123311422333342233444225444626555566655566767777777
11111121133322443566243356224335622455566745576674477777
11122221133322133334211344425554666554467655547767777766
11112221331112443552244355224435555443667763367776666777
12333331222323144222314455551144445611665566667756777777
12333331222334155223415552241556744115677461667746667774
11122221122324113332413344445336447566666756557675557777
11112221122232144453216455336644533664755366475536777777
11112223141122344145234444523335552633575766677576666777
12222221112123441113344333354446535466655577666657777775
11122231144423144422311445236777523677755366775336666555
11112221122232411333245555334565537446653746666774467777
12223331242335124233512463551446655147665514776661477777
12223331112333111222341445234444555466667566677756777755
11223331112223412252341675534167753446675344667554667775
12333341223344122344412535461255546127555611777667777666
11111221333112334333244444225446622555666657556765777777
12233331123334122234412255541155564175566477666647777764
11112221111222333322455533346655534655444466677746677777
11112334122223411125344662534446253466655366777537777755
11111123331212343322234435524445552446577766655776666777
11111112333331234355523444452446455266655722666672777777
11222221112332451113245553334453366445566644757667777776
11112221111332444333245536624553362455666245576674777777
11122221113322133332214353664455556455566644476674777777
11111111223333224433324445532244655724766577776657766655
11111221311422334442533644253366425377642577765557776665
11111221341222334124235444423545556355576637777763776666
11111223122224311522436555443655554366664436767473377777
11122221133242513224451366645136774553674453367745566777
12223331223334122334415254461555446155564611776667777776
12222331224243125444311544336155453611555366777776666777
11112331144233114423354442235466623566672256567775557777
11111121133322444433256443325644322566677255667775556777
12222231244433124453312445331664553166557716675571667777
12233331222343112234311124441556644556666455776675577777
12222221223334111334411133345566664556674455667745577777
12223331122233112243511444351664535666455567644756777777
11111231444223114423355442235546223555666357666637777777
12222221112233114443311454334445636555563657756667777776
12222221111223143333314356631455566447556644755664777777
12223341112334112234415523341562344556664755676775667777
11111121331322433332243552224456667455676744567674556777
11222221223332111343311444435554663554466675557667777776
11111221312224331522433556243555664355664437776647777764
11111112213333222233342255354446555444655764667776667777
11122221112333412233541233554463775466675546677754466775
11122221111322144332254433365544336555466657547767777766
11111123113442333344235354426555442655572267777726666677
12222341122234113233411333445166644555666455667775577777
11123331412335441223541123354222675466667546777754667755
12222221112332141333544113654443365746666574776557777655
11111111222233424223344423356447355647735567777756666655
11123331222223112243311544335555444565774766567476666777
11112223312222311444235154463555446355574637777763776666
11112221134242513444251343425333342555677755666676667777
11111221332222133422513346653344655777466577746657744655
11111121334442133424233442225346662536667755576675557777
11122231222333112333311244456444455677477566777556666755
12223331242223124444315544431155663155576315777667777666
11111111222334552233455522345666234567733456777446667774
11122223111122345512634455263344556374556637446663777777
12222221212333111143355514436655543675574367777446666774
11112221133222113332233344445555446557546657774667777666
11122221313224133324413552641335664777556475556647777664
11112221312222133334213344445536664566664456777775555777
12222231124333122443314445331445555166657516665776677777
11111123331222343125234345526434552644455566666776777777
11222331122243111244351524435554443556666357777637777666
11122221222233111443314444335446663556666357777675555777
11112231222243122444315664331556443555643357566667777777
11111123141222334552233455223344555344657764667776666777
12222231233333122344311144441156664755556475556667777776
11122221312242134444213445551334566337556637775667777566
11222231112223144233311455367445336774555677445567776666
11122221122333112333415263345556444566666455776745777774
11122331122233111223345552334565677456567745666674444777
11112234412233411223341522634556663455566345766774577777
11111121134422333442235544423566642355566235577667777776
12222221232444153334615534461553346157734615766661577777
12233331233433122445511244551226445166647516677756677775
11111121332222133333245555324444552446775546667776666777
11111221333332134432214443225554426575466657566765777776
11112223112222311324433334445553664555766457577647777666
11112221344242133444211355423333542666755566775576667777
11223331223343123344412224441155554616755766675576667777
11111123133212333322244344225444666555467755666675577777
11122221222233111333455133345566664556766455677447777744
11111121322222133444233546423554647356466735666775557777
11222221344242133444213344551333555116677566677756667775
11111121133332453222245333624555562457766645777764447766
12222221111112133334253553445553344656677465677746667774
12222331442223144233311444335116477551666756666775555777
12233451233345122334511234456122445617745561677576666777
12222221112332141113344444435564663576666357777635555777
11111123331212333322243555264455526445566674446667777777
11222231224443152444315243331554336156666615677675577777
11123331222333122234412563441556444155666455667675777777
12333331233444123444512664651226465122666517755551777777
11122221311222133124453333345666674556677455677745567744
11111123114522334455233455226344527633452766645776667777
12222221111223441155346615534655553466777344677334667773
11111221133222413332244353624735566475555647777564477666
11122331111233412222344253334455556455566644666767777777
11111112222313222433325544336657443665774466557746655777
11222331123333112244311224536664455666744567677457777555
11122221111223441442354444235556633575563357776367777666
11111123331212443322244433325544662555466675557667777776
11222223124422311144433115643355564377556437755667777666
11222221123242113334451133345555534665566476666747777774
11222234111223411123345552334465533446655764675776667777
11111121333312433332244555524446522466655246775776667777
11223331223333122224314444451166455616545766655576777777
11122231222233112443351443335144666557447655777765577666
11112221113322133332243355264455666447556647755664477777
11112221312224131252433555443555664337566473776447777666
11112331112223142243354224335444436555566655777667777766
11122221312224131234413333456777345666744566675456777555
12222221111332144113244433335544463556666655677765577777
11222341222234123333411133445155664555666475577647777766
11222331123333112223341526664156667455576744557674445777
12222221333332113344211355446155444615555466667776677777
11233331223344152233415244441526466152666615555767777777
11111221311222333324233554426354444655547765577776666677
11122221111222133332344553334445666455567645776764577776
11111223134112333422233544426355542665574466557776667777
11111123311222344442233542263554666354466635577765577777
11233334122233412522341255534166555416665741667774467777
11222221113242111334233335443555546775444677556667777666
12222331242233124433311144351164445666655567766557777775
11222223112224311155433155543666554336654473766647777774
12333341233444122345412234541122655716665571666657777775
11122223111112333332243553524455555444466746666776677777
11122231122333122435512443351664355666445566447576777777
12222231112333111233344123554555555446677744467776666677
11111123311422335444235544223355462355546277777667776666
11111123414122344444234555523555662356662233766673777777
11111112222213224333324456374455637455563745566774666777
11111121313222333322243532564555556457766647777764444766
11122231112233144523314452234455663477566347555667777766
11122331122333411223541623354662555446665547766754477777
11111121312222333222455344445333644577766457776665557766
11112221334222113444213344423356466355666755566775577777
11111123112222322244433354443555466375546637556667777776
12222231112223114444314445631455563555766377576637777663
11222221113242551324451133345633744563777456667745566677
12222331223333123344512444551146455114655577766667777766
11111123311332433335244445524664552466675266677527777752
11223331222223124444311455331145536774566677455667777566
11122221134442153442215346621534466553666655333775777777
11122221112223114442355433335544633544666655567667777777
12222231422423144443314453331115663155576655577767777666
11112334411223441122344522334456233555667756666675577777
11111121341222334225533442253444555334665766667576677777
12222231223333112453311145536144457666455766445576677777
11111121331442333445233445523445562765556276666627777772
11111112133333222223324425356444555664455566647776677777
12333331222433112544311254441225546177754677555667776666
12222231212323111333311434556644455667444566777756677755
11233331122223114423314422531446655774465577776657766655
11112221133222411333245555324666533466555744666774477777
11122223114422314455231445523164455366675736667573367777
11111111233344223234452223445552334655777465566776666777
11112221133222143223514333356447775644447566777756666555
11222221111222311333433335546665544655554467777446667777
12222221123234111333451534445153644555364675776667777766
11112221132242133244413324445533346577777655776665557666
12222221233333124343514444351114455166775566777556666777
12222331244233122433511444356144535616755561677756667777
11122331111233144222344522334555563455756647777764776666
11122221112233141223344455334445533455556677776667777666
11122221112332411233244433334445555664556576666657777777
11111221131222333333234455224446577466657746655774665577
11222223144222314445531144563114556337555637777763776666
11222231112333415233641522364155536447755644475667777766
12333331224333124444412245551224555111655677666667777776
11112331121223142222344433335446677544667755566775556677
11111112233331244443322244532264453666665567777756777555
11111111233344223444423345542335566277566627555662777776
11111221334422134444213445223336552636665566677557777775
11223331222333112223314444441545554155565677666667777776
12223331122333122234311156447155664775566477756447755664
11111221133122443222243335564443566447355677755667777566
12222221112233114445361455536144533644553366657776677777
11222341222334115223411553341655534666553466677446777777
11223334112223441122345112334556663445766645577665577777
11222334111223441223341123334455556455665647566667777777
11112221311244333122433352243555444665547765567776666777
12222231223333121334311114445564444556677756667775556677
11112221133242113354263355426335442655544466657776677777
11111121314422534444253433425333662577776257777625556666
11222234111233411522341555234655533466657346666774477777
11111221332112433222244335554433566455556644666677777777
12222221133322133334415364441566644156664715567775557777
11222221333324155532415333241556644156666415667447777777
12222221333332113443211114345666444566647755667775555777
12222231222333111133415133546555554656774466667746777744
11223331422223144422314543331455666145667615566775577777
11222231222233114555311444531445553646657364677736667777
11112221112223142253344555334555333456666647777764477766
11222331224433122433312544631554466115546675556667777777
11112221311222334152233445553346665344676544667657777775
11222223111242331444231144553666445366755536677753677775
11122221333222133333214444451644545166655566677756777775
12222221111123144312344333334566666455555645777564777776
11122221132442113245513324556337455663744566377456667777
12333341223334112344415226641522764155576415557667777766
12333331222433122245311124556114455666477566644756777775
11222231112233415522341555534165533446666344766674777777
11122331112233112244352244335554443556664675576667777776
11111123141222344444233342223334555666677566677556777755
12233331223443112344311224441552466157766655777765557766
11122221113322114352544435254463555466377546637776663777
12333331223334122225411162546116654666655477775447777554
11122223111222331142533444553366455366744566674556777777
11122221111222134444233333443555344556666655676765777777
11111223112222313244433324453634445666666567777557777555
12233331122223411122341415534445553446665566676657777777
11222231124423111542351554235555443666644367667336777777
12222221123324111333415333441555644555664475766667777776
11111121132222333242235354443555464356666455777647777766
11122231442223144423314452361475536177553677556367775666
11112221132242113244433325443635547663554766555776667777
12222221211123111333344444354666335466555546665577777777
11112221333222113332415553246665354667555467777746677444
12222221123323111133344145334444555466665566766557777777
11122223112222331444433145553314445366666576667557777775
12233341223544112354411235546123554612357466675776667777
11122221112322441132544333554333655466667546676754777775
11222234111123411222344433335543666554466675555667777777
11111223415122341552234455623344562337456637745667777766
11222221112332141333214335364445566455556644577767777766
12222331112333122234315556431575644157666455766647777744
11222231223323124533314453661455556145756614777764477766
11111112222221233344523344553366455636445566664577777777
11112221322224133332415533441566364556666457767745577774
11111223312222431125543332554443665477376547777654766665
12222221133322113333341115554444445666645567766756777775
11112221331422153344215533425555342665734466777476666777
12222221223333144434314144431115553666655576666757777775
11111112222231242333324444356666435677443567777556677555
11111223111222333333244445324466552447665577776657776655
11112234112233441122344452235445633555563657766667777776
11111121132222443222543335554336655437665547776664477776
11111121333222133422533645253664525666455576644447777777
11111234122223411222344445534465553766665377766537777653
11111123144152364445236447523647752367755236677523366752
12222231122423111445361144536644453677755367775536667753
11222231122223111143344444435554333665555766666576777777
11222223111112314555233445523344556344756637476667777766
11222221223333112443511143356644435644775566777756667755
11111231211223422223345555534566533446653744666674777777
11111112233144233344422355442335554266655726677576667777
11222221123444112344413233441333555665555766675776667777
11112223311242331124453332645377264555766455576647777664
12222221123234511333455113445661344556734755677476666777
11111221333222134325213432556345555664447566447776667777
11112221122222113334433353346555544666655467675446777777
11111112231334223334452343465224446527666657777765555776
11111231441223142225344252534665553467575346777336666777
11122221132224153362415366441536644553667453376745577777
11111121341222334422234444423555556355566633766667777777
11112221131442313342233334225544446555766657577665777766
12333341233344122324411222451167745616754566675556677775
11222223111124311322433335446653547665554765574476667777
11222221111322143333214443554444335666655567777756667775
12222331212233111233415563441556344556666455767647777774
11111221333122133342253534425556442566664456777745667777
11112221131142553334265334426533442655574265777476666777
11111221122222313344233344553344445666677566777756677555
11111223344112334412233344223555442555556677777667776666
11111221333122444312544432256443255663377566677756677755
11111123444112334444233345223355522555677265666776667777
11222331222333111243351124435554466555446657774667777766
11222331122334155234411523341552344665554766667476677777
11112221331222333112233455553444465447666547766657777765
11111123442112344222234444253366655337666573766557777755
11233331222223111423314442531664455766645576664557777775
11111112222213224333324455534455563444556377766667777766
11111123334412355541235544423544222356626635666677777777
11222221222333114443351144335514443555666657576667777776
11122223311112331444253333425554442555664657776667777766
12222231123223113333341115554455556477577647777664446666
12222221233342115634415563341566734156673415677745567774
12222221112323415533341553334115556447566644766664777777
11111221311222332224433334445553554665557466666746777777
11112221331222133124433552443555444356646655766667777777
12222331422333144223315444431566647155677711566775556677
11222334111233411223341425334442555455556766666676777777
12222331122443122443315546631544663157476315777665557776
12222221111132414133244443554663355466335576666757777775
11112221331242113324433332445555244655577465677776666677
11111221133142333444233344225544662556666255567675777777
11222221123223144333311443536144455666747566677756777555
12222331212334111223415133345566744566677455667445567777
12333331222233111223411442441564447556777755666675556677
11222231222333112433311444435155546555644657766667777776
11112223111222314442233445553334555636445766666576777777
11111221331222133324253344425366744566777456666745555777
11111121122222344442233344556633445666337566777756777555
11111112222221234442533344453666745366674536767553777755
12222221123323144433314444331455555115655677666667777776
12233331222333121243511124451444455667745566777756666775
11122223111112334442234444423555666357555635766663777777
11111223111224333522463355246335524666555467774446677777
11112221333242133324411532246653444665545766755576677777
11111112314444233544423355542355666235566723766672277777
11112231222233124424314444431566633555566355756667777777
11112331411223444122344222334555336475555677775667776666
11223331122333122223314444441155664555776457776665577766
12223331222223114453311445331446555146666574777657777665
11233331123333142255514222251444555144465766666676777777
11122221322242133334411133456666345667744567775456777555
11222231224423124444315647331564733156677315567775556667
11111111222223442223344556337445663744566377755637775566
11111121333332134453244445324645552667755266775226667777
11112221311242134444233354226355447636557763657776665577
11222221133324133332415553241154444655577465777776666667
11123331412233141233314222564472556477756647555564777666
11222331111233112223344425334444566455556677755667777766
11222223111224315552431565543166544366654736764473377777
11222221223234113333411153345555554566777466674446667777
11234441223454122345412334551223335167777516777756666665
11112221112223441232344433334453666545767655577765577766
11111123442112344222233444423555555336777536667756666777
11122331222233112244311554336655473655547765644476667777
11112221113222313342233344556634445664477566677756777555
12333331233344122244412526471255647155564715666671567777
11111223411222341552234445263474556377455637776563377666
11111123444412343441233334523655552765655276666627777772
11111112222221342425534444453667745336777536667753366755
11222221111112333334233544423556644555664455666677777777
12222331243333124433512466551244665114776571476657777655
11222231112223144425311445534445553666675366677536777773
11112221131422513342255334625334466553446657747665777776
12222221111132141333244433334545666455566647555767777776
11122221122232133333311444435544647555467755566776666777
11122221122232144533314453331445366447566677755567777566
11122231222333124235314445531445563147756674775567776666
11223331122233142422314444331154466755556677575567777666
11111121313342533334255534425566642556744266677426777772
11112231111233422222345667334556773455667344556774456677
11111112314444233344423533642553766225776622577665557776
11111123311442333544266355426335742665574266557426777772
11112221122232112333344435534463555466757544677756666777
12222231221243111144315544335564443556666375577637777766
11111221333342133344215344625544762554776255777625776666
11233331224333112444312254441255554125665577666667777776
11222341122334112233451126345566634755663475556647777774
12222331123333112344311224451666455667445566774556777775
12222221223334155533415553341165534166664416667747777774
11112221134222513424251344445533346553376655777667777666
12233331222333112223451111445566774556677455677745666744
11233331122344111234412223445562347566664756667775555777
11111221331222134225233445553446755334677564467756666777
11222331122433111244351224335564443556664756677775566777
11122231111233441223344223354444535666655566767756777775
11122221133322144432214443331544366755555677576567777666
11233331123344112233451224445162447556267755666675567777
11111221332222134552213455663344566374456637445567777776
11111221133222133333243555624555662454576644447667777776
11111221334422134422213344253364455366655566765576777777
11122221112232144233514333556443555644357566477776666777
11122221122322114433315544335556437556643765644776667777
12222331242233124445314464531166453166555317666557777777
11112223311242351154235555423565442336644736667476677777
11122221113222131344233334445534464566666755676775557777
11111112233144223444522366452236645333674576667557777755
12222221122333111134314444434455533666655566766557777777
11111221312122333222455336645533664577764455576647777644
12222221111322114433314455336444533645555566666776777777
11222231111233141222344445336444533655555765777776666677
12222221232334113334411113345566664566764455776745557777
11111123331412334444235564223356442555666255667627777777
11111112222221233244455334465333446557374655777765776666
11111123313312333322245556624556662455676245777674444777
11111121322222133333244443324554466557466657776765557776
12223331224333122443312444441555666175555617775661777766
11122221311224135122433556643335664355564475666747777774
11112223341112344412235444263554626355766635776763557777
11111111222222333422533345556334557644455764647776666777
11111223111222333324435352243555554666675466667447777774
12333331222433112444312224551114445666665576667557777775
11111121122222333224433344443534466555777655777665577666
11222231124223144442314564331156437555673755667375666777
12222231112323144233314444431455553166665566767756777775
11222221112232144333314444351464335666665577665557777775
11222331112443152244315522431555443665543376666667777777
11111111222233444222354423335443366546666657777765555777
11111221133122333444235442223554666354467655666775577777
11111112333341234444523334552226445272665577766657777665
11222231442333142223314455351144535616455566666677777777
11112331411233144222344552234665233446555566657776677777
11111223333122443112244335624453562445556677575667777766
12222221213332111344415533341555344556777465666746667777
11223441222354122335412335541635544163554716666776677777
11111221132224513222453333445553664575364457776647777666
11112221131124333332455332245567244566744456677775566677
11111231222223112245366444536644553644557366557736777773
12333441225334125533412253541225554166674416667771667777
11222223111122333311233444453644445666655567667757777755
12222221112324133334413544461355446137555677775567776666
11122221134422113342251334445333446557766655577665777766
11111112222133222433324444334455536455755677776567776666
11111223411222344122234555553444555346667736666673377777
11111221333112333422235542423554444556477755666676667777
11111121333142553444255344425534622753362275776667777666
11111223331222331144233355425555542666654467667746777774
12223331124333112455311245531224655777465677746567744666
11122221314242131444233144423355666733555677775667775566
12222221112332411135541333654336665446655544665774777777
11222331442233142233514423351446655146655516675776677777
11122221333324113322411332546777554666755466675546777544
11111112212333422223344425334445553455565677766667777766
12222221211323111333314453664445366744556677475667777555
11233331122233112243315224441556774556677455567446666777
11222231122223114455314445631745563774556377465637776663
11112223131242313124233344423566644557766455776665557777
11112223111222333142233334445566644555677456666745577777
11222331112234152233415233341564444556777455667775666677
11111112213333222224356624435564443566477355647775566777
11233331124343112444351224435152466555226677557667777766
11112331111223442225346225534665553466575344677734667777
12222331123334122334411253541165554666554467665476777777
11111112221333222333342235554446555466657744665774667777
11222221333322111132415553345565344576566477666647777744
11111112333144255334425553342555634227664427776662777766
12333331224433112443512224451264475166777516777756666555
11112221331122443152243355264355666435667743576674457777
12222221334242133444413335441355556115665617576667777776
12223331112223111442354146235444633555466657566765777777
11111231412223441232354223335446367546666754677675555777
11111112122334222334452633345266344566664755567475577777
11111112333314233233422225446255544666544766555776677777
11111111233444223334422233345266644526677756667775555577
11122223311112344441233345223674555367445566777756666775
11123331122343122334411223445552446577764655766665577776
11122231122333411222341555534444553464655366666677777777
11112223141112334444233442223334555666675566677556777775
12222221112332441133354411335644437566647755666775556777
11112221331122333122234445553455556344765644776667777766
11111121312222433232543333254444555464555766677776666777
11222231111223441223344155334555633457766645576664777776
11111121133222333442253334225644477566644755667775556677
12223331123343122354312665441266544116655477766547777755
11123331222233124233312455551144445666664566776457777775
11112221312242131424233444453346655336666577665557777775
12223441222344122333411133441513647555666755666675577777
11222231121223411123344433356744435677745567677756666555
11112223331224311122433332445666664566644455577775557777
11111123333112343342234444425555422556672756667775666777
11111112123333222345326224536664453644475564777756677755
12222331111233414123344412235544463555576657577667777666
11122231222223111133344453334555556455776647777664477666
11122221311422134442213444553345555365577736777773666666
11111112133344233344423534642555466222566672555667777777
11122221112232141523344455534665653476665347667534777773
11222231444233144222311445331145533675555567777776666667
11111221311322333333244452224455566477756644755567777666
11222234112223451263345116334551663445556374456667777777
11222221111322415333241533664553776455377644577664457766
11222231222333124444315554431665543166754316675576677777
12222221123332111133314433554466555466677544666754777775
11111221113332333322234422564444556475555647566667777776
11233345123334512233451122245166624516664457766745577777
11122221222344123334413355461355546135744675577667777666
11111221122222133323453633345566664555674457667745777744
11123341112234152233415226345572634577763457776645576664
12222221111223111444355444335446333555667356666775677777
11222331142233144223514442351446335177666577776557766655
11111223311122333332245553264555626455666644447764777777
12222341222334123334411353441665445166555516657776677777
11112221131122333333244444324445552666657766555776657777
11233331123323112222314442551466655744466574776557777665
12333331222443122243311124441556447155666755666775567777
11111112223133442333342235554226665447776544766657777655
11111123113222333322453362445566244557644455766665777777
11222331114233111422344442234455533667755566675576667777
12222221112332111334451533445556344566634456766775677777
11111112333133222333452264445226774555677456667745566774
12222231142423144442315664431567773156777315666735555673
11222221123232144333311444335154466555546677557667777766
11111111223333223344452334645264464526666752577675557777
11111112333144232333422234442556644257766655577765577766
11112221133322133332214434254444455666777566777556667755
11112223122244311244431524443655557366655733665773667777
11222221322332133334411563441556644156674455667775567777
12222331122233112333314445551466755146775544667574666777
11111123333112435555243335524666522446652246677774467777
11223331122334111233415223647525564755566477756447776664
11122221112322114235544433354466335446773566675556677777
11111234111223444552344452236645223655553366666737777777
11111221134422133444233442223334555677557567777756666665
11112221133232113333244355224455555444656674766667777776
12233341223334112223415552341115554666655476766647777774
11111223141122334222233444453345555364667566667756777775
11111112233331244553322455532446573244657726465776666777
12222231222333143334314444451146655177655517666657777765
12333331233453122245512224451144465117746577766657776665
11122331112333121234352224435444466557466657776765557776
11112221222233113323415533345554444566646457666675777777
12222221133322133445513345551344665144466517666657777777
11122223114442311422233144443335555663775566667756677775
11223331112343122234312524431655444666554766755576677777
11222221122233113333341155364455666444555644756667777777
12223331123333122234412444441145666155555655776667777776
11222231111223411225344666534446553746665374765537777753
11112221112222331442433344443355646355766655776665577777
11122331122233122443311244335444466555555657776667777766
11222331222333122334311564441156664555576475577647777664
12222221112332113334451333445167774556674455667745566677
11123331142333114233514422254442525674555567777776666667
11112223311422331442253144425336646553564675556667777777
11122221112322145233314556334456633455566644566774777777
12223331112333142253514225351445555144446677766667777766
12334441233334122223411522341655554166555416666677777777
11222221223324113344411334451633455667745566777556667775
11111111222222332445263345556334455633445566664776777777
11123331442355144233511422351444235666225566667576777777
11111223312222331242533144556344445637774566667556677775
12222221112233411333341135364455556445755647776664777766
11111123422112344222233444443556667355677733566775556677
11122221111122334442233455553344465334776577776657766665
12222221132442133344513444451366655136665513667557777777
11111223144222314222531444453666645377666537765553377775
11111221311442334444234452223655527365557736665773666777
11111121133322333322234445524455552466655644766667777777
12222221111112314444235554463554466357766635576763337777
11112221122232112433355443635444363544666657776675557777
11112223311224311222433334445366477556447755667775556667
12222231224453112465311446531146653774655377466537777653
11112221312222131444233554443335544365577766557776666677
11222221112322411133345553634455363447556644756667777776
11222234125523412255341555534166663411676344667334777777
12223331422355142333514223551444445166665516776771667777
11111223441112334442234442223566666355556637555763777777
11111221122223412244344444335567733556777355677735566666
11223331223333122445312245551144465144666577667657777765
11111223311442331442234444523555552335666277566667777776
11111123312222431522243555554333675443667544467776666777
11112331121243122224352544435556443556646357666637777777
12233441222334111223415123341555534667755466675746667777
11122221132232133333211344445555664556564457666647777777
11222221111322411433244444335556463575666357577635777766
11122223111244331122433552443655444365555736667776667777
12222231224433125543315554431156433715644671566667777776
11122231112323114233354422635444763555476655547667777766
12222221233342113444413345541367554136755516677576666777
12223331123333112224311244445166644566664755556775577777
11222221123232111333344155634555563457566647777664447776
11111223112222313324233335445555544566666457666447777777
11111123142222314425233444523446755366677536677753667755
11111221322222132344413333345555644575766457776645777666
11122223112244311225431555543366544337655437766647777766
11111221334422113342255344425333442566667755676675567777
11112221314422131442533334256334425666455576666557777777
11122221113322441332544133254666335466655544665757777777
11122221133222144355211435554443355664435766673776667777
11111112221333242444324443332455366275566677755667777556
12333331233344122244411224551124465166666576767557777755
11111223311122433332243355524455552446657744667776666777
11223331112333111224352224435554466575466657447765777766
12222331222334156233415663441566374155677415667741557774
11111123141222334444253344425536622553666655376675777777
11222231444423144442315552231655773165573316657376666777
11122334412223441552344155234611523465556376666637777777
12222231111233111423344442334445536555566655766767777776
11111112222341253334425563342556334256664455666747777777
12333331222333122244412155641115564755556476666647777774
12222221233334125563415556341556634175763417776641777644
11122331222233114422351144335444636555466675556767777776
12222221112323451133345511334555563445666674447667777776
11111112221333422335542336554223655444665577446667777776
12333331222223122444311114536164455666455567747756677775
11122223311112433551244365224336577436657746665774465577
11111111233333222344355222435626444566664756776475557777
11112221322224132554413335541333544666554466657776677777
11112234122223411232345133334566666455576644577674557777
11122221134422113344251333425334446577766657577765557666
12333331222344112233411124445512664555566457766665777777
11222223111244313122431354443335464555566677557667777766
12222221324442133454611355461335446173566617355567777776
11111123331122443333245555324445552467775246667726666777
11122223311122333312455331245555544566664477776447777666
12233341123344122233411123541662654666665475555547777777
11112231121233142222344556634456663445663345567775577777
11222221123324112344451333345136444566677755566775566777
11111123144412344442233422256332755663377567777556666755
11122223311122333311233445524444555466477566777756666775
11112223312222331245533114553344445644677566667756677775
11111123311222333342233444256447725664477566677556677555
11112221132222133444213345446337544663755566775556667777
12333331222233122244311114445144466555566657576765777776
11222331144223111442351564235556423555644366667736777777
12333331222233111223415124441544446557666657777665557776
11111121333312443333244455524445552666775267777526666772
11111123311222332224435552443335644555566466666747777777
12222341122334511223451333345116444566677455667775566777
11111112223341233344423354642235466255546655776665777777
11111123411552345555234445523344662334662273666627777777
12223331122333112243315524441155466755746675574667777466
11111221133122333322244355264435556445556647766664777777
11111223333122333311244442224454666455667655777765557776
11122231412233441223341152334555553465777746577774666666
11111123114222354422235442673544667354667735566673355777
12223331222343125234311543461154446155466655577667777776
11111112333331243533624555562444556244475622277667777766
11112221112232144423244444335666663566776355777735555773
11233331222333142222314444551644557166455716655776667777
11122221112222133333313455534445556774456677745667774666
11111121332122333222433355245555644577666457776447776664
11111121122222322444433555443555446335566633666677777777
11222221111122344512533455553444556334666633466767777777
11122334412233411122344122334555563455566647756667777776
11222223122444312445431446553111655336665533666577777777
11112221122223144423314444536777453666755366675336777555
12222331122443112245311144536774453677745366777536666555
11222221223332111343311544435554643566664455766675777777
11122221122232114333314456334445663455566647555667777777
11111221333112333332244444254464625766662576776557777555
11111123114422354442235544263354226375666637555663777777
12233331222343112224315556431566644155666415567747777774
12233441223334112233411223441155446755556675576667777766
12222231422233144433514443351114355615555766677776666777
11122231122333112245314244534444553666675367767556677775
12223331222343115224361557436155743615774461557446666777
11122221113222113332433355443555446775446675546667777766
11222221223324133333411344445166644515566655576765777777
11122221333322134332511443254146655444675566667756777775
11122221222233113333311443556644455677444566777756667755
11122221333322133432211143554444455664665566665577777777
11123331222323111222314555536447753644475564647576666777
11122221133224133322415533341556444556666457766645777777
11233331222233122243311144441444555666777567777556666755
12222221113232111333413334445555544665574766657476667777
12223331122223111243315444631554663554446655577767777766
11122221112322141433244443335544663555556375776667777766
12223441233344123334412235441255566117756671755667777566
11222221121223411153345555534545663444663347666637777777
11122221333244133222411344441335664555576655777765777666
