11122221322224133334411334441536644555566657576665777777
11234441223444123334412355551236665123665512666757777777
12233331123343122244315266441526444155666615576775577777
11233331222344112233412255341555544166554466667776677777
12233441223334112233412253441155564717556477755667776666
11233331223333112245516244551622445166644566674557777777
11122234412223441233341123554613355467777546677556666775
11122223111122341552234445553346665334466537747657777766
11111123414222341452234445223455556335566637776663777776
11223331122333112223314255551444556447655647766664777776
11112223112222331142533344453344445666655567667556777777
11222331122233112423314443351445555446657566675776667777
11111221131222443323244333324445566774555677555667777666
12223331122333122234311554461154446555446657777765777666
12222331222433112444315544331555463157546615766667777776
11112331122233114222354444235466443556677356666775557777
12222221123245113344513344451344665133766577776557776665
12222231442223114433315543631544463155666715766675577777
12222221112332411133341555534556663456677345666774447777
12222331224433112433511243351144445677775566677556666775
11222221122233114333311444335545466555544677566667777776
11122331122333112435312245536264455666647567444756777775
11223331222223114255311455536145553664447366644776677777
11122221312442331224433114443555554366665536766657777777
11222334122223411112345515334455553467757346677774666667
12222331122333122443311144431555546775544677756667775666
11123334412233411233544123554412225466666566775556777777
11122231222333111223314566334456666455677644557774455777
11111234122223411223344423335444663557776655577765577666
12222221332332113334411113546666654776655477655447777554
11222231123323122433311144536664455666444577667557777755
11112221131122333332433552245555544667754466777746666774
12222221233332111344516134451633445667744566677756777555
11222221123322113334411353647775364755566477556447756664
11111123341412344444233422223335525666655567777756667775
11112221311124333222433325443555554656777465667746667774
11112331411223144225344222534465553466755366677536677777
11234441223434122333411255341125534662655566665776777777
11222221111122313332433334445556647566644756667475557777
11122223312222331444433145443611545366555566777576667777
11223331112443155243315224431552443556246675666667777777
11222221324552132445513444451366455137666513776663377777
11112221341442134445213344526633552766335276666557777775
11112331441223114222344425236644553665553366655776777777
12222221123332144355511435551443565147336644777667777666
11222221333332111343211534425555544666654467775746667777
12233331223333112444411224556127455617744566777756666755
11111112133333222444322224435567443556774755677775566666
11222331122223111243351544335554663555466674447667777776
12223441222344123333412355541635754165577416567771666677
11111221311222334442233445523446555334665576666657777777
12222221123333112334315555431565744156774465677446666777
11122221332322133333211444441555644556664655776665777777
11223341222334122334412335441555544115656677566667777776
11222223142422314444531114453316665376676537677653777555
11112221111322333332243553624475566477756644775564477566
11111221332222113332244453364555366455566647757764477776
11111111233333222223324244536444555666477566747556677775
11222231224333122443315543361154466155446675557767777766
11122221332322133334213554441655554166554466777746667777
11222221133322111332451336645553644556664455667447777777
11233331123343122444312555441255664125556472776667777766
12222221113422113344413344441533666557377657777665555766
11111221112222332245534444453344665337666573776557777665
11222221333332134332214445551464555116446576666657777777
11222221132244133324413355441635544163577766655776665777
11111112133344223444523344452236555223665566667756777777
12233331122223412152341115534444453664655566666577777777
11111121134422553442255334265534426533742657376667777766
11222221223332111143351444635554663544467356666775577777
11122234412233441123544112356446235666633577766557777755
11112231412233441122344452334645233665557765557776666777
11112331412233144253314225534442553466255566667776677777
11111121133342333434255344425555642575664277776227776666
11111223331112443222243335524443555644557567777776666667
11111112233331422253342255534246653444465576666657777777
11111121333122333344234444225546662574766257777665555776
11233331122223112442311445234445563747556677756667775566
11112221311422331442253334265344466534777655776665557776
11222221323422133344413444551336455166666517667557777775
11111123411222344222233445553346665734765573476657777665
11111231144223144422344222334553336555666655567667777777
11111223112124332222453334445533644566666457776675557777
11111221122222133234455333345536644555564466666477777777
11122221333422113344213334421555444555566675776667777766
11112223111122344422234445553644655366666537777653377775
11123331222243112224311554436555433666544466755776677777
11223331112233114522314452234445563744566675556667777776
12222221123332413353341155534616655461677546667754447777
11223331223344123354412235441255554166575416677776666777
11112223112222331124453333645553664556667455667747777744
12223331122333111233411522645556664577664455766445777774
11122223311112333312233444425554644577466655777765577666
12233441233344122333412225441111545667555566777576666777
12222331112233111223314444334455555445556677777667776666
11112231222233144422311443335546377554677755467775566666
11112331122233144233314222354444455666666567777556777755
11112223144222311424231444453666555366675536767753377775
11122221312422133244411334556663455666345566734557777777
11111123314122344444235542223354266355566637755667777776
11222221223334121534411153345555634576663457666647777774
11112334122223411252344145236444533666557366557776657777
11111112333331222433322444452644755264775566667756677755
11112223331222311145234444523366455736644576666557777775
11111123112222332244233355467335446777544677555467756666
11122234112233441122345512534655553466577344667736667777
11111121333412334342234444223554226555666655766675777777
11111221331322133332244352264455566455566645776674477777
11111123312222331442253344245336444566666656577775557777
11111123444112345422234522623455566345556637777663377776
12222221123324113334415536641573664157366455777645577764
11111221311422334442234455523445652337565573766667777766
11112221131122333442536342256634455663445566747556777777
11112221122222113344433344443556664356666635777775555777
11112221131222413332244443334564437556666755566675577777
12223331112433511244356122435612443566674755667475567777
11111221312224132254433255443655544365654736667773667777
11122231122443122444315266431566643556674355677735577773
11111111222222223333433334445666644556667455677745557777
11122221322242133444411345451336545733655577766657777666
11222221111222133144433334443566664355766455576675577777
12222331222443124443311114335514463556666655776765577777
11111112233441223444422345542236655733366576666557777775
11233331122234112223451623345166444566667455556745777777
11122231122333122334315234441556444556667455677775666777
12223331112223111242314444335444663556666756677775555777
11222223124442312444531445553155556311777637776663377666
11111221333332134352213445524446652446665277666557777775
11111121333132434333244455524555222445526677777767766666
11122231411123441222344442335564333566667755666775557777
11122221111232415533245533324453366455666645776764477777
11222331223333112234315524441154444555566657777767776666
11112231422233144223314442531464653766665376677557777555
11122231422223142333314443351446555146665566676557777777
11111221112222334442235444443566666355676733567773555777
11223331112233111223344225534555555466777744666774466677
11111112212333222234355233435444446554776657777765576666
11122231222223111145366644536664553644455364755337777777
11111221131442333345236634526663452664445276777527777555
11112331412223144233314223356425555645577564477776666677
11222231144223115422311544436557743655574365667336667777
11111123314222331442253334225553466775544677556467777666
11111112222213445522344566234555663457663345776634777773
11122221122232411153344555334466553446655346666737777777
11111221121223442223344444435666333566637755567775556777
12222331223333122343415544441556446155666617557661777777
11222231223233123333411154441655444665555466577776667777
11112223111244313324433322443552644555666657566675777777
12222221232444133444413333541636655166666517775551777775
11111231442223142223314233334455556445766655576667777776
11112223122224311124433333345566774556674455667475566777
12333341222334122334415244441526666157777615557761557766
11223331224443122224311144431555463555666357767665777776
11222221333332134443211445321145556744566677555667777766
11111121333312433532244553224445552464755266777776666677
12222221111132411533244553334455553644457366777776666677
12223441122344122333412334441113566777756677555567755666
11111221312222132244433334445663347566664755667775555777
11222231222333124443511463351446365146666574776557777755
12222221123324113333415556341565634156664455667747777774
11111112122333222334325533442555644555664477776467777666
12222331222233111113344441356664435676645577664557777755
11222231122423111442315554336555443656744365677736667777
11111111222344222233452633445566344556633456667775577777
11112223131112333344253434625544462755466277555667777766
11123331222233122444315244331556444156666655557667777777
11222221223332133344411335541666544166655466755547777777
11222221332324133332411534441154466555466655577767777766
11222221223344121344411133445553346755536677556667777766
11122223312244311124431552543335554637775466667546667777
11122231442333144223314442351164235666555567775756667777
12222221333322133133411114445555674566667456676745577774
11112221331122433152243335254365555446666544676674777777
11112223441222334112233415553345566734756674475667777566
11111121333212433222243352554435555466656746766674477777
11122331222233112444311243334444555665557766665576677777
11111121133322433432244443224555326475555677576667777666
12222221344442133454211335441335566137556617775567777666
12222231244423121455311145536144453667555367777336666777
11111123333122344312234455223445662744556675556667777776
11112331411233441222344422536644253666775366775556777755
11122231112333411223344442534466253646775566675556777775
11112221112222331245533444453446455337666573776557777666
12222221123332133334411135546155544666755467775746667774
11223331442335144223514423351422665147765517766657777665
11123331222333111223341526664452667455666745557774445777
11122221314442131342213334256634445663775566777556677755
12222221223334115534411153341665734665573466557446677777
11122231411123145222344523334556373456677745566674566777
11222231224423112433311144335544463755566675556667777776
11111121332222133324253344425344644566666756576775557777
12222331233333122234411554441155564175666477556647777766
11111123314412334422235444423556622355667735666675577777
11111112334441233444423345552235566223566672557767777766
12222221111223114143344444534677753667755366777536665553
12333331233234122225411125541616554666655467767547777744
11122221332422134445213444561333456135555677777567776666
11111221112222333332234433556644455644555764677576667777
12222331212223111333314153554455555444666647777764777666
11223331423333142222314526661455566145756614775564477777
11233331123433112345512224551622445766664577666457777745
12222331122233144243314444431555563115576675577667777666
11122221112233142233314333556445555644445766667576677777
11222221223425133344513334551634455164475716667576667777
11122221222333112334411553345556344556667456666747777774
12222231112233114233511443554446335464655566665776777777
11111123334112334444253446625334662555662257566725777777
11112221222232114333341444334445553666655576666757777775
11122221132422513344251334445133364557666457776665577776
12222331212333111233341125564775566477756647475664447556
12222221111322143133314333556444475644777566777756666555
12222221112332141133314433354455555446665746667576677777
12222221233445123444511344551336455113666577376657777766
12333341233234122223412564441156774155677415666775556677
11122221112333411225344425536445553644775366677536667777
11233341123334122334411222451626445766664576776557777555
12222231442223154444315466431566633155763315776671557777
11112223131142313544233355426355442655544267777776666677
11111112222213223333324445336664577644455764555576667777
12222221233332133344511134451614445766455577666657777765
12233331224333124444312244551266455177665517666651777775
11111123331122343322534422253455555445666746667774667777
11122234122333412235541263554116335446665547666574777777
12222221112234113333451133445666344556674756667475557777
11112221333332143433214444221544552555556677777667776666
11122221122322113334513344453366455666445567747756677775
12223331222333122444311444531145556714555677776567776666
12222231442223114445314455531466553166557316677736677773
11111112123333222234325524436655443666544766555476777777
11223331124333152444315222431524446155666675556667777777
12334441233444123354412365551236665122676512667551777777
11223331112223112244315524335555443556664476666647777777
11222231112233142233314444531464553646675566667757777755
12222231122333112435311145534444453647555567777776666667
11111123112222322244433444553667455366747533677756667755
11112331122223112242344444335554463557776355777665776666
12223331223343122354411235546111554666665477667547777754
11222223112242315554431155643155664337566437776643777764
11112221111223444523344552634445263555566377666637777773
11111112133333224433522444352246655244675566667556777777
12222221233332111133314453661445566447755647775664777556
11222221333332143332214455551144555144666577467667777766
11233331122243115224311524435552443566664456677775667777
11112221332244113222431344443335466555555657666667777777
11122221122322144433311433334445555646677566677556677775
11222231114423155442315542231554663775463377546637777666
11111221331142533334255553425565342666664267644427777777
11112223411222341552634155263455556344476633477763777766
11112221331422133342215334246553444665555466777576667777
12222331211233111422355144335666443566774455667745567777
12233331222343122244314444431155555155656617666667777777
11222221113222133333411566345556634575644457766645777774
11111112133333233345522224452667445267744566777456667755
11222231112223411132345663334556673455567745566774446777
11111221331122333332455532245555624566664466764447777777
12222221133242111344455134465513446555366675336667777777
12333331244343122444312224451662755116777516677556667755
11111123112222333442534442253364555636455566647776677777
11112331222233122233411443345664444556666655557675777777
11111234111223444423354642235466223555666355776635777777
11111112233414222344422333342553644555566657566667777777
12222231122233114443351444435146663517776357777665555766
11111112314444233333423555542355544226577722666676667777
12222331223333123344412444561114456177555677755667775666
11233331122243122244312544431655443165555566667776677777
11222221133422511344255133445613447563347756666775566777
11122221122233112443351444335445463555566357666667777777
11112231114223551442356644235666423567742356674735577773
11112234412223411122344555236444553666675366767537777753
11222331222333122435314443551467775146677514467556666775
11111221113332443322244433324544562755556675566667777776
11111223311122333322435532245566644566664456777745577774
11111234122223412323341233354467555466777546667754667755
12222221113322411133344133356444445667755566677756677755
11122221122322144433314433551433665744665577766557777665
11222331122223415532341153334415666445566674455667777777
11112231222223112333341335554455556444576674477667777666
11222331222223111333314444431554546775554677755667776666
11112221222232114333314433554443555466665546777756667777
11222221132424133244411344551334555636757563677756666777
12333331223334122555412554541254444125666611776667777776
12223331222333122455311144531614555667444566777456667777
11112234122223411233341425534446553664655366665577777777
11111121344412333544233354426355472666557266557726677772
11111234412223411222345523334555336445766645576667777776
12222231112423111542315554335565443566644366764736777777
12333341233344122234415222641555664155566411576667777777
11222221134422133342511134556633455666347567644756777775
12233331122435112443561244356122435617745566774756667775
11112231441233144123344222334566236456666655555577777777
11111121134222553444253333425553442566374256777776666677
11222221113222411333341335554443665477665547776654777665
11222221111222113333453363445536664555644457566647777777
11111112221334255634425663342563344256377425677745566777
11111123333112455333245553224445226744552677466667777766
12222221111232144333514333551466365446666544767757777755
11112221111233455522345556234557623444766374476637777663
11112221122222113444533344556344775634775563367756666775
11111112231334233334422235542265544666544765557776667777
12223331123334122343412254441115464777566677755567755666
11122331144233144223314422331544266755555675775667777666
11111112222133222433324443335444666554666755776675557777
11122221113332413333241355224455566444755647775667777666
11111121333312443332244553524445552646657266675726677777
12222231243323124333314444551466655146655511766657777777
11112223311242533124453312245633444566674755667775566777
11112221111223444422355544235564433566733355677776666777
11122231412223145523314452331455336445776645577667777666
11111111222333222455326245536664553664455367744436777777
11112221331222113224433354446355554635575466677746667777
12233331122233114422311442531444555646757566675756667777
11111223111222333344233444423445552666665567775556677777
11111111222223444223344452536465553646555366667737777773
11111121134422333444233345526634522665457266555776677777
12222231122233143333514436651144655714666574467657777755
11233331124435122443512224351244435166775566677556667777
11112341151234155523465522346552234677723467677346667734
11122221312244131254413325546333544663555466775776667777
12222221123332111133451333645666664556776455577445777744
11122331444233144423311542335154222555666655667767777776
12334441223345122344512234451623555166357511667776667777
12222341222334125533415553341155534116666476666747777774
11222223111442311544233155423555546335774637776467776666
11122345122234511223451162345666334567633457766745577774
11122223312244311122431355643335564775566477756647775664
11112231112223441222344444335555433556557366667776667777
12222231244443124444312556331555633155566316666771777777
11222221113242113344251333445336644556677455677775566677
11111121313342533334253444425544222655772765567776666677
11122331112233112223344255634445563445556647775667777766
11111111223333422256344225634442563744556377755667777566
12223331233344123344412254661255446155776615577661577776
12223331122234152523415553341155344166564466666747777777
11222331222223114333311443556144455666644567675556777777
11123331122233122223314555361444566447555644756667777776
12222231212443111245361444536144553666555366757736777773
11222231112223144243311444356644335666635566555577777777
12233331224433122444311256431125646177564677756667775555
12222231124223155443315554331555433114446666666677777777
11222223111112333331234344424444555665557766557776666777
12222221111122333314533341453644445667754566675556677777
11111221122223412233344443554443355667377567777756666655
12222331244243125424311544431155533155657366667776667777
11222231222433112544315555431555443166647366764736677777
12222221212334111134451663445566334556663455776345777777
11122231112233412233341256374455637445666745567674556777
11222221111122331455236444553666455366644536777453377777
12222231212233111433311544335554466575546677754667777466
11122221122234111323455533345653344565777456666746677774
11111223131422333142235344223554446557646655766665777777
12333341223334122234411124441562466156666655555775777777
12233341125334122533412255341255444116556476666667777777
11122223112222331444531144553444555336666537666657777777
12222221123324113334411334441553466555746657577665777766
12222231224243144444315433331555536175566617566661777777
11111121133332333322244552264775526477555644756664477766
12222331222233111133314553561455556444566647776764477776
12222231242423114443311444331566637156673755567775556677
11222221223332111134413333456644445664777566675756777555
11111221133332413552243335224465552446665547766664777777
12222221211132111333345553534445553644577766447776666677
12222221233334121333411134441555644556666455577667777776
11222221112332111234453333645773664557776455776645576644
11112221331122334152234465253446555334666577447657777766
12223331222233112444311444431566643155677755666775556777
11222221112223141556314456634455633445663374556637777777
12222221233332111343311444431445545677755566677556666777
11112221333332144332215436221544666554766655477675547777
12222221112233111133344453364475536447756647755667775566
11111112223133422333542223354466655446766544677657777755
11123331222344122333411223441555544556574765677776666677
11122221113332413332241335524555566445576644477667777766
11233331222343152334415222641556664155664417556647777777
11123334412233441123354112235466722544677755567775566667
12222231224233114445314466531446553116665377667537777755
11222231122423112443314445531664553666475376667537777755
11111123331212333322245362624556667456667745555774444777
11112223311112433333244356224455626455566645757664777777
12223331112333112223341255554145655444566647477767777666
11111221333112334332234445224446552477655577765657776666
11122221222333112334311534445553444655774766557776666677
11111231122223144223344423354443355666677566667557777755
11122331412233141233344122235444666555476657777665557776
12222331224223114433315444431555463156666715667675577777
11111121333332133443255544225554426557742677764267776666
12233331222343112244311255431665444166554766555776677777
11112221311422531442253444425336647536677753367775556667
11111112233441222344422334442333566555557657777765776666
12344441233554123355412355641235564123776612277661777766
11122234111123455512345552234465233466566347666734777777
12222221233344125533415533341156744155677415667746666777
11222221132224133444411343441533366555556657577667777766
12222331114223114423351142335564443556664655776665777777
12222231244433124543312654431665453166555316667571777777
11233334122353412335541222254111675446667546677754667775
12223441223334112333411223441155664555766455777665777766
11122221311124331222453333445355546555444677777667776666
11122234411223541112354442235554333565473756677776666677
11223331142223144225311425531445533644755566677776666777
11122223312422331144233315443661544666555466777556777775
11111221314442134442233445223355562735566673755667777766
11112223331122343152244315264435556743555674466667777776
11111112133445233664523364452336455266644522677752777775
12333331222433152444315244661527446152777615777661555766
11111223331122343312244432254463665466665547655557777777
11112223331142353114235544423355422555446766666676777777
11123331412333144222311442235446626545566655576765777777
11122231222233111244351664735564473556447355664735667777
12222221223444113334411333541555354167555466777776666677
11122331122233112423351442335664447556474755677775566667
12233441222344112334411233546123554616675566677556777775
11222223111122334152633415663344556344556674475567777776
11122221333322113332411355246665444655547466577746657777
11111123334112333442233442254446525666652567775556677777
11111112313444233354423555442355664237566622757662777776
11111112123333222244325244335554663554476675547667777766
11111223311122433552244355224433566443556674756667777776
11122221344425133422513444251334555133657766665776667777
11222231112223114424351444435546673556677356677735566773
11112221131122333332435532245544444554666675567767777766
11111121122222332442433544443555664355766635776663577777
11233331123343112234512244451224445666667566777756777555
11122231122333112243351424335544446554666656667775577777
11111221133122333422253442665354446535464655576667777777
11222231442233114223314455531644553164775366675576667777
11112231122223142452314445534464533666557366655736777777
11233331222233122243314444551144455616655766655776677777
11112221312242331244235166443566644355566435777673557777
11112221331112334442235554423356742355674465567776666777
11111112222213244422344443335455633555666357767665777776
11111121222222134245533444453666445336655536677573677777
11122223111122333312234444453446655364655576666757777775
11111221113322455532245553224655377463337746667774446667
11111123332112332222233444443555544556666455677776667777
11222231224223114433311444531647553664775367777556666755
11111221333112433355243555224366552444665277446667777776
11122221111222333144235354443555664355666435766647777777
12222231442233144233314443551145355611555766666776677777
12223331122433112244351124435516643556664756667475577777
11222331124233111423351442235544443556666655567767777776
11123331122333111222344555234444526745556674577667777666
12233331422353142235314426551442655144665716667571677777
12333331223323112222411544441154646555466657556767777776
11122221132242113244413335546363554636555466657746777777
11111234151223415523345552334665273446527344662776667777
12222331124233122445311114536644453677455366775556667777
11122221312422331244433114453366445636655566655757777777
12222331123223412333341555554156775416667541666774446777
11233331122223112433312245551664555664444566677456777777
12233331123333112444411225546162554666255476665547777777
11111112213444222333422335647235564773566477755647755666
11111112133333244433322544462555546225574672577667777666
11111111222223422253344555534556663445663347766634777777
11223331122333112433512245551624445666774567777456667745
11111221333332113222244335524445566445555674776667777766
11222231122333114223311455364445536445556647576667777776
12223331123344112334451223445112644557666657776665557777
11111112314444234454423355562333566273755627777562277666
11122221333244132225413335541365544166655466775746677777
11111121312222332244253444445333646553666655567675777777
11112221112232143323244433335546666544466655776775557777
12222231212233111333314455631445666444555677455667777776
12222231112223111444314444335564733566777355667775556667
11222221111112333333243553524445556444455676666667777777
12333331222233112444312244441555466115556677775667777566
11111123333112322222234444443354664555556657577667777766
11222221112322441133344133556444355664735566777556667777
11222334122223412333341155634155666415556644775764777776
11112221312222331124453344445536644553666755366675777777
11123331222343122234311255431555544677557467777746666664
11111112233341233344423534442255546275555627776667777666
11111221334442133344213344225364722556677755667775556667
11233331122223112422311444536664453666455567745556777777
11111111233333422555344225334222566447556644757667777766
11111112221333422255344225334445533466755546677776666777
11111112233441222344422233456777345667334566777556667555
11222221111223414123344443335544663555566375756667777776
12223331123333112244311124556662455664445566475576777777
11112221122232114233344455534444553666655366677536777777
11111111233333223456623345662444566245456724555672777777
11111111222333422223344423334555677455667745566674566777
11122231112443122244315244435556643775663375556637777766
11223441223334122334411233441526747155677755566675566677
11222231122243155424315544431544663155666375667637777773
11112221112222331244433555543335664355564466666747777777
11111112213333222234455623345662634566664455777745577774
11222221132232413333541133554415555446656644766667777777
11112334111233412223544423354462235466677566777756677555
11222221221324111133456633345563774556374456667745567774
11222234122323412133341113554445355464555766777776666677
11111234112223412223344442335454336555666657556767777776
11222221113442111334253333425366744566677456567745556777
11122221333332111333214444225544666557476655747665577776
12222231114223111423351543335554443565774756667476666777
11111221133122333452234445263455526347555644777667777666
11111121333122435333243552224555562444656644766667777777
11112221341552134452213445523345552344666636666773777777
11112221222223133333314555531455655444666644467767777776
12223331112333111222344145234444555465557566777776666677
11111223311122433322244335267443556745556674475667777566
11112221133224113322455533245666334566666455777445777774
12222331142223154233315444631555463115446677556667777776
11111123344112534442253334225533442556667255677776666777
11222221332332113333241115564445556444555674777667777666
11222231224223154433315546631554463154476315577667777766
11111223311222341225534626653466665346777534475553447777
11112231411523441552344452234455223666553366677376677777
11234441223354123365412336541263654126665412675557777777
12222221111232144113344443334453366555556675576667777776
11122221111222344155233444563345556374556637476663777776
11222223122444312144431114543333555663677566667556777775
12233331233433122244411524441552664155776615776665577776
11122223111112334444234455423346572366657736655776655777
12222331233334123443412254441115456175555677775667776666
11222231223323112333311444441544466555777655577665777666
12222221111232143133514333554443556445556674766667777776
12222221111112345551234555553444677344667733467773366667
11122331222233111223451633345566444566774455677745566777
11122221112333112223456666345676634557673457777345557444
11111221222222133344413334543366654777765476666547775555
12222231422523144655314665531466653144655314767731777773
11122223112222341115634444563345456374555637757663777766
11122231222223144333315443361554666155447655547767777766
11222231224233152433315544331544466155466617557767777766
11111121344552133455233444523664452366755236777226667777
12222331111223114223351443335544446555476655777767776666
11123331222233122333412555441156444755644675566667777776
11222221333242113334211533441654447665477766555776665577
12222331122223411333341555364115556444755647777664777666
11122331122333122334412234451666445766645576674557777755
11222221122332144433511443551446335774635577666557777666
11122221111332144335244335524663352446555546666677777777
11112223111122333334234443425554442555666657566767777776
11111121332122333222433324445555554665544466666776777777
12222221111123144412344555534466553646655366673337777777
11222221122233111333341555334445556444755647777767766666
11222221113222111344455534445653344565533766666376777777
11111123333112433222244356224535666455567644755764777776
11111112222213233333322443554444655744666577776657776655
11111221312222134424233544463355446335666655576765777777
12222331124443122444311243335114636556666655577765577777
11112331111233222223324444534466453466665577676557777755
12222331122233411233541133554416555446666547777654777766
12223331112333112223314442551645555664775766447576664777
11222334112223411122344413335445366545566655577767777766
11112223311224351122435555243567554336777436677446666774
11222221111122334152634445663455556344557634777763377766
12222231244423124533314453631445663115556671575667777776
11222223112422311445533114553367455336744566674756667777
11111121122222333332233444553666445777644577766457766555
11111112223441223344526344452635545263355566377776667777
11111121342122334222234444553664455366555536777773666777
11122221314222133444211344553336445366675566677556777775
11111223333122333312245551524665552466775744667774446677
11222223111222331114435544443556644355566637566673777777
11111223311222331422533644253366445666774576674457777555
11112223412222341152634145663444556347555633757663777776
12222221112333411235341133534446555444665566667576777777
11111121314442333444253334425352222555666657766665777777
11111221113224333324433552243556624556674456677745667777
12222221123324115533411153345555334656774466667446677777
11111111222233423333342225354455555445667764467776666777
11122341112234112233455226345566634566773455667345777774
11122331122333112334315222445566444555666455766647777777
12222221112233411113345553334665357446555746677774466677
11222221223342113334411536441553644555364657766665777777
11222331124233112433311243556424755644477566677756667755
11112223314442331114233544423355422555566677576667777766
11222231224233124444315446431556633155673715667775566777
11111112231333243333524455552446665274446527666652777777
11112341111234222223455626345666634566733455773745577774
11111112123333222434352243435264444566666755566775577777
11222223111112314444233355423355544355666475767667777766
11222221113322413333241356774135667444567744556775556667
11112221112233144423344552234445333666555566775776667777
12222221122333111434314444431566643556666355577675577777
11111123333212433321244432225444466555666657557765777776
12333331232334122222411114445155446555774675576667777666
11222231111223144442315444235554663565663356667375777777
11111223312224311255436225443666544366557436755743677777
11222331123333112243512244351444455664775566667556677777
11111221131422333442234444423356662355776655776665557777
11222231112323114232351443335546666554466654477675577777
12222221233244133333411153446155544615555466667776677777
11111221333112433333244422224445666774556677756667775555
11111223141122344444234554223335552336665577766657777766
11111221112222333422533344456334445666645566767557777775
11122223311244331222435115543555544336564476666667777777
12233331222333122445312644551666445167745516674751677775
11111111223333222444352224435544433566667755567775666777
11112231222233112423341443334445666545576655557767777766
11112331144223155422315542235564233556473766647776664777
11111121333122453333245362224556266445666644577774557777
12222231242333124443311114335156446555664655576667777777
12222231242333154243315444431566473156677715566771556677
11111112334415233345522334452234455266475726667576667777
11111112222221332244534444553346655334666573777657777665
11222221111223144123344433335463777546667754556775556667
11222221132442133254413355541135444633557766657776666777
11111112344414233344422235542223566773355677555667777666
11112221331124533122455362645536264533666455777647777744
12222221111232441113546633354663335466655544465577777777
12222231444233114223311443331145666774556677555567777566
11111111222333425233342526634552663455556644447667777777
11222231124223112433314444531466453766655376766557777755
11223341222334125223411553346165344616555466657746777777
11122331412333141233314222254455555465667746567774666777
11222341222334111223451333345166664556774456667475557777
11122223311442331444233145226314555636477566677556677775
11233331122233122453312645551264445166474566667457777775
11122223111142351554235555423564442336774733667476666777
11111223314422311442233444423335552555556677776667777666
11112223144252314445231444523166652336755533677756667777
11111123144152334555233445523446552334662266666727777777
11222231111223114223344443334455355646555766657776667777
12222221111233141123544444356443335666375567777556667775
11111223114142334444233355423666542366552266555776777777
11122221132322413335241135564443356447555647776567777666
11222223122442315554431554443115646315566633776763777776
11111123344412333441234445523666552376665277676527777552
12222231224443124433311544431555533116555766666776677777
11111112221333242233324253634455666445666745555674777777
12333331234433122244411122441152664555566657556767777776
12233341233234122223411115346661554676655467677547777554
11111234511123455222345552334552233446666344666677777777
12222221122344111333455113345667334556777455677745666674
11111123112222344425234555523444555346666733677773666777
11222221334442133344213334421155647515666755567775666777
11111121132222333332435566243555624775666475576647777444
11111231142123444222345442234556333555663675566667777777
12222221232444133333411113341566664555776455577645777766
11222231112423111442355554236555443656443366666377777777
11112231222233122443315443331544446555666675556767777776
11233331222344112334412253441125544555566675666667777777
11122223114442331455231144523644652366665533667757777775
11122221222323114333311444335566444557646655766675577777
12222231233333123444312566441555664115556417566647777777
12223341222334121234411153341555364775566477756647775666
12223331112333144222311444235155444555677755667776666677
12222231233333122334415666641556644155566411557447777777
12222231123323412133341115634444566747755674755567775666
11112231142223114232354423335544663557466657746765577776
11233331122223412223341115534555556445666646667774477777
11123331122223114225314442534444553665555366777776666777
12233331122443122544311254336125444616557766655576677777
11222231112223441123345153334555636444566647755667777776
11223331112223111423354442235554463554466675577667777766
12222231122233411133546611354666335466755544675754477777
11233331123343112244311244445222466577666655777665555777
11111221133222413333244533224555666455576644757764777766
11122221122324113234413333546663554667555467777546677754
11111121132222333332243355524445566474556647775664777766
11223334112323411222345112334556667445667744567775556677
11222221111232141443244443335546663555563375576667777776
12222231122333142555314555331445536144666617447667777776
12222221111324111332455533345553364566666457776647777744
11222221324242134444413455551333355136666517776657777766
11122331412223441223344112334445536555566675577667777766
11223331122334111253412225346665534666544467655547777777
12222221334422133344513444451355555136657716677771666677
11111112233331233455623344562774456227455672745567774666
12222331222443124444311114431566333556777755666675556777
11111123144412333344235334225555442556662275776667777766
11111111223444223333423353442255554625565466666776777777
12222221333224115333415553341155444155446766666676777777
11111231122223122425366644536677453667445367745537774553
11111112313333233344424444542255555226577762657776666677
11112221113322133322243535564355566444566644457767777776
12223331243333124444312245661274566177455617775661775556
12223331223333122234411556641755664177556417756647775644
12222221112323411133344413534444553666665567675556777777
11122223311112333341255334225554444655777465677746666677
12223441223344122334412334451663555116755561675776667777
11111123333112343322234445224446552466655566777756677775
12233341223344112234412233441115545666555566667756777777
12222221233332111333411556341555644556664475766647777774
11111111222222333332243553364475666477556644775564477756
11111112213334223344425366472533647256664725566475557777
11222221111234551223455133345667734567773456767345666744
12223331112343112234412233541655554665577466577446667777
12222221324442133344413534461353776115576615577765577666
11122331111223441523344452367445236747523677756667755566
11112221331222133322413335546666554675555467744446677777
12223331112233141122344415234667553466775546667754677755
11111121333222132222453333545555554666664476766447777774
12223441123344112234412233341153664775556677755667775566
11222221333322113334211153445555644755566477776447776666
11222221333222133344413354441155464177556677755567776666
11112221133224113225433332546355554667554466774476667777
11111112223313422233344526634552663445556647557764777776
11122223144222311444233155443616554366655537766653777777
11111121122222344422534655553466655344465733366673777777
12222221112333114244311444435545663555556377776637777666
11112221113222144333244433526443355647755567777756666675
11122331112223441122344442536644553766655376667537777755
12333441223334122344412536441256666125576611577765557777
11122221111322133334233554423655544666557466775746677774
11122221113322114333244455324455533446755766677576666777
12222231222133111113345555534444653464465366666577777777
11222221111223441142354444435566633566767355676735577773
12222221123333112344351133445166644555666457767645577777
11111123333312433531245555224555672446667246666724477777
11122331112223144223314423334445556745555677566667777766
11111112222231422233344567734456673455667345666734555777
12222231233333124434312444451664755167777516767551666755
11112221312224331224433144443356466355666755667775557777
11233345122334512233451222345111644556664756677475667777
11112221132222413333241555364555336445777644577664777666
12222221333322143433314445551664455166465511666757777777
11111234121123442222354444235554633775566377755637776666
12233331123433112243451224445126774516677455666775556677
11222221113224511324455134445533334563666456666775777777
11111223122224311552435554243566444355666433776663777777
11112221113232144333244333224566667455677744566675555777
11222221223324133335411363541166554766665476755547777744
11112221311222133224453366445333664556664455576745777777
11222221111332411332245336664553676445377644557664557777
11222331112233412255341125534466653466665344776554777777
11111121333332132222233244454444455667777566677556667755
11122331112333411222345525234555553446777746666774466677
11112221311442133444233354423665452367555266777556667777
11111123331122344452233445523344452666555266775776667777
11123331142223514423351442635142263544666657776675557777
12222231122333142333314444441155554166675566677556677777
11112221312224132244413334546377554633755466675556667777
11111234155123415522344456234475623747562377756237766663
11112231441233144222314225534445553666665366675537777777
11111234121223412223344552534455553445663366666776777777
11111231415223441523345552334522263456666345666774777777
11122231411233141223344423334562777456776745666675555567
12222221223455111345511634451663345666344567337456777777
11112221133422311342233334256666445767645577764457776555
11112221312222133332415533445553644577766455766447777666
12233331123433122443511224551124445666774567777556666775
11111112223313422233342455354246535444655566666677777777
12222221122334511663451116345566634756633475553447777774
11222231222433155244315554431654433165743716577776666677
11111112123333222233342423554444555674477567777756666665
11111112222331233334422253346555774657774465557746666674
11122231122333112244351524335556443565674456667746677777
12233341125364122536411253641725364172536477555647777664
12222221111112133334255663445566334576634457766445577777
11112331122233412223541233354467775466777544667554666755
12233331233443123444412255441225566115566671755667777776
11222221123332133343213564471156447555644755664775666777
11112221131122333444235344423534662555476657577665777766
12222231222333144443511444351116435666653567775556677777
11112221341112334444234445523335522663557766655776667777
11111112133344223544422354442335666235555627757667777766
11122221314442134454213445521335552336655637666667777777
11111221131422553344255344425534462573666257337667777766
11111123333312344531234455226444522664755266677556677777
11222231224423124443311114435566473566667355667735557777
11111121334412333422233344225664442566666755555675777777
11122221133332133334211544426655542665754466577476657777
11112341122234511233455223445552344567733456677776666677
11112221322224135244413556441355664335556437777663777766
11111123122212333322234445553444465347766577776657766655
11111112222221333224433334445553446557774655777665776666
11222221223324113335413365541366554166654466775547777774
11111221311222433322544433256644355664435566777756677775
11122221332322113333214444351464555446666577667657777755
11233331123334122243415224441552466157746655776665577776
11122221333322111133244443324546666455677645566775557777
11111123311222334442234445223465555346665536666757777777
11111112233331222223344525334455566445566674456667777777
11233331222223124442311154435515643555564466666677777777
11111111233333222222344442335564447566674755567775566677
11223331112333122224312544431555644777564675556467777666
12222221113324111132433333546665554665544466655477777777
11222231112443122243314444351467335666735567777756667555
11111112221333422233342555634275663477566644755564477776
11233331122233122223411144345556444566674755677775566677
11111221313222133322233435664445556455566647756764477777
11112221122232114423355433335544366554466657477765777766
12222231112333114235311423556444375644777564677556666775
11122331222233114422311444335556443555664657566667777777
11112231121223142223344566334556633445666744577675557777
11111112222231245523344552334555333456666746676674477777
11112331121233122223344424335544466555466657556667777777
11112331444233144223311442536664253666225567655557777777
11222223111122333311234434553644455667744566775556667777
11111121334142334444233354223555422665572766657776665777
11122221133332411135246663524463352466655544677754777775
11111221331222134442253334425334446555666655776665777777
11222221223324133334413354461555546115644675566667777777
11112221111223445222345555534444553646633366677736677777
11111221122222134552633455663445567344556734466673377777
11112231441223142223314233334456666445555655577667777776
11111121133332333432254442225454426555546657776667777766
12222221111122113334433344443355564755666475557667777766
11122221113422513344251333425663447556344756666675577777
11122221222323111333341434534444456755555677576667777666
11112221333224113552413355246633524666554467775746677774
11111121314442334454233455423555662355666237667627777772
11111123112222322244435555543336554737665473776447776666
11123331122234122233415233641566664556766455574445777777
12222221223344113333411344441535466155556655777667777766
11111221331122334455233455523345622744566674457667777766
11222221112223114443315664435556443555646357766637777773
11222221112322111333344444434556643555566357666675777777
11112221311244331224533622453666645366744537674557777755
12222221233332111343311134445566447566674756567475556777
12222221213332111333344114435444466555666755566675777777
11111112333314223335462235546622544666255466775547777774
11222221123323412333341135554415555444666547666667777777
11111231222223112433355243635554366554446654476667777777
11223331112333122244315522431544444655557766577776666677
11222221132442113334211334445336664555676455777665577776
11222221111232114533244453334455536475753647775667776666
11122221111132333333244443225454666555446655777665777776
11112221111222333342255344445533664573666457777645577766
11122231112223144223314444335546733554677755566775666677
11122331222333111222314455534465753446577744655776666677
11111112223133442333342235554266655427666544767654777775
12222231224333124455311455531444563164556316666677777777
11122221112222331444433145443555554335677763566776666777
11223331442233114223314442231445666175555677575667777566
11111221222223114233354443365554366554436655477767777766
11111112222331222334455233345553644555666477766647777764
11111121344142334444233422223335266555566755666675777777
11111123341222334125534422253346655734665577446657777766
11123341112334112234455233345222444555566657776667777766
11111231441123564422356442335642237564233756666775557777
11111231122223122332344443334455555466667546767756677775
11222221223332133334411135546155544666554466665747777777
11112221332224113244415324645533464577366655736765577776
11112231122223411242344444335566433566677356567775556777
11111111222333224435324463532246355444665577666657777775
11233331224433122453612445361245556124555617477767777666
11222331222443112244351444635114663556666355567735777777
11111121334412534444253344625533362555666275776627777762
11222221132232113333451364445136444555666455576667777777
11111231122223412552344445234466533466653376665557777777
11111221313442133342253334225664442556747755677775566667
11122221113322113334233355426655544655754466677746677774
11122331122223112244351444635547463555746357777635776666
11111221222223112455366645536444533666455376445337777777
12222221113322111133344445536645553644455366666577777777
11122231112333112223344425334465555446577564667756667777
11112221322224133342415344441533647556367756666675557777
11222331442233142255314425331145553614455766777776666677
11112223141112334444233545423555542336655266666776777777
12222221233324155344415533341555364115666417666647777777
11122221332244133225413335541135554667754466675476667777
11111112223414223344452333445223664556366755666775577777
11122231412223441223341153334555366445556647775667777766
11222221344422133455213345561334566134455617777567777666
11112221111322443335243335524663652446665544667557777777
11111111233333222233324444442555464255666655777765777766
11122223111224331152435555243565544336664436676647777777
11112223314422311442231444523355456737555673756667777666
12233331244443122243311124431512466557666655777665557777
12222221123332143333314444551446465166666517767557777755
11122231212333122244311544335555436577746657744665777666
11222221123322133333415366641556644155564455776647777774
11112221332232143333214553521455556744566677444667777766
11112221312244133222413444443335556773556677755567776666
11111221344112334422234455223345556334555677777667776666
11111221133322133222433556243557644557764455776647776664
11122221311222333114233355446635544666655476677547777754
11111123141222334522533452253445555334466677477667777666
11111223142122314222534446553444655366665533676753777777
11222221112322114433315466335546633544667755476675547777
11111112133333222344425336642555644225666475556647777777
11111112222213442522345553334555633456666347767664477777
12222221132442113334411133445533664566667455667775557777
12333341233444123444412355661255666122556612557761777777
11112221311242331224433524463355466377546677754667775556
11112221112232144553244653324665733465573346657774665777
11111121133222333224255333425554446577746657774465776666
11112221332244133324415322641537664553776455777645577666
11111112222133423333542367754236755426675546667754446775
12223441225344112533411255346125334615573466577776666777
11223341222334123333412255541155444615577466657776666777
11111112222133244333324444432546663255776655777765557766
11122221222344111233415533346655344655534766657476677777
11111223131122333422233544263554776554476655447665777766
12222331223333142243314444441115555671777567777556666665
11222221333322111132451553345556344565664466667747777774
11111123131422333442233544423555462557546257777667776666
11122223111242311224433333445663447566674755567775556677
11111112222314223333452666345267634555763455576647777744
11111121314422335444233544423555222355666735667776667777
11122331122334511233455122345555234666544467666476777777
11122221111232444123243333334455555466666547766657777775
11122223112424312244431154643355564335556673577767777666
11111234411123442222354422635456663545633355566677777777
11233331122343112234351124445552244566664756667775567777
11222221112223133333311443556444555647447567777756666675
11122231144423111422344442235666633555666355767735577777
11122231122333112443351224335554466755444677556667777766
12222231122123411113344443356477335647775564677756666555
11122223312224331112433514443555564375566477566647777766
11111123414122344442233442223555555365577736777773666666
11111111222233224223544433354666355467735546777554666777
11122221311122133342233444456344545636655566675756777777
11111223311122333342234444223455555446665577776567777666
11111221333122334412234444223546677354666755667675555777
11111221122222133333233453554445555466757746677774466667
11222221223334123355413355441636544166655416667547777777
11112223111122333442233544246355444636555566666757777777
11111112221345662234562223456333345663444566745557777777
11111123444112355444233545423355552366672236667726677777
12222231121223411113344455534455553445666377766637777766
11111231122223122233344555536444553646445366667576777777
11122221134222113445213345553344465734666573666657777775
11233331124333112434411244456224555622755566777756666777
11233331123334122223412552441165544666555466775746677777
11122331422335142236514233651423665144666574477657777755
12222331112234155233415523441156344555634477666667777776
11111111222222345556234556623455666345776734447673334777
11111221344112335444235542223554462355566637666763777777
12223331112223441233341125534415555446665564677776667777
11122221132242133444211344567334456735555673575667777666
12222221133332114443211144335544663555466657556667777777
11111221313122333322453322445566444555666457666745777777
12222221122334111334451134465533446555346657566667777777
11112223311222433115243335524366655446665746675574477777
11123331412333141223314452224445525664655566667576777777
11122221111322133332244453336455555644557764477776666677
12222221122333411113344153334665555446575744677576666777
11222231222333112333411155346555444665774465577746666777
12222331122233144423514443351466365146666517655557777777
12222231111123444112345555234655553466666344766737777773
12222221112332114433314444331544663555566655776765777776
11112221131442553142255334425333642577364455776667777666
12233331222334125234412563441556644156666415576771577777
11111221331222333144233344225555466754446675557667777766
11112231122223412552341655534465753446573344677376666777
11111112222331422233344233534655557465655746666674477777
12222231242423144443315564431566663156566315557731777777
11112221312222131442433444445336777535677753566775556666
11223331112323141222344125634555563455766645776764477776
11112221131124553222453334245333444555566476666667777777
11111112333331234443524444352466655226667527667752777755
11111223141222314442233554423665547336554736675576667777
11111111222333442222344525334555533445567764666776667777
11112331222223112452314445334455533445666675566767777776
11111223112224312225433335546663554666354467755746777774
11222221332342133334215344461554446175555617577667777666
12222341123334112253411265341666534665553465577746777774
11223341552234155223411552346155234617733467777746666674
11222221111222313144433335446355554635754466577776666777
11112231114223541422354442235554433655566366666737777777
11111223331122333312244435224644555666455766645576777777
11223331112233122223314444351446755446675566677556677775
11112221122233412255341555634455563444666347766637777773
11111112213344223344422234542333554665557765567776666777
12222221122333411135544113554463375466637546666754777775
11111112233331244333524666352444665274665527467552777775
11222231222423114445311445531664553666453367665537777777
11112221133332415333241566324555622455566644766774477777
11112231122223114253344425534445553646657366675736677777
11111112333341223334422354442555554266557426666776677777
11222234112523411252341165334666553467653346765574477777
11122221112223411552344555637445563744566377466637777633
11111121333322133332244555224556572445657746667774466677
11222231122333114223511443354446355466666547766557777775
12222231122423111544311555435554443566664377776637777663
11122331222233114422314444331445553666655566765756777777
11222221133322411332541163354446535466655547666574777777
11111121314422334445236664523364452366675236777527777555
11222331223334123343412554441255564115566477566667777776
11112234411123441222354422635547763554776357776635576663
11122221122223111333344533664453666445667645555774577777
11222223111222314444431155463335446373555677756567777666
11112221133332113332244352264555776445577645577664477666
11222221123232113333314444531455556447755674775667776666
11223441123344112534412253341625334662555766655776677777
11222223112224311144433154443355554636775563677576666777
11111121333412334442234445523645522367755266677556667777
11111223131222313222433355443555546557744677764467776666
11122221122332113333214353554445555444666547667667777776
11111221333222113333244445324466552466665547676557777775
11111223111222333224433332456666445676664577774457775555
11112221312224131224433564443556474355677735666773556677
11122221311242131524233354446335444636557766657776655777
11222231112233411123344442356664335666445567655557777777
11111112134445223345526344452633345263675526667572677777
11111121334122534442253342225334666534476655577665777776
11112221311222433132245333674553667445667745566674455777
11111221311222433323244433325546666554466655747765577777
12222221233323111333311444441554464555576657777665777666
11122231412233145522314455231465553746665374476637777766
12233331122333122224311155441665774665577465557446667774
11222331444233154223315426371542637154666715467675556777
12222231223333112343315444441546777154677715567675556666
11222221223333142335314455531455666145566614447767777776
12222331242333114223315444431544566155556617775667777766
11233331222233112223311444551666445667774566674457777555
11111221134422133442233445623744562377756637555567775666
12223331122223411523341553364115566447556644757764777766
12222221111324111332455663445563334566663455767445777777
11112223111122344422233444553446665337665573776557777665
11112234112223441523344152234555553446775366667736667777
12233341122344112233411223441555346555564657666667777777
11111223344122333412233441225344666554666755667775557777
11222221111223444123344413335544363555666657777765577766
11111123415512344452233465523446652346665237766523777777
