111112133222334225344455344665666655
122334112344112334512234566664555566
111111223334233544235544225554666666
122222123344155334155344155346166666
111111222223444423544333555636556666
112223411123441223444333556666555566
111122112222334566334556334566444556
111122133332133222444566454566455566
111122133332143352446552446652466655
122233112233144233145555146556446666
111122312222314555334445334465666665
111222131222133444334455634655666655
111222314442314452315452335556366666
111123112223444223544433555536566666
122333122223144433145555144565166666
122233124223114453114453664553666655
111111222333242253444553445553666666
111222311242314442344555366555336666
111122133332133442555542554442666666
122223111223113333444445666545666555
112333112333122444152254655554666664
111222311122334442334545634555666665
111122333112334522344525446555466666
112223112333112233445566455566444566
112222311242311544333544366554666655
112223411123441223544663545633555666
111112331222345552345562345666344466
111111222234522334555344553364666664
111112313222333322455566445566444566
112222312442311145366445336455366655
112222111233441253455553445663466663
111222131122334442533344566664555566
122222111233114453644553644553666653
122222111234513334513364566664555644
112223412523412553415553416663446663
112222132244133444133554135555666666
112344122344123344123555123555666666
122222133324133344155554165654166664
111122334112334442344522355566556666
111122331124333224553244555664566664
122223122333144335146655144665146655
122222112344155344115334555334666666
111122331222431552433655443655446666
112222122333111443444453555553666666
112222112333112433555443566444556666
111123112223442553442533465553466666
111222133224113254333554655544666664
112222112233145533146553446553446666
111122311442334422334552634555666665
111233141223142233445253455556466666
122233111233411223455663445666445556
111123141223444223544233556663555666
111223411223415523445523465563466663
122223124333124453116453616455666455
122233142223144433155443115555666666
111122314122334552344652346655346665
122223114423511423514443555563666663
111222111223444233454336554636555666
111112333142533442536642555642566642
111111233333234444222445266555666655
122223114423111423554463555463566663
122223111223144433155436554436556666
122223111223113333444555464665466655
111122113422533442533342556644556666
111222331244311254333254665554666654
111233112223412233444453664555666655
111122334112334222354446355466555666
122222132344133345163445166455166655
122223124423115433115433555446566666
111233141223144423445223555563566666
122333122233112434115444665554666655
112223111223441523446553466553466653
122222123444113444153333155566556666
112222112334512334515344555364666664
111111233444223345266345226345666555
122233122233144553144453146655166665
112222311122341445344455333655666665
122222134442134555134455133356166666
122333112233112234155644555664566644
122223144223154433154663154663155566
111223111233445233445236445266555666
111122133222133342556344556664556644
111223141223142253444553465553666663
122233122433112433155446154466555666
111222131222331444536644533664555566
112222311224351144355664355644335666
111222131122333332455555444656446666
111111233344234445233645266665226555
122222132444133445133345116655666655
123333124353124455124455124665126666
122222111342113344553334555644566666
122222133244113354116354666354665554
111222113422133424533444553666555666
122222113323111333444445466555666655
111112312222344425344555334556366666
122222111112333344353444555466556666
111122113322433552443352444555666666
111111223344233344235546225646555666
111222132244135244135546335646355666
123334123334122444122554155566156666
111112314442333442533462555662556662
112233122234123334154444155666555666
111233122233124253164453664455666455
111112331222333242553644555664566644
111122134422134442333542365555666665
111222113244153246553246533446553666
122222133324133444153564155564156666
111122312222314455334445364555366666
111233112233144235444235664255666655
122223144223114553164453164553666653
111111222222334445344555345566336666
112222112233144433145436555436556666
111123141223444233445233555266556666
122233123334122534115544155544666666
112222311112333442534446535646555666
111112133222443332455532444555666666
112222112344132354133354666554666554
111112132222433325446335446555466665
111222111223444233544663546663555563
111111233334223344225544255664556666
112333122343112345162445662445666555
111112333412333442544462555662556662
112223114223144253144553646653666553
112233112334122334152444555664556666
112223111123444423454623555663556663
122223144223143333145555145665146666
122222111112333333444444566666555556
111112333212343222345566444566455566
112222133244113244133344555566556666
111123112223445223445533465553466666
111222311142355542335542366544366664
123333122223145523144566145556144666
112233122234112334515634555644566664
111112122222333455633445636445666455
111122112223444423546633545633555666
122222123333144353114555144465666665
122222113234133334156664155644555664
111112333312435222435552466655444666
111223141123444223454233555563566666
112222133322113344153444556646555666
112333122223111423544463554466555666
122333112344112344122354666654665555
111222131242135244335664355564356664
111111222233425233445663455663445566
112333112333122244152444555466556666
112233112333112223455566455566444466
111112333312445322445326445626555666
111112341222344422355466355466335566
111122112222344555334455334456366666
112222111122333445366445366445366555
111222131242331245333445666445666555
112222111122333334355554556444666664
111112133222333224535544555444666666
111112133222333224355554556644666644
122234123234123334155544156554166666
111222113224513324556334566344556664
111222314222314555314455334465366666
111222112233412333444435466655666555
112233112233412533412555446556446666
112223411223415233415336455666445566
111111222233422533455553444453666666
111122134422133422334445636555666655
111222341222341566341566344556334556
112223122443124443114533555563566666
112223112233411233445636455666445556
111222331122341552344556345566344666
111233142223142253144653446653666555
122233122233111433514466555466554466
122222123333113435144455144555666666
111223112223144233444433555666555666
123344122334122344125346155666155566
111112122222333334355444556644556666
111122331142334442534462536662555566
111222111322443352446355466335466655
112222122334153334153664156664555644
112222113332113332445556445556446666
111122331122433522433556445556446666
112222111122333344353644555664556664
111111222222333333445555446665446665
112333112334152344152244555264566666
111112333312444332454422555662556666
111122132224133324335544666544666555
111111223333425553422553442566446666
112223112333412233415566445556445666
111222133422113424333444555566556666
112333112323142223144455445555666666
111123112223455233455263445663445666
112233122333124443124445155555666666
111122331224351224355554335444666666
111112333122433352444452646652666555
111112344152334552344652334652666652
112222111223415563455663455663444633
112333122233144223114445664555666655
111222131224135524335644355664356664
111122113322444352466352446355666355
111112132222333342553644555644566664
111122131442334452336452366452666555
112223412223411533451563455563446666
111111222223444233454663455633555666
122223124433124443111543555563566666
123334122234122334155554155664166664
111122314222314552344566344566335566
122222123444133344111334566666555556
123333122233111224516664555644556644
122333123343122444152464155666155566
112333112233122243155444665554666654
112223112323412333415556445666445566
122233122233144335144665146665146555
111223111233442233444253455555666666
111111222333233344254444255666555666
112222111322413355444335644355666665
122222111234551134533334566444556666
111112331442333342556642556642556642
122233111223144243154443555553666666
122223122333111433514444555646556666
122222113342113344155334556644556666
111111233333223455244455244556266666
111111222233242443544433555536566666
122223112333112334514444555466556666
123333122343125544122544165554166666
112333122343112243152644556644555666
112222111223144433554633554636554666
111222112223143333445536445566455666
122333122334112234115554555644666664
122233122443124443111453555553666666
111111222223445523445533465563466663
111112344122344222334455633555666665
111111222223245553444553466533466663
111122333112343222443556455556446666
112222132244133334153644155646555666
111122112223442333444435666535666555
111222132224133354163354665554666544
122234122234111334551334555564666664
112223111223414423444553655553666663
111122331122333322444555464665466655
122222113442153344153346153646555666
111122113222333332444455445555666666
112223144223144233144533155555666666
112233412233411235461235466655446655
111222311442331442533642535646555666
111122333124353124355624556624566644
112333122344123344125664125664555566
122222111233441133445533644555666665
111222311222314455344445336555366666
111112333312433522444552465552466666
111122311422354442355442355666335666
111222111232445332455533445563466666
111122331224331224355444355646556666
111222112233412553444453666453666553
112222112233144443145553645653666653
112222111332144432544433555663556666
111112333312343522444526455526456666
112223111123445223455553466653446663
111223144223114253664253664453665553
122333122344122354116354166654665554
111223114423144223445233555563566666
122333112233142563142566144566445556
122222113244113554133554336554666664
111112344512345522344526345526336666
111222111232444233455553466653466653
123333124443122243152446155566155666
111223112233144223445533455666455666
111112333312345622345662445562445566
111122113222443352443555433665466665
111222331124331224355644356644555666
112223111233441223445533644555666665
111222331112345562344562344566345566
112222111332441332444335466655666555
111111222223442533455553445663466663
111112133452334452344452365552666662
111233441233411253446253466255666255
111122333112433322444526445566555666
122223124323114333114455644655666655
122233111233142233144444555666555666
122222112333411553441553444553666666
112222113322144355143355444355666666
111112345512344552344452366652336662
112222133332114332144455446665666555
111222113242513342533644536644555666
112222111223144443544333555536566666
111112333412354462354462354662555662
122223112333142353144455144655666665
111122113224533224553344555344666666
122223122443155433154443155563166666
123344125334125334125664125664125566
112333112223122443156643556644555664
112223412223415633415663415563445566
111112333122334225344255446655466665
111112133342534442534462536662555662
122344122344123344125336115666555566
111122131222333332444455466655466655
111222131422331425334455636445666655
112333122223112453144453445555666666
122222112333111443556643556643556644
112334112234152234152334556644556666
111112331222333342555542556444666664
123333122223112453144455146455666665
111111222333242353244453666455666455
122222132445133455134445133665166665
111122331422331422534446534666555566
112333112334112344552444552666552666
112233122333112344152446555446556666
122222133324156334156634155664155644
122223142423144443155533156563156666
122222132444133454133554113655666665
111222331122331442354444356666555566
122222133332114433511444555466556666
112222111122344444335554336655366665
112223144223144423145533155636556666
122344122345122345113345166345666655
111112331222433332455662455566444566
111222132224133544133554636654666554
112222111223144433445533455663556666
123444123454123554123355122356166666
111112344122334452334452366652666555
112222112332113333455555445666444666
111222122234113334553664553644556664
112222111232441533455553446533466666
112222112333112443444433556666555566
112222311242311544336554366654366554
111222113224513244553334556634566664
111222111222344444333554336655666655
122223111233141233444435466665665555
122233124433122443155463155466155666
111111233333224443255644256664255566
122223142243144443155663155663155663
122333142223142553145553144456166666
111222311222331444333455664455666655
122222123444113444513336513666555566
111222133332143342144442566666555556
112222311122314455344445366655336665
112222112332411333455563445566445666
123333122233122445114455614455666665
111112132222333425344445364655666655
111112331222344442344562355566355666
112222133324135524133544166554666654
111223112233415223455553445663446666
111222113342133442553342556446556666
112222113322411335444435466635666555
112222113232143333145566445556445666
111233114223514223554423566443556666
112222111322415333455553444453666666
111233142233144223144423555556566666
112222122333144335144435146665666555
111223412233412533412553445556466666
111222312224311444333445355555666666
122222134442133544133554113555666666
112222133322113334155444555544666666
111122311222333452344455346455666665
111122311222334442533344556664555666
111222111322333342535444555644566666
111122311422334422334555344565666665
111223112233142233444435466555666655
112223122333112453164453666455664455
122222111233114443544463555563566663
122222123333113443511444555554666666
111112133332334222444255446555666665
112233411223411223456663455563445566
123344123444123345122355126665166655
111111233344233344255544255666225666
112222113332133442153444556664555666
112222132444132444135555136556336666
122222112333111333445666455566444556
111112313322333222445555446556446666
111122133124332224536644535664555664
111111222333222433554443555544666666
111122311422344442354662355566335566
112333412223411233441256455556456666
111222131244133224533344556664555666
111122113224333224553344555544666666
112222111322143335446355466355446665
111222112233144253664553644453666553
123333123344122244112445616655666555
111122333142553142533642555642666644
122233144223154423154463155563156666
122222132344133334115444515666555666
112223411223441233441335466665665555
123444123344123345123665126665126555
122222111132413335433665466655444655
122223114223144443154633155636555666
111122131222333324355644556644556664
111122132222134445336445336455666655
111122314222314562334566344566345556
111112133332332222444556445566455666
112222311242331544331554636554666654
122222133332133455144455144556166666
111112312222332444335466535466555466
123333123345122445122455164465166665
122223111423511423554433554463566666
111222111342555342533342553444666666
111123112223442253445553644553666663
111223112223142333445535466555446666
122234123234123334115644515646555666
111111233344235554236554236544226666
122233121223111333444455465555466666
122333122334122344115644515646555666
112333122243115243615243665544666554
111111222334252344253344556346556666
123333122334122244111444555666555666
111112333412333442554422554662556666
122233142235142335144435116455666665
112234512334512634512634512634556664
112333122343122344125444155555666666
122222111332113334555634565644566644
111222133452133452136452636455666445
111122311422334422335444355666555666
122222112334113344133544555554666666
112223111233142233444553464655666655
112223122243155443154433154663556666
111112134222334442344552336655666655
111122134225134265334265344665346655
112223122233114433144443555555666666
111222331242531246531446533466555466
122222132344133354136554116654666554
111122341122344442334552365555366666
122233142233144253144553146655166665
112233144233144235142235145555666666
122223122333111343155644556664556644
111122131322333322445566445566445566
122333122233111234154444556646555666
111233111223455223445233445556466666
111122333122435122435666435566444556
122223122333111143444443566666555556
111122311224333524355524356544666664
111222111342553342533342556444566666
111111222223233333444455446555666665
122222112334511334551334555644666664
122222134442134555134566134566133566
111122113442533342553342556442566666
111222111322443325443335465555466666
111222132242133544133544663554666655
111222111222334444355664355664335566
111112314422333422334442556666555566
111111222333242233445536445566455666
111223112233412235446335466555446665
122222112333411153446553446653466655
112223122443125443155443155563666663
111111222222334455344455346556336666
122333122234111234551634555664566644
122222113323111333444444555555666666
111222331222311444355644335664555666
122333122233124435144445166655166655
111222341222341155346665344665334655
123333122233111224155544665554666644
111122112222333334355554666554666444
122222123334153344153644156664155566
111234152234155234155234656234666634
122222133332111134555534564444566666
111233112223142233444443555566556666
112222111233441233444433555566556666
122334152334152234155234156644156666
111111222223444423455533456633556666
111222131422133442553466553466553466
122333112223144233145556145666445566
111122333142333142556442556442556666
122223122433114443155643155643556666
112223111223145523445553466533446666
111112133222333224535444555446566666
122223124233144333114555164455666665
122233112433122443114453664555666655
111122134442134542334522336555666665
111122311222333332444555644455666665
122223122333111453616453666455644455
122223124243144443115553155653666663
111111222233422553444553465563466663
122222113332114335164435666455664455
112223122233114433514443556646555666
112222133422134445134455133555666666
111233141233145233445226445626555666
111122131222334425344665346655346655
111111233334255334256644255644225666
111112133322334222344455446665666555
111222131224331244533644535664555666
111111223333222343255544665554666644
122222111233143333145555446556446666
111222311422314452344555346565336666
111122112223445623455663455633445663
112333112333142222145555644445666665
111223122233112333445555445656446666
111222111222344444334555335556366666
123333122233112244115444555554666666
112222113244513244513664553364553666
122333112233142253145556144556446666
111122331122433332444552464655666655
111223122233142553145563445663445666
111122122223144553446533466553466653
112222134552134652134655134665334466
111112331442534442533422553626556666
111222133322133452136455666455664445
111123441123455623456623455623456623
122222113332113435163445664445666555
112233122223114563144563445563455666
111222112233412533444533455556466666
112233112234152334152344556664556664
112333112333142222144445666545666555
112222112233144453145553445653666663
111122311222333245633445644455666655
111222113222133444335554355654666664
111222311124355524336524366554366644
111222112232413335443535444555666666
122222111123144333444533455555666666
111222331122333142355444555664566664
111122344122334122334445636655666555
112223122233145533144553145566446666
111223411123445223445263455663556663
112333122233122434115444665554666655
111122134422133422533444536666555566
122233124433124553124653144655166665
112233111243122243555443554463566666
112222122344133334153554155544666666
112233112233122334155444556446556666
111222331124335124365524366554666544
122223112233145563145663145563444566
111112331442533342566342566642555642
112222113322114335664335664445664555
111111222223442433544433555553666666
122333112233112434152444556664555666
111222113224133244533446553466555666
112333112334112234522444566664555566
112222112333112333455566454566444566
111112344412344222345266335566355566
112222111322413333444453455555666666
111222111232444332455333445555666666
122222133244113354163354166654665554
111233412223411223444533646555666655
111233411233412233442555462555466666
112333412335412355412655412656442666
123333122233142255145556145666144466
111223441233411233452263455566455666
111112333122443526433526455526445666
112333122343125543125444125554666666
112223122423144433145663145563555666
111122311224333224335554555664666644
123333122343125544125644125646155666
122333112234111234555234555664666644
122222113324111334566634555634556644
111222131322133324535644555664566644
122222133342133444113454166555666655
111112132222334425344555334465666665
112333112333112222445556445666445566
111112312222344452334455633455666665
122333112334512234512644516644555666
111222111222333334553444556664556664
111122113322333442355442555446566666
111122113222333342553444555664566664
111234151234551234522234566334566664
122222111332441133444533466555666655
122222133442134444133355116655666655
111123112223442253466653446553466553
111122314122334452366452336455666455
112334112334512334512444552266556666
122233112233114235144435446665666555
112222113332144432144435666535666555
122222111123144433555443566643556663
122222111123415553446653446553466633
111222111232444432545433555563666663
111233114233144233554226544626555666
122223124443124533144563155563156666
112222113342513342513346554446556666
111222132242134444135554336655366665
112222133224113554613544633554666654
111122344112344452346552336652366655
122223112423144443156643155663555663
111112344122334522344552345556366666
112233122223111443554443556643556666
122233112233114233144566445566455566
111111223333223435266445266455664455
111223112223142533444533445555666666
122333112333112444122444566666555556
111122314142334442355422355556366666
111233111233444223442253455555666666
122334122334152344152344155666155666
111222113324133324556324556644556664
112223112223145553144653446653466653
111123444123454123554223566263556663
111112314442344222345266355566335566
112222112332114533444533465555466666
111222131442331442334452365555666665
111122133324133224553264566664555644
112233412223412333411555446665466655
111222113422313442333455664455666655
111233114223144423546223546663555566
112333112333142256142556442566445566
112222112233113333445556445566445666
112222111322144333443356455556456666
112222112332144433154436555436556666
111222112232144533445553466653466653
111123144423145223445223555633566666
111111222333224355424355444355666666
111112313222333224356664556644555644
111122113222333442354444355555666666
122222111123455133455336445636445666
111222132242134444135554335556366666
111222131222331444536644533664555566
122233112333412355412655416655444666
111233111223455623455623445623445666
111122334112344442335462535662555666
111111222222333334355444555446566666
112222111122334556334566334566444556
112333112343112443552444552266556666
112222112233144443155463556463556663
111122113332333452664452644452666555
122222111123441553644453646553666533
122233111234152234155334556444566666
111122133122433325446325466655446655
123334122344123344122546155566155666
123333124443122243125544116555666665
111222131142333542663542663544665554
111122133222133324553444655554666664
111222111222334445334445366555366665
122222133332143555143556144656144666
111112341442344422335552365552366666
122234112334122334155634155644556666
111222111232445532445533465533466666
122233111233411223445553445666455666
122223111123445123445553445563666663
111112333122344222334444555556566666
111234112234512234556234566334556664
111122113322333422534444555554666666
122233142223144433114453155555666666
111122113422333422353444555564566666
122233123333122455144445166645166655
111112331442344422354226355556356666
112222112332114335444335466655466655
122223122443144453111453666653665553
112222111324551324555334665334666644
111112333312445332455552466562446662
111223112223142333445366455566445566
111112133442334442355642356662555662
111122341122344452334652334655666655
112222133332134352114555444556466666
111111222334253334253664255644556664
122223111123441523455533456536446666
123444123344123334122555162665166655
111233144233114235644235646225666555
122222112333411353441355446655466665
112333122233112243155544656554666644
122222113332411133445636445666455556
122222113234153334155634156644556664
122222111323415333415563455566444666
112222111132444332544366554336555666
111112331222333242354444555466556666
122222113324133344115344555554666666
123344123334125534125544125566126666
122222123333113434155444155646556666
111222112223414433444533666553666555
111222331242331244331544555564566666
112333142333142255142256145556446666
122233142233142533145555144656146666
111122131222333424335444555564566666
122222111132413333444536455566455666
111222131222331455336445366455666445
111222111222333445633455636445666455
122334125334125334125644125664155666
111222331222331144533544555564666664
112233112333122344125644555644556666
112222112334112334555634556634566644
122233122333112344115444555646556666
122233112223144433155443155466556666
111233144233142223144523646555666655
122222111112333444353464355466555666
122222112333133344156644155664555664
111112314222334422333444555566556666
111222113242133244553344553664556666
122223114423155423154443155563666663
122222123333111334155544656554666644
122222113332113334155554656654666444
111222111222334445344555346665336665
111122331122333422553444566664555664
111122331122333322444556455566445666
111122112222344455366445336645336655
112222134422133444113345666355666555
112223122233114533144553444655666665
111222113332133322445555445566446666
111111223333222343255544556444566666
122222111112333444553464533664555666
122222123333111343144445666545666555
112333412223411523416523466555446665
111111223344233445263345266645266555
122233122433124443144553116555666665
111112331222344422355444335666555666
122222123334133354155554165444166666
122223142423144433145536155636155666
112333412233411235412255444555666666
112222122334111334566634556634555644
111222112223144333445353445555666666
112334112234122234155634555634566664
122222111132413333444355465555466666
111233122234112334552534655544666664
122222134425133445133645163645166655
112222133322133344156644155644555666
112222112333112443554443555643566666
112333122344123344122445166555666655
122222111112334555364445366445336665
112222111232441433544436555336556666
112223111423514423554423566433556666
112223111223144253444453655553666663
111123112223444523464523466553666553
122222111132415533455553444433666666
111222113232133332444566445566455566
111112122222333334555344565444566666
111111233333245563244566224566244556
112222133224133544136554136554666654
122222123333144433145466145556155666
112223142223143333144455146655666655
111122132224133324563364566664555544
112233111223414523444523466553666655
112222113322113445633455663455666445
123333122343122244155564156564156664
122223124443124553144533115553666666
111122314422314442333542355566556666
111122311224355224355544333544666666
111111233334235634255664255644225664
112333122333122444152554155564666664
122222112333411355413355446655446666
111112314422334222344455366665366555
123333122233112444112554665554666654
111111222344233354233554266554666654
123333122234122534155554115444666666
111122131442333422353442555546566666
111112334412334222534442536666555566
111112333312444322454322456666555566
122222111332411333444553455556466666
122222111112333344533444555664556666
111111233333224453224455626445666655
111222131224133244333544555554666666
122333124443122243155543155546166666
122222111112334445344655334665366655
111112122222333455344445336645666655
122222113332133444135664155564556664
122223122433144443155643155663155666
112234115234165234165234665234665534
112333112223142233144555444565666665
111222331112333422534446554466555666
122222123344113354116354666354665554
111122112223455233455533445636446666
111222311242315442355644335664355666
112223122233144443144553166553666655
122333112344112334122564555564566664
112222113224513344513444553366556666
111233441233441223541223546666555566
122222111112344444355546335566335666
111111223333422353422555466665444665
111112133332445322445322445666555666
122233111234151234556234566634556644
111222131222133455334455634445666665
111123122223144423544433555563566666
111111222233442233544436554636555666
112222111132444332455333455666455666
111112132222332444355446335466555666
111111222333423335426655426655444665
111112312222333425364455366445666455
111122311222334424335444355666555666
111123114223444423566423556623555663
122233112223411333415666455556444566
122223122333144335144455164665166655
111112133322433322455552446655446666
112222111232133334553444555464566666
112233112334112234566234566664555544
122222113245133445133445136455666665
112223111123444423445523665553666653
122222111233141333445563455566445666
111112313222333224553444556464556666
112233112333412223415555444655466666
122333122233111234514444555554666666
111222111322443325443335466655466655
111233111223444523644523664523666555
112233111243122243556643556643556644
111223141223142233444335664555666655
111122131224332244334445366555666655
111111222223445523445533644553666663
123333123434122444122554166655166655
122222112333143353144455146455666665
111122131222334255344445366645366655
111112133222435552433352466655444666
111223141223144223444533666553666555
122223121233111433444435455555666666
111233111233442233422566444566555566
112233122233112433514446554466555666
122223124423114433511443556663555666
111122331222331244533444555546566666
112222111234551234556334566334566644
122333142333142256145256145556144666
112223122233113334516644556664555644
112222312445312445316455316455336666
111112133322433225443265446665466555
123334122334152234155244155664156666
123333122443122543126544116554666655
111222132242133344155344556346556666
111112312222333244536644535644555666
123333123443122444122545166555166665
112223122233114433144553445555666666
122222111332411333444553464655666655
122222111123144443546333546663555566
111112133222333224355444555664566664
112223411253412253415553444653666663
111222111232445332455366445366455366
112222311124315524333554636554666644
111233144223114233544223545666555666
112222113324113324553444553664556666
111111222233422533444533445555666666
111112133322333222444455466555466665
111222111232333332455566444566445566
122222134442133444133355166555166665
111233112223142553442653466653446655
112222111332145532445633445663455666
122222111123441333445353445555666666
112233111223441223544443555663556666
122233122334125334155554166654166644
111111223333222334255444556664556664
122222123334133534165544165554166664
111222111332433322435666455566444556
111223411123452223455633455636445666
111122133332145532444532455562466666
111111222344253344255344253366556666
122223124243114443114553666653665553
111122122223144553445533465533466666
112223412223411553415553445633466666
122222133425133455136445136645166645
111222131244132244533664533664555566
111122112222333333445555445666445666
112223112333122334155444555446566666
112222133322113444133544555564566666
111111222233245553245553444663466663
111122132222133333455555446665444666
111111233334222234555234566664556644
111222314442315442315642355666335566
112333122223142553145553144566446666
112233411223411233444253664555666655
111111223333244433245666245556245566
122223111123145523444553464653666653
111111222333222433444453646655666555
122222112334155334115344555344666666
122222112344111344553344556336556666
111122133224153324553324566664556644
111112331222333422355444556664556664
111122312224312444355544336555366666
122222133332114334114444555666555666
111122131222334425344445366555366665
122233142533142533142555144456166666
111233411233441253642253644255666655
111122134122334425336425366445666555
111122113322333422535444555664566664
111112341552344552344522346526336666
111122341122344422345555346655336666
111112134552334552344562344562366662
111112133332432222435555446565446666
111222131224331524633544636544666555
112222111122333333444555664445666655
111222113224133324536344566664555564
111222113222413556443566433556443566
111222111332433322445366455556445666
111123112223442233444563455563556666
111223441223411233455233456666455566
111222113332133322444555464455666665
111233112223412233444453465555666665
112222113232143335144355644455666665
111122113342333542355542554442666666
112222314425311425316455336445366665
112333112343112243552644552644556666
122223111233441233441553455556466666
111112333122443332455552466552446666
122233122243111443154433554666555666
111122113324553324653324655524666644
111112314442354442356622355662335566
111222311122334452344455364665366655
122222123444153434153334155566156666
111223411233412233442553644555666665
112222112332114333444355446655666655
112222113223413333415555446565446666
122233122233111134555534565444666664
111112334412334442334522666525666555
122334123334125344125554126554166666
112222111122333444335464355564556666
122223112233114433155443555544666666
111111233444233544223554263655266665
111112133342334442344522665552666655
111222111332443352443552443655666665
122234123334125334125554115564666664
111112331442354422355422355466356666
111123144223144233544236555236556666
111112333312455332455562445662446662
122233142223144433154453155556166666
111111222333224553244553446553466666
112222314442314452311455336555366666
111112344122344522334525364555366666
122223142253144653146653146553146653
111222133232113332445555444665466665
112223412253411253416553446553466663
112222111223441553446653446553666533
122233112433112435162435666455664455
111122113332444532464532466532666555
111111222333224353244553444655666665
122222113442133344153664153664555566
111111233333223445226455626445666455
112333122333124555124455124445666666
111112314442344552334522355526366666
111122122223144453664553644533666553
111222111234555234565234665334666344
111122132224135524335544633554666664
112222311122333144355664356664555644
111111222333224333244455644555666665
111112333412355442335442555642666662
122233111223141233444435465555666665
123333124435124635124655124655124666
122233112233142335146655144665446655
111122113322433322453556455566444666
111111222334223344253354655554666664
122233124333124355124555144665146666
111111222333242553442553466553446666
112333122223111423544443556646555666
122222133324133444113445166655666555
112223412233412536411536445536455666
111112312222344442354466355666335556
122233124435124435124435116635666655
112222111322143335443355446555466666
112233412233412233411566445566455566
122222113442113544133554335554666666
111222131242331442355446355466355666
111112314422334422335462535466555666
111122133142333442355462554462556666
112222133244113254133554635554666664
111222311244315244355246335646355666
112334112344122354122354666354666555
111222133244153224153444553366556666
122223112323411333441555446655466665
122222111332144433145443555663556666
111111223444223344223334555556566666
122233124223114433144435166555666655
111111233333224443225446255546556666
122223114423154423154663154633555666
111122122223144333445533446555666665
122222113342133344135664155564556664
111112334212334222354444355566556666
122333112234112334152644556644555666
111122312224315244355554335664366664
111222111222334445366645366445336555
111122312224312444354466355556335666
123334122334125344125544126555166666
111122131222333324536664566644555544
122234111234152234155334556634566664
111222131425133425334425344555666666
122222111233113333455566445566444566
112222113242113444533464553366555666
122222111323141333445355445556466666
112333112233112223444445666455666555
122222123444133544133545113555666666
112344112334122354162354662354666555
112223122323114333154444555466556666
112222112333112343555543566444566664
111122333112333442544422545666555666
111122113222443332433555446655466665
111112314422344452345552335562366666
111111233334222534265534266554666544
112222112332413333414555444665666655
111112133332443532445552455622466666
112222111324153324553344566364556664
111223122233112443444453665553666655
111222113222413355443365443665466655
111222113442513442533442553666553666
111222311442331442335542355646556666
112222111122344455333445363455666665
111112333312444332445222455566556666
111222132242134444135546335666355566
122333112233122435164455164445666655
111122131442533342533442556462556666
111222131222133333444444566666555556
112233412335412235411235444555666666
111233111233442223455523455666445666
112222311112334442334544355566556666
111223142223144423144333566666555556
112333112443122243125543555446566666
122223142243144443111533555536566666
112223112333112233444566445566455566
112222133224133444113455663455666655
111111222233244235446335466355466655
112333112334122234155244555446566666
111233112233122233455555466665444466
111112312222333442355466355466554466
111112122222333444333544555564566666
111112132222433332435556445566445666
112222112323411333445535466555446666
122223122433114443114453666553666555
122233124233124533144566145556145666
122222111123144533446553446553666653
122233122234113334115564555664566644
112222113342133542163544663554666554
122222113452163455163445163345666345
122223145523145523144553164433166666
122222111132144433443335645555666665
112223111223144233444453666653665555
111122131224333224353544655554666664
111122113332433222443566444566555566
122233122333124443155444155566156666
112333122343122443124445155555666666
111112333312334442544662554622555666
111223441233441233441235666255666555
123333122243122543115544155564666664
111222311222314444335544336555666665
111123411223444223455523465553666663
