111111233344222334522344555646556666
111122112222344444343555333565666665
111222112223144333444435666635665555
111122311442354422354426355556336666
123333122233111224516664556644555644
111111222234223334553344556644556666
122223122333111433515444555664566664
122222111132455133445533446553466666
111112334122354422354442355556366666
111111234455234445233345266365226665
122223122433111443155433554466556666
111223112233142233445563445566455666
122223142243144443115553165553666663
111111222234255234553334553644666664
111111222333223343244444566666555556
111222111222333344335544655554666664
111233412233412223415563455666445566
122223121243111443555443555433666666
111122331442331442533442566662555566
112222113342113442553446533646555666
112344122344123334123564125566555666
111111233344233344255664225564255666
111112331222345522344555344656346666
122222111342113344533664535644555666
111222331112333422356444556644555666
111222111322444332444335666355666555
111122314122344225334665344655366655
111123412223412233445336455566455666
111112331222344425344625346655366655
112222112233413333415566445556445666
112222311112333332455555444445666666
111112333122334422344552644655666655
122222133332134435144555146665146665
111222133224153244153344555346566666
111122341222341425344455333665666655
122334122334112234115534555544666666
122223112243154443154433155636556666
111111223333233445244455245556266666
111111222222344555334566334566344566
112222111122334444355466335466355566
112223114223114423554443655553666663
111112334142334442536422536662555566
111112133332434322444225645555666665
111233122223114423544463545663555666
111112334142334442534222535666555666
112222113322113334556344556644556664
111111222223233333444555444555666666
111122131222333442355444355466556666
112223112423512443516643555643566643
111111222233425553425333455666444666
122234112234111234555334556344566666
112233114223114223544663554463555666
112222134255134245134445133355666666
122222123444133444133566135566155566
112223112223114433444433555666555666
122333112223111233444455455556466666
123334125534122534125534125664166664
111122113332433522435552446655446666
111222311122333452336455666455664445
112222311112333342566344556664555644
111112133332444332455552445562666662
112234112334112334552234566664555664
122222133244113344153346155646555666
111233112233414223444523664555666655
122223122433155443155443156463156666
112333112234112234556234556644556664
111123141223442253445253645553666663
111111233333222234555244554446566666
111233412233411223444523645555666665
122334122234112334115344555664556666
123334122234122334155554115654666664
111222133224133324155344556664556664
111222113422133425633455663445666455
112233111223142233444553466555466665
111222131124335524335524636554666644
112333112223112243555543554444666666
122234122334125334155364155664156664
111223412233412533412553466655446665
112334112344112334522364525664555666
111112333312435322455526455626444666
122222123334113554163544163554666654
123333122233112244155544156664556664
111122311422333452663452663455664455
111122311222333342355444555664566664
111222131222133444553446533646555666
112223122443112443514433555563566666
112233142233142553142553146556446666
111111233333224435244555224455666666
111233145223145263145263445263455666
122333112233112234155544666544666554
112233112223112333444455464555666665
122223123333123444155644156664155566
112222112234153334155534665534666644
123333123435124455124455124665126666
111223411123444223445623555633556666
111112133322433222435556445666445566
111122311224332254366554365554366644
112333112223112243544443554666555666
122334123334122234115444155555666666
122222133332113444113444555566556666
112333112333112224555244565664566644
111222341125344125346625344665336655
122223124233144443155453115553666666
122222111123144333445336455556456666
111112122222334444334554355566356666
122333122344123344125644155666155566
111122133322134552334452444655666665
122222133342115344155334156664556664
111112333312445332445552445522666666
111123122223144233554463544663555666
111122122223145553445553444633666663
111112134442333422354422356666555566
111233122223144423145433645555666665
111112331222334224534444535666555666
111222311122334442344555334555666666
111122133122334442335542555644566666
111112344512344552344522335526366666
122223111233114233444435466655666555
111222331112344522345566344566345566
111122312222313444333554655554666664
112222112332113334555344655544666664
111222113322133332455566445556444666
112234122234155234155334155364666664
111222133244113224533644536664555566
122233124443122443115463155563556666
112222112233145563145663445663445563
112233112243512443512443556643556666
111222133322113332445556445556446666
112223111223414423444333555556566666
122222123333144433145556145556146666
112222113324113324553664553664556644
122223122433114435164335164455666655
111233112233144235442235446655666655
111222331124351224355554336544666664
123333124433125444125564125566125666
112233111233122234555434556444566666
122233124333124453124455164655166665
111122113332333222444445466665665555
111222112232143335443635444655666655
111112314222344442345662335666355556
123333122433124445124555124655166666
111122112223444323456333456666455556
111222131122334552344555344665346666
122222133332145533144555146665144666
112222122334115334155334555644666664
122222113244113334133544666545666555
111233114233514233554222544666554666
122233112223114553164453664453666455
111122113422333425634425636455666455
122233122333124435144655144665166655
111122132224133524336554636554666544
112222111232145333445533446555466666
112223122423114443155433556463556666
112222311122314445344665346655336655
122333122333142255146555146665144466
111223142223142333145553446555466666
112222111122344556344566334566334556
111123144423142223542633545663555666
122223112323111333455555445666444666
112222311452311452344455346665336665
122222111123451563455563445663446633
112233112433122443125543555644566666
112223112243512443515443555463666663
122223111423154423154463556463556663
123333122443125443125544126555166666
122222112333133344115444665554666655
122222111123133333444445666455666555
111111223334223334255444255646556666
122222112333111333444455664455666655
122222112334153334156364156664555644
122222123334111344516334556664555664
111222133222113334555634565644566644
122333122333122444111444555556566666
111112334412344552344652366652366552
112222111223144433546633544663555566
112233412253411253441253446653666655
122233111223441523441553445553666666
111223441223411233445233645555666665
112222132342133344156364156664555564
111112132222435526433566433556444566
111122331422531422533466534466555466
122333122243111243155643556644556664
111233122223124333144455646455666655
112223112223415333415553466655444666
122222133244133334111554666654665554
111123144423145223445233555263566666
111122113322443562443562433566455566
112222311224331444531644533666555566
122333122333122445111445666455666455
112222111223414333444433566666555556
122222123333144335145555144566146666
111222311244312254333354655554666664
122223111123144423555443565433566666
111122112222333445334445366455666655
111222311122333324555344665554666644
112222122333113344513644566664555564
111122112222344444333354636555666655
111222311224315244355544336554366666
122222111112333455344445366645366655
111233122233124553124453444655666665
111222112232413335444335644655666655
111112134422334425366425366425366555
111222112233415236445336455536445666
122222111324151344555334553364666664
111112314442334422334552366652666555
111233122233112233445555444655466666
122233142333142235144445116555666665
123334123344123445122245165555166666
111233111223444423454223556663555666
111122313122333224355564556664566444
112223142253142553145553144463666663
111222131224133324533444555554666666
111112331452344452334552364652666652
111112134552334522344552344652366666
112333122443122433124445166655666555
112233111233414223444423555555666666
111112331422334422534442536666555566
112222111322441335443355443665666655
111223111423554423554223554433666666
122223144423114423511433555536566666
111111223334223534253544255544666666
111111222233425563425663455563444663
111112312222344452344455366655336665
112233411223441233441235466665665555
111122333112334442534422555466556666
111222312224315444315544335556366666
111112133322455332455362445562446666
111112314552344452344552333652666662
122222111332441333441355446665666555
111122331122333224553444556464556666
112222311112334442334555344565666665
112222312424311444331554336655666655
111111222344222334555534655634666634
123333123344124445122455112555666666
112223112323142333144555444665666655
122333112343512344512644512664555666
123333122233122444115544155646556666
112222311122314455344665344655336665
111222311122333452663455663455664445
111223441233411253446253646253666555
111233111233422233442555444565666665
111223141423144423545223555663566663
111122131332433322444525445555666666
112223112223411333455356445556446666
111122311224333224335554555444666666
112223112333112344552364555664566644
122333112233112243154444556646555666
111222311222331444355564355664356664
111123114223554233544233544266556666
122222133244133344153544155566156666
122223112333112443516443556644555666
123333122334122244155564156664155664
111123141223444223454263555663556663
122222113332113434513444556664555666
122222111123144333554633554666554466
111233111233422233445266445666455556
111111222223455523445533445663466663
122222111112344444334566355556335666
112333142233142223145566145556445666
112333142333142222145666145566445556
111122331122333422344455644555666665
112223111123455623455623445663445663
111112314442334222344255335555666666
111122333124553124553624553624666644
122223121323111333444445465555666665
112222112233413335416355446555446666
112222311224351444351644355666335566
123344122334112334512264516664555566
111122133342153342555342554442666666
112222111322143333445366445556455666
122223112243514443511433555436566666
112223114233144223145533445555666666
112222112342113344553444533666555666
122222133324111334155344556664556664
111222133242113342533444556646555666
112222112233415533415533455666444666
122233142223144333145666145666145555
111223112223144423544433556636555666
122222111123415553455533444663466663
111122134442133422335442535666555666
111222113222133444333554666554666554
122222111123144433444335666355666555
111233122243152243154443554663556666
122222123344113444113554663355666655
111222311242331244333445666455666555
111222331112433322443555455566446666
112222111122333345366345664445664555
111122311224355244355244335546366666
111112333312344522345522446555466666
111222331112334422335444555466556666
112233122233112334516644556644555664
111112331322433352444452646552666655
111111233333243566244556224556244566
111222133322133342144444555555666666
112222133332113342155444554466556666
122222111233141553444553465563466663
111112122222333344355644355664556664
111111223333222443524443555466556666
123344122334112234511234555564566666
122222113244153334155534155634666664
111111223334222334552364566664555644
111123415123455523445223465263466663
112222112333412533415563445666445566
112233122433152443152443156646555666
112222311422315446315546335446355666
111111222233223334556344566644555664
112233142223142533145553146655446666
122222123333113344155564156664556644
111222131222133333444566445556455666
112222113342153442153444553666553666
111222331224331124355554366554666644
111223441123541223544423555563666663
111222134222134444133354636655666555
122333112233142535142555146656444666
111233122223124533164553664455666445
122233121233111233445566455556444666
111223144223144223154433555553666666
122333122443152443152443155556166666
122222133245133345166345164445166655
122223124333124335144455146665166655
112222112323114333544463544666555566
112333412233412235411255466555446666
122333122333112455142455144465666665
111222331442311422335444355666555666
112233112333412253412556445556446666
111223112233414223444453666653665555
112222133322143335144445145555666666
111222314422314452314455336555366666
112333112333112222445555445566446666
122223111223144443154433555563566666
122233122234113334155644155664556664
123333122334112254162554166554666544
112233112223114423444453666553666555
122223124423144453145553155633166666
111222311222331455344445334665666655
112223112223143333144445646555666655
122222111132444133544336545636555666
112222111232144335444335466635666555
111111223333422335422555445566446666
112222111132455332445633445663455666
122234125234125534155334156344166666
111222311422313425333455666455666445
111123441123444223554233556236556666
112223111233412253445553446553466666
111112333122333442555542566542666644
122222132445133445134455133665166665
122222123333133444115446155646555666
111222111223444523446553466533666553
111111222334223344253664553644555666
112222112332113334555534556644666644
111122311222333324553444556664556664
123333122223144423115444155566556666
111122112223442333444335455555666666
111222133322143562143566443556445566
111222133442113542663542663544663555
122222123333111443155543556444566666
122334122234125534155534165634166664
111222131222331444334454366555666655
112333122233112243514446544666555566
111222311224351624355664335644355664
122222133324155344153364155564166664
111233144223114223554233544666555666
122222111132143333444453455555666666
122233124433124335124445115555666666
112222311122314444334566354566355566
111223112223144423444533666553666555
122233111233141223444453466655666555
122222113342113444133454663555666655
111122133422133425334425664455666655
111222331222331144533644556664555664
111112333122343322444552464655666655
111111222333223344253444556646555666
111112331322433322445526445566455666
111222133222134455134455633445666665
111111223344233344253446255566255666
112233112223114423554433544666555666
123334123344123444125555122556166666
122222111112333455336455366455666444
111112333122433322444525445555666666
122333123334122244115554616554666654
111122312224315244355446355466335666
111233441233441233451222455666555666
123333122443124443122455116555666665
111111222233444223444553666533666555
123333124334124444122555126655166665
111233114223144233442253455555666666
111222311242315542355444355466336666
111112312222333425363455664445666455
112223112223144443144533665553666655
122333142223144253146653144655166655
111233411223441523455523445523666666
112222113322113344553344555644566666
111122133122334422354444355666555666
111111233333222243526444556664555664
112223111233142235444435666435666555
122333112223111233455566445566444566
112222311442331442331544636555666655
122233122443124443114533166555666655
111122131222435526433556443566443566
111123114423444223545623555623566663
122223123333124443155444156666155566
112233111223412253466653446553446655
122222132444133444135555135656136666
122222112333411553416653444653466655
122222123333113453114455666455666445
111112133332435662435662445562445562
111122311442334422355442335555666666
111122311224333224533444556664555666
112222113332413532413555444655466666
111112132222332445334445636455666655
112222111122333333444455646455666655
122222123333145533144555146665144666
111222112234512334555334655634666644
122222134442133344133554116655666655
122223122333113344115444555546566666
122222111132145533445533466553446666
122223111123441523446553446653666553
111122133322143322443555466665446655
122223112323114333144445646655666555
111222311122344452345555344665336666
122222123444133445133345116555666665
122222121344111344553334555634566666
111122112223444423555443555633666663
111122113222333244533544555564666664
112222133324115324165334665554666544
112233112223411233444435455555666666
112223122423114443144333556666555566
122223124443124553114553614653666653
111112331222344252334555634445666665
112222311122344155334455364465366665
111122311222334442344545336555666665
111112333122334222354444555664556666
112222133224113554133554636554666644
111112133332334442444552555562666662
112222113232113333445555444465666665
111111223333222233455666445556444566
112222113244113244553346533646555666
112334122344112334152344552666555666
111222331124331224335554666554666544
112223412223411553415563445563466663
122222123333111433515444555664566664
111222111223444523445553465533666663
111222133224113324553444553466556666
112222112332411333444355445555666666
122233122443124433115436515466555666
111111223455233445233445263645266665
122222111233113333444455464555666665
122222133342135344135444155566156666
112333112243122243155543666544666554
112222132444132544135564135566335666
111122311222334255334665344665446655
112223112423152443155433554463566666
111122334112344422334452355555666666
122222113332144433154463154666555566
112223112223114553444553445533666666
122223112233411133444553664455666655
122222133342133344115554155564666664
111223122223114433444553664553666655
122222123334113334115444665554666655
122222133332145533144555144566146666
111111222333242233445663455566445566
111222111222333444553466553446553666
123333122433124455124455126465166665
122234122534125534115334155344666666
111234112234155234556234566234566634
111222122233114443554443555663566663
112222132442135546135446135546335666
122344112344122334125334155566556666
111222314422311425334445633655666655
122223122333144443114543166555666655
122222123333143553144655144665146665
122223144223114333114355664455666655
112223111223145233445533455566446666
112222312425311445314455334665366665
111111222223425553465653466653444633
111111233333234555224565244566244666
122333112223114233144444566666555556
112222314225314465314665314665334655
112222112233144553146553446553466663
111112333412353442354422555462566666
112333122233122435114455644455666665
112333112234512334512444552466556666
111112133332334442555542566542666642
111122112223444233454553455533666666
112223112233142553145563445663445666
111111223333222233455566454556444666
111222133332113322455566454566444566
111233142223142423144453666553666555
122222112333411353441355446665466655
111223112243515243555243566443666643
111111222333233344225544555446566666
112222311142333142553644553664556664
111122312224315524355664355664336644
111112331422334422334442566666555556
111234122234122334153364555664556664
111111233344235334255644255664225666
122222133332111133445566455556444666
111122112222344444335456355556336666
111233142223142233144435646655666555
111222112223145333445663445663455566
111122133452136452336452366452664455
112233112333412553412555442566446666
111123441123544423556423556223566663
111111233444223344223354626555666655
112222312244315554315544316564336666
112333122223144423154443155555666666
111233122223114523644553644453666655
111112122222334445336645366445366555
111122113332445332445352445552666666
111112133222334452334552644455666665
122333122433125443125444115555666666
111222311422313442333444555555666666
111123122223144253445553465533466666
111123411223445523455523456623466663
122333112344512334512644512646555666
122334122334122344155346155546156666
111222133332134432155442555446566666
122222123333133444155644115664555666
122222133424153444153334155566156666
111222131222133444334455364655666655
111233412233411233442255446665666555
111222113222133344553344556446556666
112234122334122334155534155544666666
122222111332114355444355644335666665
112223111123444223455333455556466666
111112133222443322444335455555666666
111123112223444223444533555553666666
112222133322144333145666145666445555
111234122234112334552344555346566666
111112122222333455344445334665666655
111122113322444352446352466355666355
112333112223412533412566444566455566
111222131242134442335544355666355666
111222131222331444355564355564366664
111112312222334552344455344655366666
111122131222333424356444356664555566
122333112223112433155444555464566666
112333112333142222145555445665446666
123444123444123335123655126665126655
111222131242331442333444556666555566
122223122433144433145663145666155556
111112344122344225334255334555666666
111122333112433222434555444655666665
122222112333114333514444555564566666
111233141223441223445233465555666665
111222311242351244355554366654336664
112233411233415223415523466555446666
111122311222344442355544335666355666
111222111222344455333445336645666655
112333412235412235411235466655446665
111112314442334542355542356562366662
111222314442315442315542333555666666
111122314442314422355426335666355566
122222123334113334115444555466556666
112233111233122233445666445566445556
122222111132413335466335446665446555
111223411233441223455263445663555666
122222111112333444553464553466553666
111123412123442223455553445653666663
111122311222333442536644535664555664
111112133322443522433552445556466666
122222123333114453144453146555666665
111222111233442233544463555463556666
112222111223415533445553466653446663
111122131332433352466652446652446555
122233144233114223114443556666555566
122333112233144253114255664445666655
111112334412344422335426535626555666
122222123333133444111544666545666555
111112312222334255334455344455666666
111122133122433352466352446555446665
111112333312334222444442555555666666
122333112343152443152444152666555666
122223111223141333444443566666555556
111233141223142223445553644653666655
112233111223412253455553446563446666
111111223333223445223455664445666655
111122314442314422335426355556356666
111122314125344225344425366665336655
112222133322133455134455166445666645
122222133244133344155354115554666666
122233122333112443155444155554666666
122333112333412555412665412655444666
111122113322443325446325446355666655
111233411223412233442536445566555666
112222311422311444355446355566335666
112222113322143555143566443556443666
111111222222344444333354366555666655
122223112323114333144455646455666655
112233122333122435144445166645666555
112223112233412533415553444455666666
122222123333144433115444155566556666
111111223344225334225334665554666654
111222111332444322544366554366555366
123333122223112453114455444555666666
111112331442334422355442356662555666
112222311122333144355564356664556644
122222112333411153446653446653466555
112222111122333344355446355446556666
111122333112343522345552444556466666
112222314422314444315555316565336666
112222111332413332445366445566455566
123333123444123454126554126655126665
122222111112333444553664553664553664
111112333312443322455526455626445666
112222133422134444133345166665665555
111111222334233334224444555566556666
111222131242134442533346553646555666
111233112233142233444256455556456666
122222133324153664153644153664155564
112222111123445623445663455663455633
111122132222134566334566344556344556
111111222333442223445533446555666665
112222112233411335444335446665666555
111111222222344444334566333566555566
112233412335412235411235466665446655
112222132324133344113554555544666666
122223124433124435116435166435666555
111112133332444332554222554466556666
112222133322114333514444555564566666
112222112332133344155364556664556644
111122331222331424335444555554666666
111122344112344452345552333552666666
122223122333144435114435164555666665
123333122433122444125464115666555566
111111222223455523445333455663446666
111122331142344442355462355662355666
111112314442334422334522366555666655
111112314422344225334425336655666655
122223122433154443155543156543166666
111223114223514223554443566463556663
112333112223112233444555446655466665
111222133222113333444555455566446666
112222122334153344155334156664556664
111123122223124333444535446555666665
112222111122334555334445334465666665
111222331142531442533642553644556666
111122312222314444333344555556566666
111222132224133334155534555644666664
122333112433112434152444552666555666
111233412223411233444253646655666555
112223112243112543555543564443666663
123333122343122245114445164555666665
112222112332411333445366455566445566
112333112223144423144423556666555566
112222113322113444533664553644555666
112233142233142233145555146655446666
111122314442314222334455355556366666
111112333122433222435555455666444666
111233111233222243444443555566556666
122233124433124433124566154566155566
111122311224333224355554355644666664
122223121233111333444445466655666555
111122133124333224563264566664555544
122222111233441533641553644453666655
111111223333222343525444555644566666
122333112223112453616453666455644455
123344122334123344125664125566155566
111111223334225344255334265554666664
111111223333244453266453264455266655
111112134442333442536462536662555562
122222111233114553444453466653666553
112333112343152344152224555644566666
111222122233114563444563455563456663
111122133142334442334522664555666655
112222111132444332455633445636555666
111122113222443325446335466635466555
122222121344111334533344556664555666
122222123344133444135664135566155566
122233122334112344115344555646556666
112233112233122334155444665554666654
111112344152334452334452636552666652
111122331122333322444445666455666555
123333124433122444152466152566155566
111223122243156243156443556643556643
111123144223142233442335466555666655
111123411223422253444553645553666663
111222133324115324555324556344666664
122222112333111333444444555556566666
111223411223441223444533666535666555
122222112334511134555334665534666644
122222133244133334115544616554666655
122233124223144333144455116655666655
122233122333124345144445116665666555
122222132444133344113554163555666665
112222311245311245333445634455666665
111222311242314442334546355556356666
111233112233122234566634556644555644
122233123333122455164445164455166665
111222113224133244533364556664555664
111111222233422333444435466655666555
111112134422334222344456355556356666
111222133332113422553444556644556666
111112331222333244553244555544666666
112222312442314455314465316665336655
112333112323112223445555446556446666
111223441123444123455223556663556663
111122134125334425344225364655366665
111111223333224443224443555666555666
111122314442314422333452365555666665
112233411233411233455266455266445566
111112314422355442335542335542666666
111123411223445223455263455663456663
112333112323142223144555664445666655
122222133424133444135554135655166666
111122131442333422335426555446556666
111123415123455523445523466223466663
111222331112334522344555344465666665
112222111122344456345456345556333666
111122331222431255433555443665446666
122222111332143355146355446355446666
122222123344113344153344155555666666
122233121223111333445556455656444666
122222111123144333445553465553466666
111112313222333342544442556646555666
111111223444233454223354266355666655
122233112243112443144453666653665555
111111233333244453244455266655226665
111223411233441223445523455663556666
122333122333122445144445166655166655
111223141123542223544663544633555666
111222111222334445344455333655666665
112222311122314555334566334556444666
123334123334125554126554126544126666
112223142233144253114453664553666655
112333112323112223455556444556446666
111222111232445233445553446553666663
112222312442314444311566335556355666
111222311122333324355544556664566644
112222311112333342536644566664555544
122222123333111343155544556544666664
112233112223412553415553466653444666
111222133332113342555542666544666544
111112333122344442345422355666555666
111122331122333422535444555544666666
112233122443112443152463555463556666
111233122223112443555543655643666644
111222111232444332453336455666455566
111111222233244443254463556663555663
111112331222344452346552346555346666
111222113224133424333444555556566666
112233122223111433554463544466555666
112222112233411335444335446555666665
112222132444132445133345136665666555
122333122333142555142565144665144666
112222111132443332445633455666455566
111122131322433322435666445566445556
111111222222334555334555334666444666
111222311244312245336645366445366555
112223122443124443154333156666555566
111122333112343222345555445666445666
122334123334122354112554166654666554
112222112324155344153364553364566664
112222311442311542336544336554666655
111111222233244443254463555563566663
111122311442333422354442356666555566
111223114233414223444523665553666655
112334122234125334125354165554666664
111223114423514423566423556423556663
122223122443111443156643555643556663
112233111223441233444235646655666555
122233112443122433114443555555666666
122223124553124563144563145563146663
122222133244133334115554615554666664
122222111233143335144355644455666665
122223124253144453114553164553666663
111111222223445523455563445663466633
112333112334112234555244566264556664
111111222223444423544633566663555563
122333122233112443144455164555666665
111111222222333444533344566664555566
111222133342134442134552634655666655
111222131242531244533664533664555664
111122113332433222435555455666444666
111233441223411223455233455666455666
111112122222333445366455336445666455
111222331242311542333544555544666666
111222311222331444333444566666555556
112222122333111334566634556664555444
111112333142333442555542655642666642
112222112234113334566334566664555544
111222133332143322145566445566445566
122234112334112334512344555664556666
112223122323114333514666544446555566
122222113342113444133344555556566666
111233411223412233445236445666555566
112223112333142553142653444655466665
111222311122344442334455633555666665
111122113342533642533642555642566644
111122311224355224355554333444666666
112223142223145553144553144653666663
111112331222345225345555344466346666
111123441123455523455523466223466663
111223122243152443155443555463666663
112223112233411233444553455566456666
111122113442333442356642355642555666
122223112233411133444553446655666655
111122131425333425336425666425664455
111122134222134442333344555555666666
112333112334112234552244556644556666
111122311224335224355544355446366666
111122112223444523466553466553466533
122233112233112433154444555664556666
111222111222334444335544335555666666
112344112334122344125334525666555666
111111222233243335244535446555466666
122222133234113334115544555664566664
111111222344233334255364255664556664
111223141123442223455553466553466663
122233122233114433144455145555666666
122222123344111334515334555544666666
111222311224351624355664355664335644
111223411233441223444523555563566666
111122331222331442335544555446566666
122222112333111333445666455566444556
111222331244311224333554555564666664
122222133244133445136645136645166555
111223111233444223454263554663555666
123333122223114523144555164445666665
112223114233514263514263554663554466
111223112223144243554443556663556663
111222111223445233455536455336446666
111112132222334424333444566666555556
122222111233141333445536455556446666
111222111223445323455333455566446666
111222112223415533455533456636444666
111112333122334442344542666552666555
112223112233112334555344556444566666
112222112323113333444455644555666665
112223112423112443556643555643566643
111222331242311442355544355546366666
111112313222333224553444556664556664
112222311422311444334455336555666665
111122333112333422554426554666554466
112222111122344555344445336665336665
111112314442344222334552336555666665
111233122223124453144653446653666555
111222133224135524133544663554666654
122222112344133334113544666554666555
122222111234551134553334566344566664
122333122334122354111554666544666554
111222113222133444335464355564556666
112233112233142335142555644445666665
111112334512334552334552444562666662
122233124233124533144555144565166666
122233122233144433145455145556166666
122333122223111443144453664555666655
111222111332443332445532455666455666
111111222233242433544436554636555666
111222331122331424533444566664555566
112222111122333333445566445666445556
122223124233114333144455146665666555
111111234445233445223345223665666655
122233122433125443155543115544666666
111222113222143355443555433665446666
112222111322441335466355446335466655
111222111322333332444555664445666655
122334112234122534155534156534666664
111112331222334425344625344655666655
111112344412342222344555333555666666
111233141233441253442253462555666665
122222113244113354133354666654665554
111233112223122443544443555563566666
122334123334122234155554166654166654
111233122223145523145663445663445566
112234112234115234665234655534666534
112222113322413355413355444556466666
122223121233111334556344566644555664
111122113322433352443552445556466666
111222312224311544336554366554366654
122333123344122345126645116445666555
111223114233414233444223555566556666
111112133332334442554642554662556662
112333122233114223154444556664555666
111122333122443122433555444655666665
112333122334125534122544165554666664
112233122223111333444456455556456666
111111222223425553455563444663466633
111222331422311442335544636554666655
111222112232144533444533664553666655
122222113332113444513464553664555666
112333112334512344512644552646552666
112222111332144332544433554666555666
123333122334122244156644155664155566
111112314422344425334225366555366665
122222111123445133455336455536446666
112222311242311444335454365555366666
123334123534125534125544125664126666
122223112423511443516443556643556663
112222312442314444315666315666335555
111111233333232445222445666455666455
111122131222435552433655433656444666
112222133224113444513446553366555666
112223112333412253416553466655444665
122223112233411133445563455566445666
122233112433512443512463514466555666
111222341225341125344445366655336665
111112314552344552344652334652366662
112233122234112334156364556664555644
122222111112344566344566334556334556
112233112333122345162445664455666455
111222131244135244335244335666555666
111122113332433222443555445556466666
112333112233112223455555454666444666
111111223334522234526334556444556666
111222113224153324553444553346566666
111123141423544423546623555623566623
122233121233111233444555446565466665
111112312222332444534466533466555566
122222133324113354611354655554666644
122223122333111133445556445656445666
111112314222344452366452366455336655
111112122222334444335464335566555666
112233112233142253144453666455666455
112222112324133344153354655554666664
112222133322114335144535446555466666
111122313122333224535544555664666644
111112334122354442354422355666355666
112222134422133455133445163455666665
122333112243152443152443155466556666
112333112334512344512244555246566666
112333122334152344152446152466555666
112223112433112443552433556446556666
111122331122344225345555344656346666
112222112332413335416635446555446665
122222113332411355441335444665666655
111222311422351442355444355566336666
111222133422133425163445663445666555
112333112223114233444255644555666665
111223144223145233145233445555666666
122222123333144443111443555555666666
111111223333222334255544555444666666
111123142223144423555423566433556666
122222111233145633145633445666445556
122333122345123345124445114665666655
122223112443512443516643516643555663
122233142223144433144553115555666666
112222311142314442333445635555666665
122222133324113334155544156554666664
111222131124333224553664553644556664
111122311422344425334425366665366555
122222123334115534166534165534666544
112233112333122443125544555644566666
122223124233144453114453166653666555
122334112334112344122354555554666666
112222132332133344115544555544666666
112344122344112334512364552366555666
122233112333112435612455664455666445
111112132222332444355544335554666666
112223122243114443515443555633566666
111122314425316425366425366425336455
111112341422344425364225366665336555
111122133332143322445526455566445666
111222331122331424335444555646556666
112222111122334445344645366655336655
111111223333222243555443565444566666
111112341222344225344455333665666655
112222113242113344333445666645665555
122223111223113333444555466555446666
122223114423114423515433555463566666
122222123344133444113455163555666665
112223112233411253444453466553666655
122222133332144335144555164465166665
111111223333233445224445264655666655
111222331122331442533446554466555666
122222112334511344513344553646556666
111112331422333442354442555662556666
112223144423144223114553666653665553
112222111232133333455555444665446666
111233411235412235444235664235666655
111112341222344452344552336555366666
122233144223144423154533155566156666
111122113422333422344445366655666555
123334122234122534115534615554666664
123333122223111243155444555446566666
111222331122331442334455664455666655
111112341222344425366425366455336655
111222311224331244335444355555666666
122222123333143553144556145566144666
122223124333124533144555146556146666
122223114223144453144553166653666553
123333123435124445124645122655166665
122233123334123444125446155556156666
122233142553142553142563144563146666
122233142233142453144453116555666665
112233112223412333415555446565446666
111112334412334422533442555552666666
112223112243114243554443655553666663
122233142333142553142566145566144566
111112133332455532456632455622444666
112234122334122334115344555546566666
112233122233111233444555444655666665
122233111233112234555634556644566644
111112312222332444334454635555666665
112222111132433332445636445666455556
111123441223441223445523555563666663
111233112223142233444453645555666665
111123144423144423566623556623555623
112222112332113333444556455566445666
111111233334235564235564255664226644
