122222231122333314444435111444351666663577888655777886657977888599999995
122333331222433312224444115564441556666615788869157888695577788977799999
122223331222433311124453144444531167755566667855699978856997778869997888
122222331124422311144333155546631775446377555466788566697889999977888899
111112223331114233335442635554426777544267555842677788896788898966699999
111111112222333322444443225446437555568375566683756686887779888977999999
122222221123333311134335661744556717455867774458677445586999888866999998
112223331444223314442233144552361155577618555766988877669888877699999976
122222331142423311444235164533351645555516477788667798886777999866999988
112222231122333311124333516444785566447856644778556997785566978899999788
112222221111323211443333554444435566647385666679855677798588777988899999
111112231122222341523333455553364575888644758686477786664778869947999999
111112223311222233314552366645553666445536677445777788447997988899999888
111122221133425213344252134445567334555677348856778888667779886699999996
112334441123333412235364125556641257564412575666827779698778799988888999
111111221134444233334442566333425566677258886672555886729598887799999977
111112231411523344555223645522336445523364777777647888976688989966889999
111111223333142233531422365554226665444765554747668887778689979788899999
111112223311222233144442344454663555555637588896378889967778899677799966
112223331122222314445553144445331664755316777588669975886997778866999988
122333331123345512223445116224551166645577776445888764998877699988876999
111112334441123345412223554442335666223756688997568889775689897756899977
112222221112324455133444511534465555364677833666778386967788889977899999
122222231112442311144533144455536455553366666773688867778888999789999977
122222221123333311443335116444751666477566844775688897756899997588899955
112222221111223341555333415567334556677344586677448866678489997788899999
111222231144223311142253444445536655553367775838677778886666799899999988
111111123331222233444425333664256666442577664555777755887799999899988888
111222231442225311444253164775531644775366777853688878536668885399999999
112222231222433315544433155554431155644371666688776998887766989877799998
111122223331244455312224533164445371666453777666558877695888877988999999
112222221112333214433533114355556445557766488977664899776648997768888999
111112334112223344152233444552364455523675589966788899967778999677788866
111111221313422233334252634445526347775564487555668877796688879968899999
111233331112223311224223544446735444667755556667585668779888888799999997
112222331112443311222433144444356777773568875775688855556688999966689999
111122234411223354412223546177335466777354666673548886775888889955999999
111222221333322411135264713355647773556488755664887756948887669489999994
122223341122233411112344556133445666374455677777566789975568899988888999
122223341222234415533344115334441155556671776566777766689798888899999988
122223331124433311224533611245556144455768894557688999776689999766888777
111123331111223455522234555233346652784467577844677778486669988869999998
122222331122333415523444155334661555544617888486177888869977777699999966
122223331244223311444233155444631155556615566666777888887999999877779988
111122231441222344511523445555234466553366666773886877738888977789999999
111122234411255344112533442225334465553366665778699977786997778869998888
111122221311244213333542663335426666554467655544777588887779899879999988
111111121344442233342222353444267533886675999866755598867755988677799986
122222221133332411335334165555541665544416677774867799748668897988889999
111111223311444233344222333445226664655577666655777889597788995978888999
111112223331422235114262354444663544666635777868357998885579988857779999
111222221133333211133342555544425655447756668447999688779666887799998887
111111234551512345555523444222234672333346777778466778886698889866999999
111122221132242211344444533466645337768855377688553976685999776859999788
111222331411222314442233145446635554776355577763858766698887769988899999
112223331112233311222433155564445556644457866664578886897777888977999999
112333331122222311224453144445531464555766685577686877776888889769999999
122223331112233311112233455555674555666744666767488897774488997948889999
111112223314422231154422333544667335544675558866777588669777988699999988
111111221334442513344225633422256344777563777755688788956688889566999999
112223334125223341155233411652534616555746667777466778784988888849999999
111222223311124233514442355166443355664783555647888896678998967789999777
112222334155523341552233415523364115766641777666444776889997788899999888
111112221122223341523333445667734556677345566788455667784499997899998888
111111123445551234455522344455223346666233667762388887678888777799999999
111112221312224413224444533334645337766655777786599778865999886655999888
111122223111244431222454333555543355654473666688777996887999668877799988
111122221111222233333344556663345555644477556644777896697778999988888899
111111221133444233344442335555426365752266657772666577778889999988888999
122222231244433312444443115663331555666617555566177778887797888899999998
111222234111223341144223444455336655553366577777665778886997888869999998
111122223141552233411552344455523334456788346667889996778889666789999777
122222221111133214444333145444335555556357788666778888667798899677999996
111111112333445523366455236674452336774526667445228777752888899988899999
111222223311124253113244533334445555446675566666778899697888899977778899
111222231122333341253363412556664175555644758996477888964478999677788899
122222221333442411355444133544661135555671358886778888967789999677799966
123333341233555412235544112265447112655477126664777788697888866988999999
122222331124444312254343111543331555467788556677885996778899666788999967
122233331112343311225443122555441555657466666674689997748899997788888977
111222221311222413555554133355543336774488666774866697748699977488889999
111222331144223514444235114622356646333576666885799998557799988577779888
111122231222223314444443155564331556643788556637885666778897777988999999
112222331122333341122533416665554167668547677685477798854997988544999988
112233341222334412223344115553441666554716655887966658779999888799988777
111233334412233344112253446122554661255746655587669888876998878799999777
111222231114423351142236544442365554333657777776558888768888997699999966
111222331411222314552333145623634456666645577776457788884577889899999998
111122221222233311133334556777345566677455667744566879445888994988889999
112233331122223311244233156644771556444755866647558697778586999788889999
111222331222333415233444152634441556646617556668775588887777999879999988
112233331222334312256643125564441556644417566888175568897778889977799999
112222334111222344111523644455336464555366678553667788887779888977999999
111111221331442233334222536444425366664756668887555888775598897799999977
111233331142232351442223511426735544667754466678596677785999788859999888
122222221111333214444335114643556666435566764355777889597777899988888999
111222221134452611334526713445267334455678334556788995667789999677888899
112222223144444231114442351156663555566633575886337777867778888899999999
111111223333312234443122444532264555556645777566888779668887999688779999
111233331442222311455233144552231645555766448877666888876968877799999997
123344441233344512336445123666551266775512267855127678881977788899999998
111222231412253314125553441265534666653346777538467978884699778899999788
111122331111233344222233544266375844667758448667588886775559867759999999
111222231122244311124443566677435656744355567773556677338888888899999999
111111123333441233344222344442567888225677888556777985569779856699999566
111123331222223411233334512666645566746455567444589977775889997788888999
111233341122233411522234615273346655774465577744665778886658888899999999
111222221312232413333354135555541556666466667784977778849799784499998888
111112334141223344412553444625336666255376622855776888597788889977799999
111112231411222344552233445526374885563748856637488567378866677799999999
122233331112333314222255144455551446566514466677888886679988877799999977
111222231114255311442253644772536447555366477533677788836999998866999888
112233331222334312522443115555446175754461777548666778886999788866999998
111112221331122244333322444453367744586677555886799558667795888679999986
112233341223344411233444122536641255666715556867995588679998888799987777
111122341111233422222334556663345667634455676844597788885977778859999998
111112223311222233314442533346665544466755486667955888879599878799998777
111112231144122344422233455626334456667355566673585997778888997788899997
111112223444111235544422335554423655777236657878366778883666799899999988
111111123313222243335552433665524446555277468888744669887766998877799999
111122221131242233312444353356443555566478885564788999667888996677777999
112222223114444231111542333555443555564733666677888866678998997788999977
122222231211243311114433554444635576646357766663587777995888799958888999
111111121333333233444222444422256455555566657777667778886979999869998888
111122331141223314442223445466235554677385566673855967778889697788899999
111122221314222213344444133455543335565577788665797986667979886679999888
111222221334444213333442133544621175666677755686755586887759888879999999
122222231114255314442533166445331644755316667553868977778689977988889999
111222221111123344442233544463375488663759988637559986775598866759998677
112233331123334312224444125246441555566615566667858777778888889799999997
122223341111234411222334515666345556633477566644775589997888889977788999
111111121344222253344442533666425536784253367888556678789596777899999978
123344451233455512334455122344651223666512766668117777789779988899999888
111222221222333311113443555444436555474366655778666777889697978899999888
111111112222333422333444223534467775544677555566788588867988899679999966
111111123312222233344452344455523346665577466665777788659779988899999888
122222331114422315444233155446331555466315577666777777668888888989999999
111223331122334315233444152224441555556475666668776888887769998877799999
122222221113442513333455163334451677444516777855667788586679988869999998
112222221133332214333556147735661475555614788596447889964778996647888999
111112221314422213442255333444553334555566777778667778886669998869999988
111111123333142255334442556334225566442275568488777688887796669877999999
111112223333122244431256443312564443555677885666788556997788869977789999
122223441222333411233334111155545555566477788644778886667888669977999999
122333331123344412235444122255641555556411666667888677778899797788899999
112333441122233412252234111556347775663477555644777586669998886899999888
111233331222333412255344112554441625574466665788969657889996777899977888
111122221333333214445322114453267444555678888556788886567799966677799999
111111121334552233444552344645523666455233677822996778889966788899997778
112222221111112233333334566643445556444456666788597777785997788859999988
112222331442255314225533144445531146755316667783666978889699788899997778
111122223311424233114442335555423665774836555748966667789967778899999888
111111223333312435533124555222245566664456676744868777748889977988899999
111222223111224435511244335555643355666433666774886777948877799988889999
112233331122223312244443155544431155546677775566877799668887999688889996
111122231112233341222533465555734666657344465577488669974888997788899997
111222331122422311444423155554635555446377788863797886637998886677999996
111112234441223344112333544423365777288655772886577788865599986659999966
111233331122444311254443612555436625574362255788666677789997787899999888
111122221131442231344422333344563788945677889556778895667889956677999556
112223331111223314422233144555536445575566447788669997786697778869999888
112222221221344411113444333334546663555786665977886559778865999788899977
111111123333331243455552434555224445666247888622778866667788999977789999
112222231112232314113333444555534555566644666677488896778899977788899997
122222231442255311445533116455531664445317668883776688837776988977999999
112222221111333241133332455556364555766645777866447788864477988899999998
111223331112223314152223444555336644455566477858677788886679999867799998
112344441223345412263354112663541726635817269358776695587999985877799888
111233331122344311222243512444435555546657566668779998687799986877799888
111112231444122314552233644522336445555367758883677778886679798866999999
112223441222234411112334566133345566634455677778566977785599987899998888
111112221113222243335562433355664435556748885667449888679499886799997777
111222331142223511422335144666354476633547766655478888557798888977999999
122233331112334451123344511224465572446655788866577899665788999677788999
111122221131222231334455333644553666644576664455778888859777778899999998
112222231123322311443333511466665444476655477768577788685597888859999999
111112221334125233341552334455523444455266666777886667778888897789999999
111112221313224413333224555332445655557466667774868667748888897789999999
111112221333224211333342553566425555764475777644777666648899999988888899
122223331442335314222353144555561144475618888756187777668877966689999999
111223334111223344511233445222634555776645557886477778669979988699998886
111223331411233314442353144425556674225566782855667888886677777899999999
112222231122233314444453114655531446655377766653787766597887999988888999
112233334122255341122533441255364117556648777576488877764898999688999966
111222331442223314425233114556631445567384555677888886779898666799999977
111223331222234411252344155553441555634677886346777866667978888879999999
111222221311142233144442333344556636645786666557889555778899999788899777
122222221112333314153333145556661457555644777666844777768489999988888999
111222223114225531142455331444553333644577766885766699887669998877799988
111112223331122243331252466335554466666574448865777498857977998579999888
112222231224424311144443151543335555336655777666777899667878999688888999
111222221311442233144442531446665333667653889676588999775888997755589977
122222231211442311155433661544436555474365777783657788836679998869999988
122222341152523411525334165553441665333416788884667798846779998867779999
112233331222233415225334155555641157666417777644778886647889896488999999
111111112223333324255333245556662457566624475668449788884997777899999788
111222231122223314444443115666435555764355587663888876938777769988799999
122233341122233411122334561166345666664455777448577799885577988859999988
112222331444223311142253144446531666665377765653788855597788888977999999
111122221334442213344225134445551333655566666657688887779998887799999877
111112221131222243335526444355564773335644777856947778569998888699998866
111222221313332413334224115344445555664756666667558899978889977788899977
122223331422223314443335144455551664758516997785169978881699777866699788
111111112334444423333444225336772556667725566777255866972588889988899999
111222221133333211134332555644425666774456677844566778885599778899999988
111112345121223451222234563333345666664457776644558777778588999988889999
111122221113342213333422553364445566678456667784559677849597778899999888
111223331112233311222233444445664775558647958886479558867795886677999996
112223331112243315112443555224335556444758867747886697778886997986669999
111111234551222345516223456662234556666344577833477798834799988877999988
112222221133224411355554133555441333544677777646778866668788996988899999
122222331442422314444533111145531555553366678888666788897667998977779999
112334441222333411122344155263441552636655776666577888885779988877999999
122222221113332415111334556633445566377455666744588697748899977788889999
112222341123333412223334115544441655557466665877966658779999988799888877
112223331112222311144423544446335574663657788666577888695779888955799999
111111221133444255534222655344226533447765837777658379796888999966688899
111123334112223344112233544462735466627754886667555869775888899758999997
112333341222234411522344165273341657777416558974665589796658897968888999
111111121333332233422222534444465777484655778886557789865578896699999966
122222231214243311144443115554436667555366877753668797538688977988899999
122222331224423311143335144446351174666577766555788655997886999977888899
122222331111224315552443115555436654444366677733866997778868999788889997
111222231122333311124553667244536674445367777455666874598888795988899999
112223331224222311444433144546631555766315777668955777689959876899998888
122222231142244311444443111555336665577366657733686557998888777988899999
111111112222222344444423546664335563333755667777566889975888999758889997
122233331142355311423355114226554147265644478656777786667888889978999999
123344441234444512333335122226651266666517888965177889551778895977789999
112233331122345361124453612245536124445567777485697788856997798866999988
111233331222433311224553612244556177455866674458666774589997778899999888
111233331142233314442223144422551467855599678855996778859966778899666778
122222231455226314556663144566331445673314556773148887771889877988999999
122222221344444213344546133355561137555611375666888777768889977688999999
112222221113334251334442511334465555344655766666777688897788898977899999
111112221131222233333244356666443556674455667784557779845779998899998888
122222331211223411133334551354445555564466666647886887778888977799999997
111122223411222534166255341465553444665537466888377688883777899937799999
111222331122233411252334155533645575666477756664788996447888994977888999
111223331142222314422433114444335666666655557688555777789977788899999988
122333331222224311155243111544436665444765555887666688779998888799999777
112222221112233314113353445555534455666347786666477889694778999977888899
112222231112243311552433615444376555483765944837659888876999987766699877
111111112233344423334454236666542366665422755555287779998877779988888999
111111123333122233444452634455526344555267775882667778886677888969999999
111111221345612233456662344555623444756238477562388875693887777988999999
122222331111222311133333445666664555557644577776485797964887999948888899
111122331122222311233333444555554466665544676665477777778888999988889999
111112221311222233344442335567443555677435666674855866778888889799999997
111111112222333322233443254444435566674855966778599667785996778859997888
111111221134444253343342553334425555522266677888696978786999777866999788
111222234112333344122235441153356444555566677885696677889969778899997788
112222331222333311123443115554446555444768855997688899976868999766687777
112222221111232455133344561334445663377456777774566668785588888899999999
111222223122455231114455331444553334645537786666778886967888899677799999
111233441552233415223344152263441526634715666877955668779988887799999887
123333331222444311122443152264441556666615577766557787889577888899999998
112223441123333411223344152634441526666755566767558887779599887799999888
111122221331242253312444553164445336667458399677589996675888996758889777
111112334122123341222253444445536455555367777773667788896688899966889999
111222231112422314144323544443335555663677566666775589997778899978888899
111111223141422533444225334666253744662537777665378999657789999588888895
111112223114142233344442335446223355666655566677588897775889979788899997
111223331112333412225344122553446665554768855447688887776999887766999997
122344441223344511223445112233351666735516687775666887758888977589999999
123334441222333412123534111225546615555466777574866677778688899988899999
111222221314425213114452333444556334778566397785699977856669778569998888
111112221344112233345662333456623444556274555666775888887999999877779988
111222234412232354112333544116635544666357748866577888695578899977789999
112222231122243351111443554444436555533365788888667988986679999966777779
111112221314444213334222333344425566677755556677585866678888897789999999
111122221133333211343422553444425564478855666778599677885996677899996788
111112221313422513334225633447256344775564477755666778586699988899999888
122222221111132344113333444435367844556678855556778888567778999679999966
112333331222344315222243156666441556444715566677158977778589999788888999
111111223333211234532222345556663455667684456677844577778499999788888999
122223331122223451113334566113445666774456687774568877945588879958899999
111223441122234412223344155533441567733755667777556668879669888899999988
112222221223344411133344511633445576634657776666577788995578889958889999
122222221213445511134455163334451633374566677745686779956877899988888999
122223331112233311422453164444531666445566765558677995887799999877798888
122222231122444311115433665154436555544366657733687777776888889988999999
111222231444255311142253164425536644553366677583667778839777988899999988
112333331222444312244453162744531627775516678775166988756699988599998885
112222231144422314445323154453331555556317766668777688887766999879999988
111111231442212344552223445555236457733364567773666688779699887899999888
122333331122323411122234155556641577564455777644887666648877999988889999
111223331412335314423553114255554442226547766666777888867978888679999999
111222234111112344555223455552334456663784466637899696378899977788889977
111223331411253344122553441255634442566377725568797766687979886899999888
111122221331122214333332445366664455567648885676488557774895779788999999
111112221331442213333442536634425666664255577647558877778588799988899999
111122221333332213444332114544425545666755556667888867778988677789999999
111233331222333411223444112544446625555766655857669888776999877799998887
111122231141233344412333544226375446268759966687599668875598888755999777
111122334441123355411233554622375446223756467777566677885699988899999888
111122221113332244133322544443365477766654788896557889965778889655799996
111111223144152233444552333445223637455266678855696778886999778869999778
122222331111122344115233444655537446655378466593788865997878669977788999
111222223111124533312245363334456666444577766645787999957879899578888895
122233331142233314425553144225551644657516466777166687779999888799998888
122223331212333311122435611744456777444566674555667788856979888599999988
111122231142223311422333444453664774535687755556887756668779999688889999
111222221111122234444445333466453666655533776585377768857797988899999988
112222234122525341115553444115334644553366778883667777896778888966999999
122222221333333211133445166444551164445577666885799668557999988877779988
111111221334222213444225334466553334467589999675889966758996677588887775
111111231444422314552233445522336455273365577778666677886999978869999888
122222221333334213553344116555541166675418696754886997748869977488899977
122223331112223411152334515553345556444466666774688888776988877799999997
112233331442233311422235614442556147477561777755688799956688889566889999
111112221312222413556624335566643775566438775564388794443887999988877999
112222231221332311113333444444454667755566675585667778856977998899999888
111111123134444233344442333555526555665266666222777777789999978899988888
112333331122343311222444112555446625777466558874655888776699988769999987
111223331122223341152233414555364445555644666666777789997778888978889999
111111221133222244332555444326754483367548883675998666759888667599999777
111122221113322241443332444435367545553675556666778869967789999977888889
111122221133244213332244133555546355557466667774688877746889979968889999
111122221331144233341452633444526634555266677755667787759999878899998888
122222221111132341155333445555534444563347866666778889667788999977788999
111222331122233451662334511623345666777455687744556887745888997488999999
111223331122233412255334126653741666577466555774869577748999999488888894
111122221111232244552333445567734555677344456773888667738666999988889999
112223331124253311242533112455534444665577486665788888667799988677799999
111111223333411235344442354422223564666755666677588899975588997788899977
112333341223333411255564112556641225776488255764888777648887766499999999
111111123313455233334522344445524465552266677772886679998866779988887999
111222341552233416523334165223341657444416577777665889796658997988888999
111111223144412235554622354446223555466735666677338899978388997788899977
122222221111112341555333444555536444533364777778669979786999997866688888
111122223141125233441552334445523346655537466688777768887796698879999998
111222221311242233311444563334445666377455677788596677885996798855999988
111122221344442213334442135647721356667733566778555667789559888899999988
122223341555223411522334115555341666733418667744888677748886677989999999
112223331114223311542233515442435555444677756666777866867788888899999999
112222221333333211435532144445561474456617778556777988567999886699998886
122223341233333412555354122655541666654416766448177778881798889877999999
111111223333122244431522444335256443755566777585677888886677988966999999
122222231444423314143235111433351664555566775588966777889669778899999788
122233331123333415222664152666441576667415777774155788945588899488899999
111111121333222233442225344446653374466577766655777688857999988599998885
122223331112223314425553114455536164445366666457888677778887779988999999
111122221113442513334225633442556377485563744855677788886779898966699999
111112231142223314422233445533364475556674778556777985669799886699998888
112222231112432311144323444443335555666758866997588699775886977758869997
111222221333333211334442115446425554764857777688579966885799968857999668
111233334412223341112233455122664456666744567677555877775988888899999998
111122334111223344412223444525336745555367775899667858896678888966779999
111122341222233411122344555333446553788465577884665778886777999866699999
122222221111233314113333445663774455677745556887459566874996688799999888
112233331442232311442223111444435556666657555686775986887799888877799999
122222231223333311144433155444441555667715899677558966678889667788899997
122222341222333411113344555113446655534467588888675899886777999966677799
122222331122424351144443561114435667733355677777556678885996688899999988
111122221331122214355525443335554446335744866677988886779888967799999667
111112223333112453531224555332245655777466668874688889746988997469999774
111112234412223341122553466255334667753346677555446877998868779988889999
111111121333344233344442355544226555777266557772688887926688879966899999
111233331112333451122234566662445566722456677444557778885779998899999888
111222334112523341225533411255334655577746777788466667884469688899999998
111123334112222345122663451277634577766345776663455789994588889945888999
111222221133324215533442153344441536477785666799855677798856679988886999
123333341225344412253364122566641255764411557666188577998887777988899999
111222221311142213333442335555443666554466755848667788887679998877799999
111222234112222341156663441566334555633745856377448569778888899789999977
111112221311424233334442354445223555556735666667866877778888799788999999
122222221123344511333455116334451666345577664458777668587798888879999999
111222331422522314455233114555637148556377488663744888667779889679999996
111122223331224231112546335555463355444677754846788888867789996677999996
111222221113244211335542663335476636354786665547888554478889999789999777
112222331224223311543333155466661154476655547766858447778889979788899999
111123331112233341442223444442235555566655757776887776668888799688999999
111222331222223411563334155666341566763455567744857777748899999488888999
111111223331122243355222433355664445556677445866799498667799988877799888
111122331441123315442233554422235564788355647888596677789996677899996678
112223331224434312444443122555631155566315578666777788667799888879999998
111111234441122344555233444522235555662377866663788886637779888977999999
111222331111423341444233444222335566667856677778556677785999999855998888
112222231124333312243553114445536144475566666775686997758889997788889997
111111121334422233334222344445523466775566677885996777859966788599998885
111123331442222311425233614552336445557764455777666688876999888799999887
111233331412233314122235144622657446666574468855777688857979998579999885
111112221222223311443335666473356444773566447775688879756889999588899955
112223331442222311444523114445536155553366675888667788896777898967799999
122222221133332411335544613354476115544766555847669988879669877799998887
111111121342222233444442333554423636577866665778965557889657778899999988
122333331222344312224443115544671155646718556667888556778899967788999997
111122231412222314155523446653334465537346655777486999778866997788888999
112222234111123341156223444566634455566345575683777776839999788899997888
112222221111133244313352463335554667777546667875446678859499788599999888
112222331222233311144355161643356666445567784555677844887798888977999999
111111123132222233333244566362445566674455567744858697778588979788899999
112333331123334411224444512267745122677458886677558666775588699958899999
112333331422355314223555142225551466666614768889147689994477889977778899
111111223314412234444222355546623335467788355677885566778886677989999999
112222221111233241133333444355554444555566666777688887776899888769999997
122333331224455311244533122465551244666517476665177776887798888899999998
112222341112333412223444156333441566664755687777566887875998888755999999
111222223114252531142555314465553446666634477886377788863799988837799999
111122221332242411324444513333445555366675558666779988867799998677799888
111111123415522234552222344566663345576634457776334777869999788899998888
122234441122333451123344511233445512666675556869775668997778888977889999
122222221113342415134444153366441533666785366967855999978855999788887777
122333331122433312244444122455541165555716657777668877796668899988889999
123333341223444411234544112355661225555612757866777778869788888699999996
111222331122333311422233514466665444467654777776558879765558899988889999
112233331122433312244435112464457126645577776665777668859998888599999885
111112221331144233333442553664425666447255677772556877798568999988888999
111222221311442213334552133345556344445566666757668777778888979988899999
112333331124443312224435112244456162777566666775868977558889799588899995
122222331224253314445533114455361114553677745666787799967878896688889999
111233331112333412222434155224445555564478856699788886997878666977776999
122223441123333412223344111135546777554466677555688879956887799966888999
122223331111233341142233441425556444777566677555666677758888889988999999
122222221111111234444455334446553377765538877655388796663877969688899999
111222331422423314424253114445536155553366667588999677889966788899977778
112222223111114233314442333344456666455567768559678685997788859977788999
111122223141252231412566344755563477756634877569348775693488996938888999
111111123334221235544222335542663557444638579946885799668877796688877999
111111221122222344555233455555634777666344776633447866389778888899999998
111122221131124233344442534467425366678853667778536977885569799855999988
112222221112234413333344113553445555666457576684777776889997668899999888
111111123333321243435222444352264555555647788866477899667778999678889996
111111223341412234444425346622253366666533677755777755587999999899888888
111111221312222453332244555333645557376458877764888877648989976499999666
111122231411523344155223455552234566633347776668447776689999778899998888
112233331442233311442535164425551644225516666675888867778899997788999977
122222231442243311444433111543367155553677585566788888667779988679999996
111223334412223341112335446122357468888574689985746889557766995577766999
111123331142233314422223144425534465557786665997866559978866999788889777
111112221131422233344252344445553346678536667785966677859977788599999888
111112223131425231344255333422556634775566447885664777886697788899999998
111111123344441253342222533444625377766253766688557776889559768899999988
112222221111332214133335446663354446666574468895788889957887995577779995
111122221132244211325444333355443635554766858577668888876999877766999997
111111221314222233445522344445553334555673886666777899967778996678888999
111223331412333344122355411225554446257546666577888667778886999788999997
111222234111223345511223456666334566673345567788455778884977798849999998
111233441112233411223344552223345666667456677774586879795888997955888999
122223331242235514442355144663571146335718466557186667778889999788899997
112222345123333451233434512264445111664755588677599986679989866799888777
122223331224444311254443162545531655553316677888167778986679989867799998
111222221332244411323554163335441673554466775558666777786999887899999888
112222331111223314444223145644335556467355666677588867775998888799999987
111111112222334422223344555533445655377456683774668899776888897766899999
122222221133342511344445163334551663744516777775866677958868999588889999
111233334122235341112553441225534442655546666666778888897888999977777999
112222231122333311124333155644445556447456666777556868879998887799999887
112222221132442413334444113356461733566677755568977756689997588899995888
111233331222334311223444511224665555544677558466777888667788889679999999
111123331122243311224443552444336524777865577978665799886657998866599988
111111121333333243322222455526674456666745556677458999974489899788888977
122222331224523311445333617458836174558861744588617495886777959966679999
112222221111232411333334566636345676664457777784578788845588899455999999
112223331124223311144233516642435666444755566777885677978855979988889999
111222221333444213355422113354446163555466665757688677779888888799999997
111233341222234415522334115253341555566476666644767888887777899879999998
111112231444125344421253467222534677755366787553667895936678999388888999
111112223111224233322444333355446555544765588777688897776688999766689999
122233331142222311444253114445531645555366777758677877886698888966999999
122223341122233411123344511334445556666455667668559977789997788899977888
111122221333344213444452133445521635555266775788666777886697788899999998
111111123333321233342222444455627445566677455688779566887995698877999988
122333331223344412534464125566641225556417788566117785687777888899999999
112233441112334412222334115623345556777456668794568887995688777956889999
111222234512223345112333455113634555576644888766944987669999877699888777
111222231415523344152233441523367415553674458866778888867999866677799999
122222221332444411335544113355441133555677778856777888667888996699999966
111233331112233455112344562223475624444756666667588877775899999758888999
111122234112222341125333444456334555566345757666887779968877799688889999
111122221344452213344526133445261334555673885956788889667877899677799996
111222221312444213334452136445551364557733665587966688879699888799998777
112222221112333341123553441665534466665346677755477787954788889988899999
122222331224444311244543116645331165555376665853766888887779988977799999
111222221333332211143332144445567444555677788856997778569997885699988666
111112221112222233455555334466657334446573344665778888667779988879999998
111122223144452231445522311445563334756688337556888777768889797699999966
122233341112233415112344155223446555534766665747688887776689779988899999
111122231122224315244443155433335554666375546688777668887777698899999998
111223331111232344512223445552334444566677755886799588667798888677999996
111233441122333411253664122536647255364472588664755889697578999977788899
122222221113333211134335614444356777748566797485699974856999788566988855
111122223331124233551142355666423356444455566747888867778998699788999977
112333331223345312222455112444556116444566666675888877758889997789999977
122222221133334213353444113566441555564415576666777776887999998879998888
122222231213332311145333116457776664555788645957866499578864497788849999
111111221333122243333522435555624555666647778866477778864449788899999998
112222331222443311244443111445336666555366766855777888559777788899999998
111112231451522344515223445552234467573346677738966667389969778899998888
111122221133332241553322415533664775566644755686447777869479888899999988
111112331122222314425523644758836447588364475583677775836679958866999999
111111123331222243355562433355624755566247766668477999984779998844798888
111111123334122235544226335544263555742635887446888777768997976688999996
111223331414232314442223154442331555555567777778677888886699989866669999
111233331112223311422335664422556644444567777885679978856799788569999885
111112223111222234444552333444553637455836678558667788886779989966779999
111112331122222314252553445555534666666344446763877777938778999988888999
111222221112322411553344665534446655334466553377688997776889997788889997
112222231142224315444443155554331165533366657778677777886669998899999888
112344441123344412253346125553361225536612755886777788869777988699999986
111111112333334422233445622234456662744566667755889997558899977588889977
111222221333324213543442135444461355566615557666887777968778979988889999
111222221311122413335264333355647777556487877564888975648899956489999664
111111223331222453312444533224445366647755566677858697778586999788889999
111112331142122344422223455555534566657344666773888866738998777788999999
112233441112334412222344115233346657777465578877655598786659988866999998
122333331224356312244563122445661774556617445556178999961788999977788888
111112223114155234444552344555223646652736668777368689773888899738999997
122222331224423311114333511644375556444756667777568877995668999958888899
112333331222343511122435617724456167244566674485677788856997988599999885
111111223331122234333255644432256664555564445777688899976888897768999977
111223331111243315222433556224435666674455568744995687779996878799988887
111122223122242431144444313554553336555536667888667777786977998869999988
111111121333222244435552643337526443775266477755664879956888799968888999
111112223312222431144424333554446335555566775889677788896777888966699999
112222231123333311223345611744456677745567744485677998856999885566999888
111122221331112433333224535664245556444457768899577668995766888977788999
111111112222333342523553425555334256677744667788466977884699978846999988
111122331411223314422223444453334555555675766666777788667888899978899999
122222231124233311144433114444335555666677586996755869967758999977788888
111122221122223341133335444335556644775566477558964777789666888899999988
111111223144444231455422364555723665557236668772366988773399887799999888
112222221223333311444443155555431565544316678888667778996678889967779999
111112223311222435512244335554446337554466375788666777886969978899999788
111233441122344412223444122335551663357588655577866669978689999788899777
111111112233344422233454262355546623354466666557888999578889977788999777
112222231111223311455233644553336444577764485557666897776868997988889999
122333331222333412224444111154461775546688775666877555698779956988889999
122234441112334411522344115233647552386677583886775888867559996677999996
111122221111332455333224566632445663374458699744586697775888999758889977
112222231444423311444223115433331655555766585777668888776688897769999999
112222334112333344122233411155664445566645556677889567778999997788888997
112222331111222344155233461553334655777746557877466988784669988846999998
111111221122222344455323664533336645555364447758699997886999778869777888
111222221333334213554442133555421665554416666647868777778888779988999999
122222221233333314444343111144451667775566888755688877556698877569999999
122222221111233344111553444555536645757364477773666688739699887899999888
122222231223333311134453614444576118445766685557666855779888887799999997
111222221332245213333455113634551666445577768495776684997768849978888999
122222221112333314444433115464731556647355866677588699975886977758889999
112222221111333214413332544443365477466657766668557999985779888855799988
111222221113223241133333455556364456666644577886445777889959978899997788
112222341125223411152334155533346555344466677488676778886777999869999988
111122331451222344511233455522334565666345666677488888874898777799999997
111222221222334411133334155553647788536478855564788966647889669477799999
111122223311124233331242553364445766664857667648577778485597988859999998
111111223311444233354422335554423555647285666772866677778688799988899999
112223331222224311555443111555436665574386777743866997448668977988889999
122222331221123311113334556666345576866457768944578889445778994957788999
111112221334225211342555333425553634445766644777688889976888899766999977
111122231141223351422633544246335544466355576666857777798887799988889999
111233331112343311224435662444456622745566277755867777558688999988889999
111112221312222233145555334445553664445733664887666688879999877799998877
112222221133322311143333144455556447755566447588666678886777789899999998
112233331112344311124433556224775862247758666497586664975888999755889997
111112223341112233444222333455563444555677785566778889667789896678899999
111111221331442253334422533354225555544466666777868867978687779988899999
111111123334122235344266355542263355472685544776888477769888897699999976
122222231142233314444333111544431555677855656778956667889966778899999788
111222223312242433144444311155543366655537766585776688887776889879999999
111123334111233341552323455522224445666674556666748889997778889977788999
111233331222223311224435116644356666447568644775888888759897777599999955
111122221331224433112244355544443335666677756688775556687799998879999888
111111112222333422253344265553446665734866557348665777489997778899999888
111111223444211234442222355446773555667733856667338556678889999788899997
111122223311224431122444333554463735554677558886778589667788899679999966
111223331222224311552443115444336655447366555777666877998688779988889999
111122221333222214433333114444445555667755666667558869978888997788999977
112222223121442431114444331555467333588673555866775988867799898677999966
111112221133332241333552444355526644555266447777666777889969788899999888
111122221134422213345526133455567334556678344566788499967788889677789999
111222221122333411253344155533346555777468857444688879996668779966887999
111222221111223314445233646455336664555366744553767888887779898877999999
111112221311322233333342556666425564444755647777566488875888887799999999
111222331112222314425553144555534466775346687773466899736688997788889999
111111223313122233334442535444225555546789965467889666678899996788897777
111122223441112234451552345555623445666734888867388866673899999739997777
122222221333324413533444135554461177554611775566777899667888996688889999
122222231244452314445533145556331457563317776668177768881799668899999988
111122221332224411324444133354647337566677775566787555568888889689999999
111122221133442211334224533344445536666756667777568887975889999755888999
112222231442422311444433111455637785566377855663778566937785969988889999
111233345112343451223434511234445522266657778866577778865799888699999986
122333331222233411122354155555541156664476664448766888887799998877779999
111111223333411233334442555542225664447258666677586677775888897988999999
111111123331222233333224566777245566677455687774566888945888999458999944
111222221113322413333244134444456377555566778555677988886679899866799998
111111221334422213444255333442253637477566777755668875596688889968899999
111111221133332433355324665522246555277466859774668899746889977488899974
111112331144222315442223554426335784466357888863577778665779889659999996
122222231112423351144433516464735166647355566473558868779888887799999997
111111221333344215344422653474226533747265887779655878796658888966599999
111111221333412233344422353442267554888677548986775589667558899677999966
111122231441222315442233154446335574663358777666587766995877999958888899
111112331112222344225633442556637445663374558669745888697758889977789999
111123341212233412223344125553446555537466657774688997776889999766888899
111233331222223311242453611444536644455766855557688887776899879768999997
111123331444233311442233154422665547722657777866559788865997986659999888
122223331224243312544463115444631555556315776666177786997778899988888999
111222234412123344111233544462335554666377588666775988687559988877799999
122333341522233415223344155264471555644711856667818966778889699788999977
111222231122333312245533144455361447755688447756888997568989976689997766
111111221341422233444552333445226637455567375588677788886697788966999999
111122331111223344452333455526374455266745582667488888679889966799999777
111222331222333412255334115564347155644475566848766688887769988977799999
111112223144142231344442333335426666655266555578695777789999788899977888
111111221122222233344455344464453766668537666885379998853779988577799985
122233331222344311224443111554637715446677755666788855567789999688889999
111222231444222311442333154443331555666755866667558886779999888799998777
122333331122243311124434151224446555577465557777666778996688888968899999
111111123444152233344552333445226634555267777582677999886779988866699988
111122223312244533112245366144453666455537764855377688887796888977999999
111122221113222455132344655333446655733465587744669887776998888769999987
111122221314422213144525334445553336457763668557666688779888887799999997
122233441222234411233334111153546655555476688854776688997766888977799999
122223341222333411233444155364441556666615567886159777889599778899997788
111233331422222314442253146444531665555316655788667777786779998899999888
111111223441152233444522334455526347775263677758636788586667988899999998
111111221333322213443222533444465554466675588886755998867999998677777986
111111112333344522363345227663452776664522768445977684559778888599999988
112222331112222314444333144543531465555576668885767689887676998877799999
112222231124422351144433515466635154466355566633777788889977778899999988
111123334121235341222353412655534726555847666688477766884777888949999999
112222331124223311442433114444536777555367788555667885996678888966799999
111112231114422344442233445523335556237785567777856666778888669988999999
111222221312342213333455113634556666444576684455776888587777788899999999
112222221134242411344444513336665137768655379886573798865777998655999988
111233334112223344122233451627774516677745556877445568889995666899999888
111222221111322241333333444443554455555566778888677777886669788966999999
112222221111342213333444155336445563664456666777558977778589999788888999
111233331122334312244443112445556622455766688557669987576998877799998887
111222223314225231145555311444553344467583396677899966778989967788889667
112344551123455512234445122346451123366577283366777888867778886699999999
111111221333222213344522334445556374458566774585667798886679988867799999
111122231222223311433335144443556477455564877595668779996688779966888899
111233331122343312223444125554541256555476668884776998887766988977769999
122222231223333314444433154464661555666611555677189957778889997788889997
111111121333222233333442544444625547666255577666855777698887979988889999
112222234112223341115553441665334446653347665558779669887999998877779888
111222221111122344444423555443335555336357788666778888667889999677799996
111122221311332213333224553444446555744865577778659797886699978866699988
122222221133333211344444513364745116667455556677588866875998888799999977
112333441222334411222334111253446666555466755558677788886797888977999999
112222221133333211444332511444365544666655576868955778689999788899977778
122222221111233311144433544464335546666355667678955777789599977899988888
111122331444522311445223617452336774528367745583677755886669888869999999
111112221314122533444225333442553634775586647559886777798666679988889999
122333341222333412223544155555441156654411666667888996778899977788899977
122223331111234311122243555555436578844365788499667784496677899966778899
112222234125552341155523411566634165633344666783477777884997788899999988
122333341123353411235544162755541627758416227584667777849666988899999988
111112221113222244333332455353664555566647757866477778684499788899999988
112223331222445312124453111444536664555367666553777688887999888877799999
112222331112233311122343566644435556664455766884557777847778888899999999
111222221313425213334452133345551444455566777777666889796888897966889999
111111223331142533444425633474256377742567777225688888556889989566699999
122222331222443311111443515544335556443785567777888699778666999788866999
122223441233334512234445112334651117746577776665778886658889865589999999
111222223311222431114444333344543666655766866557888855779898857799999977
111122221312244513322445134444553333666576666555767788887778888979999999
112222221223444411333454133554541336555718866657886667778896779788999999
122333341233344412235554122255441116655417776588779966687999966877998888
111122221312244213332444153334665553446655778866557988667779988877999998
111111112333444423355444223556462233566627755666277758887779988899999988
122222221133324415363344156663441556634415667778155577789999977899988888
122344451123334512223445162334451627388516778855167788856679989966779999
112234441223333411222234511166345556663457768884576688885777798957999999
112222223114442233145555311455563144475633377766888887668989777689999996
111112221134444213344222533342675833466758666667588999975588897755899977
111122331411222354122333544266375444673754666777566877895888888955999999
112333334122223341225553411267554611678546666785467777854479888899999998
111122223131242231314452333446553444766577777765878966658889965588899999
111222231142232311442333144444335666667756668877555888779955588799999987
111122221134242211344442553333445666633756866977588699775888999755889977
111122223111442231334422333444556737455867775558677758886669888966999999
111222334111223546112335466223354766663547688995478888954788999547777995
111112231441122354422223546633335446367754666677555588779988888799999987
111122221133224213332445166334456666345567777445677879558788895988899999
111111123133422233344225334422556447885564778555677788896677898966699999
111111223334411233344422353442225555466785666677855867778888677989999999
111233331222334412223544166235541766555417866654778886547789889977899999
111122223312244231112445333344556673744566777855677788556888889966999999
112222221122333413333434115554441655574896665748966657889677777899999888
111111234411422344444233555552235566223357666663877776998778799988888999
111112331144123344422253644255536422553366666557888867778887777989999999
112223331222444311224333114444356167555566675758677777586998888869999998
111122223141122234415562344555663445556634777776388897763388979688899999
123333441222334412225334125554441111566677855566778866697888899977789999
111112231412122344422233445553334666553746885557666888879698978799999777
111111223411222234452266344555563444775637777556377888663999988639999888
111111221333422213344222333455556444457566668577996685779996877799988888
111222231222433315254436155543361554443615777476888877768888997699999966
112222223112244433144445311455553166657736668557336687778888889799999997
111223331112333312222234155555546665654477666448799968487999984877779888
111111123333331244332222444225564755556647756666487599968877779988888999
112223334122233341125363411255664415566674485556747888867777788899999999
111223331122234311224443512566435555644355666647888886778999877789999977
122223331244433312244453126664531666645718886557118885779998855799999777
111122221322242413335444136355471363554766665747668857778889579988899999
122223331222443514244335144463751116637516667775886697758899997588889995
111122221113224255133442555333445556334476666684776768889777798899999988
122222231244333312444533164445351666555517766588177688891776888977999999
112222234115523344152233441553334411556647885669777886697888669977789999
111223331122233311244343512244445566477855567788599667785999678899966788
122222231111422311544333165544376654443766555837966858779698887799999887
111112221113332244443332555443625754436257588866775988867999988677799966
111233331122343311224443155222445566777456677774566878885688889956999999
122222231224433311143343551444435511666655778666577788865788889977999999
111112223441125233441255344422553364788536677785366777856667998899999988
111123331141223314422533442255534442655577766568777966687799996899988888
122233331222433312214435111144456677744566787755677888856688989569999995
122222331124433311244443112454336155577766585577665899976888897766889999
111111123333221243332222435556664555667648856976448599774888997748899977
111112331142222341455523444565237745652377456663778866637889999978888999
111222231122442315444323155443331555463785959667889996778889666788996777
111223331112334411522334655227346657278465577784655788846667888499999999
111122231441423311444233544622335556623785556677858866778888699799999977
111123331212233312224335126645556666455788644457896944578999977788889977
112233341223343411233444122254451166555566677775677788856697898899999988
111222231122422311144433444455335555563375666688766699887799988877779998
122222231242333311443355114443551144666577777665887776658888969588999999
111112331122222312244433444454336666553766555777688857776888579988999999
112333331222243311224443155244661155446655577776587788769888887699999996
111223331111234412222344555263347756634475568884755689997666899977788899
112223341122333411233564712235647175556477758564997785649888886499999866
111122231112223314523236745533367445555677456666744888867749998879999988
111111112233445522334455233344652738446527788665277888657788966679999999
111111221132222433332544333525546655554466788844667998886777998867779999
111222221333422213344555136444571366445713666657889969578899995788889777
111122221333224211135442673355446738555467385544677889996677899966788899
111122223111224233312544363555443666655437665584776788847777988899999998
112222221333332213334444115554641557766415877664558799668887996988877999
111111223333412233334122544444225555546755886667888666678897777789999999
111111223114222533444255333342256663445567778459677888596678888967799999
111112223331124233314442334444225555677755556677866669778868997988889999
111111221133222233332244533444465777746657789466577899965888896655588999
112334441123333411225534612257346122574466555777665877976688999988888999
111111221133222456332224563377745663877456838774568888745668994455999999
112233341123333411222234112444445556666788599967855999678559966788887777
111222231412555344125553411225534444633377866639788869997778669977888699
111233331122233312224453112644556666444567677485677788857798888599999995
112222221122334411133344516734445667334856777778566788885669899855599999
111112231112222345526233455566634455663344457663848877778889997788999997
112233331112323311222243515644445556647758569477885694778666977988889999
111233331222243311124443156247735562477756684477568899795668899955688899
112222231224443311254443155554431165553376666683799966887799988877779988
112333331222233311124455112244456677444568877755668897756688997568899999
122222221133233341133355441555556415777764188877644889796648897966689999
112333331123344312244455122464451122665576666685777778859779888599999988
122333341522334415522334165224441655554716688777168888771688999766999997
111233334512222345162773451627734516267345166677455586784499888899999988
111112331414222314444233445552367555223675588836788896667878969677799999
111222221111322213333344335444445555546758866667586676778899777988899999
122222221233444511334455113334551637445516777859667878996678888966789999
122333341122333412222434111144445555566758885677589866778899967789999667
112222221121234451113334555633445776334457666664576899995788989977788889
122333331244334312444445122555551226666516666775188888771888997799999977
111122221112223451323334553334445677744456667778556998785666987899999888
111122221133222211334444553444665333746658877996588879665587796958877999
112223331444223311142536144425361455253677755566887777968879999688889996
111111221222222314455553445553334456637344667773886667798889677988899999
111122221311444213444442335555623755666237755688337776889779668899999988
112222221111322413333344135663447755664477755664785589697858896978889999
112222221111122345516333455563374555663748866937448699974886999748889777
122233331222234311253344115555441665777416657744666577789969988899998888
111122331444222311442333144522367455563677555666775886697888888977999999
112222221333332211343555111435554444677548666675486697778886999788899997
122222221113342411133444156633445566633475568999756689997557889977778888
112233331222443311254433112544461725466677755566788559667889999977888899
111111123331222233342552334455526774445567784485667888896678989966779999
111222221113244211333442555533446653377466558874699598776999988766988877
111222231112222314133333445555634555776644577666488777764888888699999999
122222221123334411133554116333547665555476665844776688847779898879999998
112233331142332311422223114555554445666644556776888767968877779988899999
122333331224435612243356124444561245555617775886178888961778899677999996
111111112223344523333345223664452277664577766645887776459888888599999995
111222221313222413334444155344661553346755866667588897675898977788999997
111122334141122344412233544462235555667356666773568877795888797988899999
111222221222333314444443145466331756688317556688777566987555999877999988
122223331112222314144443144455531555563377756668776668689777888899999998
111112221331224453312444563324745638287456388877566888795569777956699999
122222331242233311444553114444531165555377666658766688887777799899999988
112222221332324415333344155673441566777415566774155866798888867988999999
111122221131144253344422553344425336677755367787959677889596666899998888
112222331112422311444423155543336775443866758888677559886675998966779999
123333331233444412225454112555541125567418296677888996778999967788896667
111122221331124415366224553366245333664455576448599767789997777899988888
122234441223333412253364172553641777556411877564188875668898759689999996
122234441222343412233334111355441555555617888886778886667799969677799996
111223331112232344112223444555536644455366667558996677789997787899978888
122334441123343411253334112556641725556477258866772589667888899677899999
111122223341125233412255334155556347775863478888664779986649779866499998
122222221333344213536644135667441355677415556674118596778888977988899999
112234441112334415123334152222346555783466577888655788986677899966779999
112233331122243311124435661224356777444567774855677888856688895569999999
111222223112424433154246331544463315555673775886777758869979886699999886
122222221133333211114435144443356466455566667755688887578889777789999999
111111223133122233332224553667845566778456667884555678449977788499999984
122333331223343412224444111256447115566677555556788886667788889977999999
122233331242225312445553144556331144567711845677888966678889966789999977
112222221112342451333444511633345666634457786669578889995778889955777899
111122331122233311442253444462534477655377766558776665587999688899999888
111111221133222233322444333556647555666475886664755889947778899477889999
122334441122333411233354162775541627754416287555668877756889999966888999
111112223444122234541126345447263355777635587766358887763589999688899996
111122223331442233514442355146423751466637555688775666887779988879999998
122223331122333412233444155555541556744416667888167777786667999899999888
111112221333122214333332444555624455756644557776877776668888969988899999
111122221111232344422333444333554466666578699665788899557878895577778999
112222221122333451133334511666345666777456767884557778849559888499999984
112222331122333411125534671253346775544467555849677888496778899966688999
111111221322222413332444535366645553677455836744858667778889679788999999
122223331122435361224553611445336144455761884857699888576699988769997777
112222231111233344112233456677734566677345686779456897994558999945588888
111222231222233311444443511466435554666375588863775886697758899977789999
112223331122233451123334551266445516674455667744566877779998888799999888
111122221311422433314224553644445336666653766888577788995578899957778999
112222221111233211444433554444336577773865577838665578886659799866999998
111222221112333451623444516234445566333455666677558888879988978799999777
122222341255233412553334111556341177563487775644887766648879696988899999
111112223333111244433332455562224566677745556778456667784999987899998888
111111121333332244322222433555554466665544476685999766889977777899978888
111122231112232344152323466553334466555746688557468897774689999788899977
112233341123343412233444122254461155555677775586997788869977886699998866
122233331142223311422533144555551644475516648779668888796887777966899999
111122221331112453362224533666445337766457777664588877445598888859999999
111222331112223311422333444444354667777566668755688887756899997588999955
111111223444411234454222345555263356652673586666737899997378999977788888
112233441123333412223344125255541655557416666774668867778888877989999999
111122223111122233334442335446478355466785554667888599678895966789999777
122333331222343311122444111255446555555466677784966678889697777899999888
111112223311122243333252433665554446557544668775466888779698987799999887
122223331221233311112334155544446565544466655788699997886977778869997788
112222231444252314442533114455536116555366667773686999738888977788899997
111112231444222314442223145466337556666375566833775588887759889877999999
122223331222233411553334155556641175564471778644777786649999886699998888
111111112333444423335444232355642225566678285696788855967888999677777999
111111221334442213555422335554223556644433768889777668997766889977688999
112333441123334412235344122254461172555687755966877759668787999688889996
111123334441223344412333451122664552276688557766885777698855776988999999
122223441122235416632354166333541663775411677754886799548877995588889999
123333331222435312224655112446651144465517774655778766997788699988888999
112222221333244213334444111335441665557788665777866555778866997988899999
111112223313124233331242355544426565574466655748669777786997788899999888
112222331222443312444443154555331555677315666677188966678899977788889999
111111121333422233354262355542623578446655788446577984867779888679999996
112222221111123344451233455555334556733849967778499667884966678899967788
111233345122333451123644511236745522867495828674958886749589867799996677
111111112223333422235354623355546255577466888744688777446687799968899999
111122221133322241553266417533364475358644755586497777864979888699999886
112233334112223341152233411552674455566744856677488596678888996789999977
111223331212334312223443112564445555647458866777558966778889966788999997
122222231111122314415553445555334666653344677773846797798667999988888899
122223331222244311555543617554436175544361788483617788886697778966999999
111122221133222211333444566333745566677455866774588867745589979488899999
111111223331142233344422334445226667458867777588667755886997955869999958
111112221132224213325544333556643555664435666644788999997888888977777799
111222341222223411533334115633447556664475556648777568887799698879999988
112222221112333311123334555556345557866477778664799886647998886479999844
122334441123334412222344111123345566666655677886559777885597778899999988
111112334455122345511233445222334455627384856677888866779889966799999677
111122231112223314223333444455534664575546689755668897776889979768889997
112233331124433311224345612444456122777566777875667888856888955569999999
111112221133333214443532666435526644457266645572889955778899999788889777
122222231114223311443335144444351666663577776555788766597888895978899999
122223331114255316142253161452536644555366477883644777886777998899999988
111111223144122233544222335444663354666635556677885599778888977788999997
122222231144322314453333114556361445666614557668995577889997788899977788
112222231122333314244353144445531664775516777758667798589666985899999888
111122221314255233142552631447556344475563334788677777986999999866698888
111122223111122234444442334566473355666733556667555888778888977789999999
111222221133333214445532144556321444563788855667888566779886697799999977
122222331244233312444435114664351166673516686775888877758989775589999995
112223331222333411225534166655341676544416765548997675489977788899997888
122222231442533314425363114457638144576381555766819957768889997688999776
111111121333344233544442335466427555568275566682777966827999998277998888
111223331412335564122335641122356444725564877995648879956688779968887799
111111123133332233344222554466225444667754886677588669775589997758889999
111122221311442233514442335555423657554436677888366779986677798869999988
111112221113322244433322454443334556667755588677585866779888866799999997
112333441125533411255634712556347125563472226644777766889997688899999888
111111221133222233332244334444445666677755866667588888775899989755599997
122222331222444311144553166445331164553377666555776688887779998879999988
122222231233333312444453111144551664466577666685777777859998888599999885
111222221113444211334442553344627553336675888996758899967558899677778966
112223331442555314422253144626531146665371466653777788597778899988889999
111111121333222233345522344445253446555574666666778999697788899977788889
122233441222333412233444111355446115555766655777666777889699978899998888
111112221311442233344422333564423555646655566667588997778899997788889977
122223331223334311225543111554441555446477566666777869697788899978888999
112222331112443351224433511244435555546377775666778779668888996688899999
111111221334442213334442333554425555662276556888766668997788889977779999
122233331142255316422253164444531664745316677555167778889679788899999988
111222231122443351122433514444435555666377755663787666998877799988888999
111112221311222243333332455355664755556647776668447777684999998849998888
111122223341111234445622334756263447566637475566377755589799988899998888
122233331112343315123466152224761554447685544776855777668887996988899999
111111223133312233344422355554426555444265788889677788896767789966679999
111111221341222233455522344465553446655733466777388697778866997988889999
111222331112333311223443555244445562644785666677859996778589967788889997
122233331212344412123344111235446777755467677755666689958688895588899999
122223341222234411333344511134465551664655777666587777695879999988888899
111112331445222311455233644552236445527364685773666897778688977988899999
111112221122223341452333444555536644455376888953766689997766888977778999
112333341223333411244444122554661225777615557776855888768888997699999966
111112223311122233332244335555446677754466677554688877546888879968999999
111112331144223314442223444522536665555366758993667589997678898977778889
111112331122223314422233544446335774468857776688555796685577966899999988
111123331412253314222553144265534462665344666655778889997778888977789999
111111112223334452333344522366445522664455566667885777778888779988999999
112222221111223344115333445553334446555577468888777686687796669879999998
122222221133324513333445166634551164444571668995766889957777899577888899
122222331442233311442453611444536611555366677755868797598687977988889999
122234441222344411123434151233335516667755668667588889675588897799999977
122222331442422314444333155466331156667815556678195776789959777899998888
111222331111222314444223445555534657533346675888666777786697788899999998
112233334122353341225553412256554111567744466667488896678899997788899977
111223331122233312224433144445551467777564677785666978856969985599998888
112222231112242311144443555464337754663875556338759666687999988877799988
122222221123333413335544113555441655774416657774668887776888889966999999
111112223331122433315244335552246665554477666544777866997888999977888899
112334441222344512123445111233456662733566667755868877558888777989999999
112222345122233451123334561134345661744456777889567778995667889956888999
111122231144223311542223555467735554667358846673884466738899677788999999
112222331124423315442263155444631155746385577763858876668888777699999999
111111221333333214533222445552624445556647456668779999687779986877998888
112333331122344312256643122566441255664415556774888567778889999788999977
122222331224244314444433156666731568667315888673158989771589897755599997
122222331112223314133335641177756477777564488855644488556688899566999999
111111112333344423335554266377542666785426777854266778542999985829999888
112222231111123314442253446655534446653377776553787766598887969988889999
111112221133442231354442333544627735646278556669788555697888896977789999
122223331122234311423343114444451677755566675588667775889669758899999988
111233331112223314222233144555554444465576666658767699887779998877999888
112222331222333311124433155544441565547466655778696777789966887899999888
122233331124443312245443112454631125556677558666777588667999988877999988
111222221311142233314424333544446635555567777558667999986679989867798888
111122221131245533312445673224556733444567384855678888896777998966679999
122222221323344413333544113655541116555477766584977768889977666899999888
111122331141123344422223454456234555567385666673856999778869977788889997
111222221312224413114444333544553665555733668857996688879668878799999777
112222231111122341566623455556334445566344756683477778839997778899999888
111122223112242533112455336444553667455536774488366777886677888899999999
111112221134124233344442553364725336647256666677588888875898977755999999
111111121322222233345526344455663474456834775568397756689977768899999888
111233331122343311224453122245556774455567774485677998886679889866699998
122222221111333211145333444455637744556377845966788559667888996677889999
122223331222334311255343115555441155444678888466778988967789999677799666
111111223312222433122444333344456677485567778855677789956688889566999995
111112221311332243333526444735264847552648777556487775668889959688999996
122222331111123344411223544446335566463755566677855677778888888799999999
111112221113323244553232466533324665577744655877466658874999998799988887
112222221133332211133345617344456677745567778455678884556688949968899999
111233341512333415122344551223445556224477566666778899967778899678888999
122222221111333211144355664473556447735564773385649778856999788866999988
123333441222233412212334111144445556667755667777556688879569888799999988
111111123341222233422555344255553344466537477766877778668888889699999996
122233331112444355124443511222435516674355567777666678779699988899998888
111222231111223314422335444463357844635578666665788869957888999577779995
111111221322222213333334566637445566777455667744556887948588979488899999
111222223312424233144444351116473566666735556867355988779599887799998887
111112221133442213334222553644775536644755366477558699978886699788889997
122333331422535314425553144222551146677518446677186666779888888799999997
111111112223333455222344555523446565233466667744668877778889979788899999
122223441222334412333554111135446617355467777758699775586698888866999998
111233331112343312225436122254465555546677758466788884467779888679999999
122222221134444211334555166344451663755516337758666378889999788899997778
111111223312222433152424366554443366555473665854776888887768999877799999
122233341122233451223344511113445566644758996677589666775899999758888877
111111123145522233445552344452223364557783649997836699778866697788886997
122222331444222311444433155463371556637715866677158896675588999788899997
111112331412123354222263544266635447666354477763577789995788899955888899
111111221133333244453622445536274455362748556627888567778886699789999997
122222331112423355124443511146635555463357744666778888867889998677799999
112223331444235511442335144222351146663577886655777869957778669988889999
122334441122333411122334151263645552666455557764888777668999977788889999
111111123414222234445252344455523666575836666758336777883777988899999998
111223341112223451222334516663345556634457768844557688887776889977999999
112222221112342451133444513366445536664755386677553867778888999788999997
122222231224433314444443115666631156776315557663558777795888979988889999
111122221132224211355546333555463735544637844466778889967788899677899996
111111121344552233344552637445526374485263788852637778826779998866699999
122222221334555211345566133445561133456671734446777888669777888899999998
122223331444222314142333111444536615555766665577899665978899999788888777
111122223312244231112455334444453666665536677655377777758888999988889999
111233331122244312244443122455431555556378885966787889667778896677999996
111112221333222211344255633475556334758564447588647777886679999866999988
111222221311142213335442333655443666544766655477865577778899999788888999
112223341225533411225344111253346665534467758848667598886677989877799999
122233441123334412225344126653341776558411765888777655887666588979999999
122333331222223311112443115666445556677455666774858777948587999488889999
112222221123333314256663144566631475566314755558447777784979998899998888
111111221122222234444456347745563477775637788556338855663889999638899996
111222223311112433331224335554446557884466577884655788896667998967779999
111122221111233244555322444533336455777364458777669588776999888866699998
122222221132444413333334155536441155566415577766888777668888877699999999
111111221333333214444332445555524556622245667777666677889997788899999888
122233341112353411223534112255346667554466777554677879946788999968888899
111112231122223312243333444455534466675546687775668888759689887599999977
