1122222211333232111133334444445566666445667765558887777588888775
1111111122233445266333452266344522633445766688457788888577777855
1111222211122324155233345556334455563344666677486677784877788888
1222222211123444111133546333375468377754688887546888775466667555
1111223311414233554142635544426355422263557777638888766688887776
1222333311222223111143335167444456677448566777485666788855557888
1222233311224353111243536112435566664455667744586777845877788888
1112333312222233144223351466655514446755146667578486875788888777
1223333312234353122445551226455516664457166844771688888716887777
1111122213131222333322445553364457556664777566647785868477888884
1122222211333224133534441335446411554666777555667777756688888888
1122344415523444152233341552263415552637116666378668777788888877
1112222312224423144444331455633711566337555667775588666788888877
1223344412223454122233541163335471665554717666557176688877788888
1111112211334442333445426634455263355552667577726677787268888888
1111122231114442333442223335444235555667858566778588667788866777
1111222213412252134155523344455634474656338776568388766688887777
1111111231445552333444523444655233666552366788826677882277777888
1122333311123444115233441552344455222666755666687577868877778888
1222222311233323411113334441556647455866475558864777586677788886
1111111122223444222534346625333465553744655537776888888766688777
1222222312444423114433331144535316655557166665578688677788888777
1233333312445353122455551624445516222447166888871168788766687777
1223333312334355122444451224446512666665117786557178865877778888
1111122213122222134555553344444536447775366677753666787836888888
1111112233311224532222445333674453666774556877745568877456688888
1122333311124334111243345562444456622277566777775568887855668888
1111222213332422133344421133445566674455666777756868877588888755
1222223312445233144452531664555316644553166778831667888817777788
1111112233333112435332224455555244657772466577884677788846666888
1123333311243535122435551124555671244666782244467888886677777886
1111122345151123455552234666552344666223446677334777788377888888
1222222311212333411113554444635544766385747663857776668577888885
1111222231144222311444253333444536677775367785556677855866688888
1122233311122233144442231145463377454666775566867555688877758888
1112222233112422351114463555444635554466335777768377787688888866
1111222231311224333122543355555435566444766664487668888877777788
1111122213134552133345223344455263445572664885776688877766688877
1122233311222333111422331554444655574746558777468588766688887766
1111222231444422311445263134452633355556737556667777866877888888
1111223314155223145552331445522364457273664477736888877766668888
1111222311411233554422335444623355446237855666778858667788886777
1122222211342442113444445133666651333676588386775588867755588777
1111122311422233514662235544662355546633544466375887777788888877
1233344412223434111233341122554461277555666775856677858866778888
1111122314441233142222334442555366475883677755836767558866677888
1111112231122224333332243555664435666644557766845778888457777888
1111112231444425314444253333662533776625777766258877662588888855
1223334411222334122233541116355417766654887766548877765488887655
1111222211312322413333324445563745555677455866774888667748888667
1222233311222443511124435114443355664637556666778558867788888777
1123333311243433152444441522224615277776157777865588888655886666
1111111122234444223334552333444526637775267778856667788566888855
1111222231412222334115663444555634755856347758863478888637777866
1112223311112223441552336444523764445337665557776888587766688887
1122222312223333111444356614733566147555644477756687778568888885
1111122314112223444223235544433355466377555688875666887766888777
1223333312222343111422431114444456667788565677885556788855667778
1111222311222223114443334443335674485556788855667888855677777666
1122222212233444133334451663345511666445166655557777777788888888
1112222311122233411255534444556347755563477766634777666388888888
1122222311245233112455361774533617745536777455368744486688888866
1111222211113422333334526363445266644455667488856777788577788855
1111122211132242553332425633334456667774556667448558677488888877
1111111213444222334544423335642273356882775566887755568877766688
1123333311222334111223441555224465777448655777486556877866668888
1112222311223333144223531644775316447755666487756864877568888855
1222222211113332441133356441353564444555677775586677788866678888
1222333311222433112244335111444655574666555747665887777688888876
1112222211332244133324441133345466667554688877556688777568887755
1111222231114442314442223334566633345567888556678885667788557777
1111222312222233114555531444455366447533664775836777788866678888
1122223341212235411126354166663547766335477863554478888547778885
1112222233114442333111423335544266775488667754886677558866775588
1111123341155223415522334555623344576223477768884776666847768888
1111222233112442331144523344445263777755637785556677858866668888
1222333311223443115224431152664315566447558864775588666788887777
1123333311233243512222445112444651744866557788865577786657788866
1122233411222334111253441662533477655384766555847766588477768888
1222222213333342113354441113555415555644777766647887766678888886
1112222213142255134452551334555613444776333477668777786688888866
1123333311222243111224435516244375566444755566887577688877766888
1111111233312222443335226443555264437555644877756888887766668877
1111112233141442344444223555566237755562337566623778668877788888
1122222231114422331444453314455533166555377766657787886677888886
1222333311123233441222354416655544167575441677756666777588888888
1112222233111122431335524333555546777558466778884467778844666688
1111234411222344112333546223355466235544666675556777777788888888
1111222231222245311444453166475533644755366667553368877788888877
1111111122222344525223345553334456663447568838475668887766887777
1112233312224443112443331122443566777475666877756888887566885555
1111222341122233411522634455666345556763455867734488677388888777
1222223412333234121133341115554466677544677775546677855866888888
1111222311442223144223331544443355555636757586667778886677788886
1112222211122324151553346555537466653374666337748688774488888774
1233333412223334111222241155556471575664777756448877566488888866
1111122213312222433155264435555644357566433877764488877688887766
1111223311122333412233554622635546666755444467758488677588888777
1111222233311244333122456331244566774445688777556687775566888885
1222233314222233144443331154677715546787156467871566678855568888
1112344411223444152233441522333315526666755568667578888677777888
1111122234411222344155523345555234466657334666673888876788887777
1123333311222333411225554412256544155566477777664488777688888866
1122234451122334551223445116234457163334576666685778886857777888
1122222211233342511113445556333455763644577666645777776488888888
1111111213333342535533425555544267884442677888426677788266667782
1112222311122433155224361544443675448336755886367755866677778888
1111223314111235442222354626333546663555467777754677878546888888
1222222311112333444123334441156344555566777585667775886677888886
1222223312445233124555531144653314446553176668881777688877776688
1112334411223444122333451122344566623555667777756688777568888885
1112233411152234115522346665223466553334655777446888874768888777
1122222212233344111344441133334456667788556677785556788855667788
1111222211122333142253634455536644455336477588664775886677778888
1222222312124453111145536177455366744453677745536678888366788883
1112222231122244331114443335544433655577886565578866666788887777
1123333341223555412233554162255541662788416667884176678844777788
1123333311222344112243341225444415556777556667875666688758888877
1111111122222233224333335444444355666748566677785667788855577888
1222222314253333142556371444563714555637144856771888666718888677
1111222233312224335111243555666435776864357768645578684477788884
1222234412122334111253341666534416555374665553748668887788887777
1111123341551223415622234556627344556273448567734888667388886777
1111112231145522333455226344452763334527666645576688477788888877
1111111231444442334422223554526235555666337586867378888677777886
1112222213114422133444251344645573366885733668557776688577768885
1112222314442223145442631455466317756663175568837755683377788888
1111222213411422134444253344662533366665737665557778888577788885
1222222211113324155333341533664415555664757766447776688477888888
1112333311223443122224331552644415776648557666485777866855778888
1111222233122444311244443152667435566777355667773588668735588888
1222233312223344125333641555556415776664157886441777866417788888
1111233311222433112224335566243755644447566888475568888756687777
1223444412333444122233341255355612755566177756661777888617888886
1111122213411452334444523344555233655572636677726666887788888877
1111122233411122344444223555446235555566377786663777866837788888
1111123345511233455122234556622345667233456677774668778744888888
1111223311122223441225534655553346665537466667374888777744888887
1112222341223223411133334155556344777566477775664788855648888866
1112222211222333114444331444546375555563777588637785866677888866
1112333412222234156223341567773415667734156677845566788455888884
1111122213333332114443325444622255466677584666775888687755588877
1111222231114222333144523364445536664455376655587776688877778888
1122333312223333142225661445556614445556177445861778888677778886
1112333312222333124522351445555511444665777744667888866677788886
1222222211132444151334445511346457333666573766865777688855778888
1111122341122223441225534666555346677553467778534678888346778883
1222333314422533114425331664255511642775166487556664877788888877
1122222311223333111234331555444455655544766666487776688877778888
1112222211334452133345521363445216634557666845578668477788888777
1222333312224334122543341115444411556666555766768857777688888877
1111223314411233144422234455252346555553666666637777888877778888
1111222211112223444442335545446355556663777566337776683877888888
1222333312222333124444431554464615555666177755661177777688888888
1112223311442233144423331444255316672855666788556777785566778888
1111223312222223144445531445555314456653777768837666668377788888
1122223312242333144423551464335516644555176668851766788877777888
1222222312444453124444531166655316665553116675738888777388887773
1112222311452223114555231444555344666653466786837777868377788883
1111223312212333112224435554446357544463775558667777786688888866
1111223314111233444452334665522344665223666557776855877788888877
1222222211133332144443551144336514473665888776658887766588777655
1122222311111223444412334444333567777735676775556666688588888855
1111111233331322455333224455222644456666445556768888867788877777
1122222341211323411153234444533346545577665558876666887768888777
1111111122233333242255534442555364425573647777776466878866688888
1122222211112344555123445671334456778344566783335567888866677788
1111233314142223144442331455223674855236788855667878855677778666
1112222211122233141333334444355564645557646855776668887768888777
1112222234122525341665553411656534416665334446773388888788877777
1122222314422333144253631444536611545366175555667778888677778888
1122223311222333411123354441653546666555466777554677788847788888
1222233312333344123444441224556611155556177777568887775688888666
1122333341222223411123334441555544615757466557776666877768888888
1122222211122334151133345566634456666334567777445778878455788888
1111222211133322441553224555333344567777455677784466878866668888
1112222211132442113323445533334455667744566877775568887756668888
1122222311124423111443235444433356677378556777785566687855668888
1112222213333322113334256114445566444475666877756888875568887775
1111112233114222534442625347446253774666537777665338876855588888
1111223311422223114452236444577366645573666455738685577388888877
1112222231144422311444523614775536648755366687553366877538888877
1122233311222343112253436155554361555444666677748886677488888777
1233334412553344122533641125556411255664172277647777786688888886
1122222211122333114533536145555364444573666475776884777766888888
1111122234441112344444223356662235555677385856773888567738886677
1112222311444223511142235555446355754463777777638788866388886663
1222222213333332111144331444455516464555666677556868777788888877
1111222311122233441233334552666344555566445788667457786877778888
1122222311223333111233441555344655777746557744468577666688888886
1111122213341452133444523364455233645572666885726888857766887777
1122222213332244113344441533344615555566175756667777776688888888
1123333311244433512244635112446651222466577778665577788655788888
1111122234411125344422253334442536666655367777753667778588888885
1111122211122232444444325554643377566633755566637758868377788888
1222233311124433111244431562443355624777566677785566877855688888
1222223312242443155444331555543615757436177777361176666688888888
1112233311142223514423335144223654476666554777665887777655888888
1122223311224333112443435126444351564777555667875666888756888877
1112222314442333114422335144263351477666577788865577886655578886
1122222312243333112434331144445516666475866677758677775588888855
1222222211134424115334446155333461557734655578386667788866777888
1222222314244423144455531145555311156633666667338868777788888777
1123334411222344512233445122336451177664577786665777888655588886
1223333311232233112224441144444561777775666775556668758568888885
1111122211333322413335524444355244655572466657776688778766888887
1122333311243553122433551124665571246655772446667778448677888888
1112223341122233441123334415255346555577465888874666878766688777
1111122314444223154442331554222355556333777566667788686677788888
1111111213333332334222225544462655446666555467765884877788888777
1222233412122344111123345551336457783864557888645577866477788666
1122222211133332114443325164443355677447556777775668888855666888
1222222312423333144455331144555314455656178886661787888677777866
1111233341212333412225334125555544266665477768654477686877788888
1111122213331222133452523344555536644475666447756688887768888777
1112222211122342113333445336666453566644555786445757888877777888
1123334412233334125555341222555416265644166666471777777788888888
1122222211132233113333341555554465557744666667448668874788888777
1122233312222333142553631445566611455556174444867777888677788886
1111112311422223554222335544433356644437556666775668887788888777
1122344411123444111233456662234566722335667777358678875588888755
1112222213111124533336245333662455576664577776645788774458888884
1112222211122324551633445516334455563344775638847766668877778888
1233333312443453124444551222245612755556177888661777786617888866
1111222233314442335144423551144233566662555666675877777788888887
1233445512334455123345551223456612234666127746681777776817888888
1111112213312224553332445333224455554446778588867788868677776666
1111123314144233144422235442223355555636577856667778866677788888
1223333311233434112224441566224415666647156886875588888755577777
1111122211333322413552264333525644455556474766664777768877888888
1122222211111233456162634566666345557733455887334588877744488877
1111222213112244133324445333244455636667556666775558777788888887
1222222311223333144444431454555311555563717666667776888877768888
1111111233414222334444225344666253366662553677775577778855888888
1222223312244443124443331154336611555666155576668857777788888877
1222223311122443111244335166447356684473556877735568877755668888
1111222213145522133456221344566633455766334557768448877688888777
1111111234144442344452223335566273335562777555627888886677788866
1111222213313222133333241566644455556664775886647755884477778888
1111223311122333122224354444443546667735888667558666777588887755
1111122211333242513322445633324456666664577786845577888455777888
1111222344152223411522334415533346665377446655778666857788888877
1112222213144222131444551366445533366457336665578888675788887777
1222222311122433151144631544446375555463757756637776668378888888
1233333312224443122224431115544461175555677777586667885866678888
1233333312322243122254441165544711665447616555776668577788888887
1122233312222333112433441144444516666555666555758867777788888877
1111222233112442333144223531444435556666775566887775668877758888
1112222213222344133333541135555416655444667588846677778866777888
1111222231114225344142553644425536477555366778883366788836677788
1111122314451223145522234455266344455663777566337778668377888888
1111223314122223541142335444423355466636577786665777886855778888
1112223341112333441223354616235546662775467777754678855546888888
1112222211132224131335546333355467755554677788446767844866678888
1223333411233354122253541266555412666554116774448668777788888877
1122344411123444112233445122366657233366577788665557886855777888
1222222314442253146665531446557314465773186655731868777318888873
1111233341112353412225534444255364472253666777556888877766688887
1112222344125223641255536411577364155773644588736488877366688873
1111112213314422333444523334555266445522667775586778777866688888
1222233311442333114425331442255514666755146687578666875788888777
1111111122222223445555234465555346666673446867738488777388887733
1112222231114222333145553341455534444565377666667776888877768888
1111123314412223554123335644277356642773564427775666688755888888
1122222212213333111133435666444355666644556777745777788455888888
1112223311122233411442334444523366645557668555576888777766888877
1222222212333344111553446111533466655344676588486755788867777788
1111222341552233411523334155223344657788466557884467777866667888
1222222212333333114444331155466615554466175554867788888677777886
1122222311124423111243335644444356667733566687775556877755888888
1111222211333332114333225544446254466666554766885577788857777888
1111111231444222334422223354446633555766385557768888576688877776
1222222311112233111443335444444355667883556778885666788855667777
1222333312222343112553436111554461555774668857446668874768888777
1122222231111422351144443556666435577764357787643557876633888888
1111122341112223455222334455563374455663774566637748668877788888
1112233312222233111425367144853674448536744885567778556677888566
1222222211334552111344551633345516373445667777456677784866888888
1223333312233443122244561172445617744556117777568878555688888666
1122222231112442333111445536744453367774536676775586668755888888
1122223311422223154443331544446315556663155667778856677788888877
1122222231112452316144553164475536648775336487753664887536888877
1122223311123334155223341555234415657844656678846666788477777888
1222233312112343111224431544443355554666577776665777766858888888
1112222231144225314444253116644533367775838667758386675588886775
1111122231455522314455223144562637445666374758663777888633778888
1112222213123245133332451344444513466775888677558886675588666777
1222223311144223111455231444455366645553666665337777777878888888
1112223311223333114225331445256644555576448757764887777688888666
1222222312142433111444435114466356666633555677375888877755888877
1111233311112233452222364555233644455556474488867778886677778866
1122222311444223511442335511463355544663557777637776666878888888
1111122233111224333352246373525466755554667788546777788466888844
1222222311112233411533334415556345555666447777684478666877788888
1122333311222333411225634114256644445566774556667777558877888888
1123333311222233122442351114445566666445677784556677855877788888
1233333312244433112224551226645516666475168864751887747588887775
1111123341152223441523334555236345662267458666674588887748887777
1222223311114223151444235514446357748663577888635778866355778866
1222333311422223114253331445566611475556444775567777788688888866
1122222312244553124445531664553311644533176665837766888877777888
1111222212222333111333345555534456677744566787445677884866678888
1222222312445233114456331444566317745663175555631778866877788888
1112234411222334155523441552233415553344666777776668778766888888
1112222311224223144445531444555316777753666777536888785366688883
1222344412333334122344441223566611555776115877665558877688888776
1112223344112223444112334545123345555663756666687577768877788888
1111222234411222344411253334445536665557386655773886667788888777
1111122213122224133544246335444466355777633555576688777766888888
1111233314112223441523334555222345556667458867774488667788886677
1112333412222344111223546612335467778354677788546778885466688555
1222222211234444111344441153336655557366558573368887776688887776
1122333311423353144223551144255671442566774725568777786688888866
1111112213333124553366245336622456667224558677445888777458888774
1223333312223344121223541116665477166654788668547888885477775554
1123333412233434112234441552264411527666555776665777886857788888
1122233311122233144442231544446315777763558776665587768655888886
1111222213132442133334421335554266775448666754886767558867775888
1222222311223333144335531144445511466455666667578868875788887777
1233333312222334121422441114444516655555666777756866787588888877
1122223314222233144444431114533316555555666667756868777788888877
1223333311234443112344441125555412225666775556668777777688888886
1222223311223334111233345166644451566644555766487557788877778888
1111122233311242533314425563344256666642577776445778868855778888
1222333311224333511244435512464755124647581666675886876758888777
1223333311222223144425531664555316447555164777781647778866688888
1222234411522334115223441156634451566334555667378866777788888877
1111111231444222344422223345555533455656336666667788888877777788
1111111234552212344552223455526634457766384477663888777633888876
1111122233341252344411523364445236664752368877556687777568888875
1222333312224453112246531444465317774653188776551887766588887665
1222222312442333144455331146653314466555177668551776688877778888
1112222311123333112223334444555544555666475666664777778877888888
1111222311112223445552334445523344456633775568887777688877666688
1112222231144452311445523314556237744566337775663777856688888886
1222233314422233144452361474553611745536117755568777786688888866
1112222311222443512444335115443355554633577766887766666877788888
1111122213133425133334256663442566644225677445556778888577778888
1111222213333322144433321544466215474766557777665557876658888888
1111233311222234512223345166334456677444556777745666877855888888
1222233312223333111234551614445516647455666474856777778567888888
1111111213332222444333224444533266645777655558876655888766888777
1112333311223343122223451667284516778845667884456778844566778555
1222233312442433122444531114465311666653777765557778665578888888
1111223314122233144222331444553366445557666665578886775788888777
1222222211113342111333445533344455566464555766687777866877788888
1122334411223444155234441552336615522336157888667577886677778886
1111111233334122334342225344442255466666577778665557886857778888
1222233412252344155523341115533466115534677777746666877468888888
1111122211132224553324245333444456633774566777885667778855668888
1122223341111223444512334455126374458863777586637755866677588886
1112222341112523441655234616532346665333467655584477778877788888
1111222213312244133224441533344455536667566667775886778755888887
1222222211133233141433331444455514666775846766758667777588888855
1111111122222344522233345555334466655344667753486677888867777888
1111111122222223244433334433355647855556478556664788886677777886
1122344412223454122234541111355466333355666677756888877568888777
1111122233122222311445553364445533647445836677758666677588888877
1111122231142222341445253444555534666755333667773886667788888877
1222333412223434122334441153446615557776158776661588777655888886
1111122233131422533314225344442653476666554788665557886877777888
1111112211322222333344425353344655554466575884667777866677788888
1122223411123334151263341522663455566634756688847558888477777784
1222222311124423144444431155333316657737666557776555778866888888
1112233312222443112444331524663315446667855667678555577788888877
1111122213334422134442221333445566374855677788856767785566678885
1111233411112334562223445662234456623374556667745577777858888888
1112223311122233114223334444444355666666557788665777788855577888
1112222211223324133333441155355467755554677774446667888866678888
1112223312222233111145536444455366644453776685537766885877778888
1112222233112244311124443354445673555556735888667378888677778666
1111222233122442351167423551674435666774358667743588677435588888
1123333311222443111224335516244456662447566688775688888755587777
1222333311122223141123331455555544444455666777776667887766888888
1111122341515233415552334555223344462273446667776668778768888887
1122222211332442133444441333555413665555177666657777866877888888
1222345511223455122234551333344516374445167777881677788866666888
1112222213132442133324441335446617358486777588867775888675555666
1111233411122344122233442233344566677455677788856678855566778885
1112223312224443111224435154443355566337556677775668778766888888
1222333312224433125554431255444311555466117777668877876688888766
1111233311122333441422334444422255555666755766667577886877788888
1112222231111222333144445333464455374668557766885557668877776888
1233333412222234125555341256773415567774115674441666778866888888
1122233312222333121455361114453677744556774445667778556688888886
1111222314412223444132234441333355566667556688675888876755887777
1222345512333455123334551222344511664475166647771666777788888888
1112333311222433115224361555243675552466757744667774488678888886
1122222231214442311144443155554637575666375756883777666833788888
1122222341225333412553634177536641775366417556664177588844788888
1223333311223443112444431122244516655555666677576868875788888777
1111122231422225314266553144666534446665334777753877787538888885
1112222213112242135555441333554466633554666377746887787468888877
1112222211122334151233345556333455667444566777745666777488888888
1122223412222334113333541666535416765554167658447677588477788888
1111122213322224135566241355664433566644355564473887777788888877
1122222312244523114455331145533671453366744556667777766878888888
1222222211123455613334456133444561133455667774556678888867777888
1222333412123434111234445112344655523666577788865577866657778888
1122222314244223144433331145553316455577165588776688887766668877
1111122211312222333324443534446455377466855577768885576688887766
1112222213123425133334251336445516664555666744586777748877788888
1112223311112233451222634556666344566673445555734888877748888777
1222223314422243114444431566633315666637158688871588887755557777
1222223311112234151152346555553465773334677788846777884466668884
1222222211133332114333351444446517744665778886657788865577886655
1112222341222233411133334155366647555556475888864777788644778866
1111222211113324533332245533662455556444566667478688874788887777
1123333312222433115624431556224417566684175566847775868477758888
1111222231311242333412425634444756336477566666775555887758888887
1111111122233333224433432224444455667777556677785666678855588888
1111222211134422133344223355544433565477666655776688577768888887
1111234411112334552222346555523466655234667773346678888477778888
1122222311123333112234331555544455564444576666667777886877788888
1222223311244233112455531144455314455533677777776768888866666888
1111222211332224153324441536444755364887553688775636888756668777
1111222234111125344666253744462537446625377766553337778588888885
1112222213133422133344421334445516647555668877556888877566688777
1222334412222344111123341516633455566374885567748855667788886777
1112234411223354122235541162335466673554677735546887777466888888
1122333311223343111253441222554655555446777744667777666688888888
1111122211133244555532245333322456673444566777745667787866888888
1111222211312442133354223336544437765488776654887776588876665558
1233334412223444112333541222555416755554167788881677777866666888
1111111123333345223363452226644522766445777766457787864588888855
1112222211342442113444425133466653333667588886675558776755888777
1111223341122223415223334155536647556366477566684475888847777888
1111112314222223144442335455426355554663757788637778886377888666
1111233345512223451112634557726345572263475766634777668844888888
1122222311111223445512534445555344465733666677736888877366888877
1112222213332322134333551444666511444465777766657877786588888855
1111122344551233444512334455126374552263777528637778886678888666
1111233311222333112244335522544465555474656667746668887788888777
1112222314122223441555534115553346666573446866738468777388888777
1111122311122223444442235445666354556663555667337777777388888888
1111112233334112353342223544442255646777556466775566687788888887
1111122213314442134442223333455236664555776666857777868577888885
1111123311414233554442335546223355467228554672886666788867777788
1222234411223345122333451633444516677455167775581677758866688888
1222334412233344122334441253666411555666115756867777558877788888
1222333311222453122444531644555316445573166858771688888766687777
1111233314222333144422231544442315566667555686675586877788888777
1222223312423333124455331644455516447588167775581677778816666888
1122223341225233411152534416555347166553477766634478686877788888
1122233311442223114442235164433351647788566777785566778855566888
1222233312442223144453331455563614557666145777761857778618888886
1111222314415233444152334441523366775223666755886777755866788888
1111122211331222453332264555333644557666445877764858876648888777
1222222212334444113343546113335466117754668877556688775568888775
1111111234441222344445263345552633375526837775268887756688887766
1222333311233345112234451124445561266445666677758886775588888777
1111233314152333141522236445272364552777644587876465878766658888
1112333311122453162224531642245366444453666555578688777788888777
1111222233122422311444443516666435557664333577668855577788888877
1111112233444122344541223335442263355577688855776668587766688877
1111222233311112433335524444355244655552476666667778868877778888
1111122233111245333222456633724566637445686777456888744588887755
1111222211112332444523334555236344555663447756667778886677788888
1111223314111223444222234455666344556773555667738588667388888777
1122222211133442151333421553334455556647586664478868677788886777
1111222314412223144155234455552364453333666577776888877766688887
1222222211213333111134435664444356666743568687475588877755588877
1222223311112433114224331544446375546663775556667775568877888888
1111112213133322433322254436652544476555447765657778666877888888
1112222211113322415533324555563344565673446666774468888788887777
1122233311123343551234445112346657224446577888665777866655778888
1112222211132322114333335443666654477776544787665547888655578888
1112223411225334122553641125336475555364778883647778666477888864
1111122344411223544122335542233654473376557777765878886658888666
1233333312222344152223441555666415556764157777641177766488888888
1111122344111223444222234455555364655733666857336668777788888877
1111122213331224133222443355554463557884665778846657788466677788
1112222211322244113556641335566433555644337576647777786478888888
1111122213332242113324425553344455663774855666748566867788888777
1112333312222343115233441552256417555564776666647776884477888888
1111222231444422314542263145466631557688333576683555768877777888
1122222213332424135444441355554613757556137777661388877688888666
1111122213311222443556224435566643375566473756684737588847778888
1111123311442223154442235546223354466738566677385566788857777888
1222222311111223141553334455563344455663447588667778866677778888
1112234411112344555123445222233455553334666677778886666788888777
1111122344155223411522334455523364557233644778886667777866678888
1222222211111324511533345555633457666334577666447788688477788884
1233333312222223111425536114555566147775664488756444887766888877
1111223314411223544166235444662355547623555776237777766388888888
1111112233311442333554423637554266777542667885426678554267788888
1111122213333332113443225444662254446777555566775588866788888677
1122223311112334151223445566233456666634567778445777888455778888
1122222341112333415522534155555341666663447886634477886877777888
1122222211112323114333335543666755444677544866775548866758888877
1122222211122333411133334444355677455556744885567778866677888866
1222223314442223144333331455555614457666185576761887777618888876
1111112231344122333442225534442657337486577777865578888655886666
1222222311133223111433331554666655546667544448675548887788887777
1111222211122322144553364455336674553866744538667475388677778888
1111233311222343152223441555234465557374666577746866687488888877
1123333312223435111234451622245516667445668874456887777568888775
1222222312123333111444331554666315444677555846775588667788888677
1111112341551223445562334455623345566273488622734886667788887777
1112222314422523114445236145553361445553667777736667778368888888
1122223311122223141155336444553364744538647555786677777866688888
1122223311224243511142435514444365555773668577336688877766688887
1111111122222233422333334445555346446555466666758888867788877777
1111112211322224333332243356664475556664777556647755888477888884
1111112231444122344542223345425637555556378888663777786637788866
1111122314522233145252231455555344444633666666637778888877777888
1111223311112233444425534642255346427553668877536668875768888777
1122222314424233144442351466633511166735866677358877775588888755
1222222212334455113345551334455513444666137666661777778877888888
1112222314122333144223351444463514766635777866657888886577788555
1111222231112444315222463555544633357446385577763887776688888766
1111111231444522334445223345456273355562737756627778666678888888
1222223311222443114444331155544315555663777756637787666678888888
1233334412333345122444451122245511626675816666758867777588888775
1223333312234443122225431555554411165574188666748866677788886777
1122233314242233144422351146633517446655177665587766558877788888
1222334411223344112335541226354411663545666775556777778867888888
1111122314442233144222231544333355466666555676768855777788888877
1111112213333222143352664433522644445576488557768855777688887766
1111112231142222335424263554446635547476355577763888877638888766
1122223311142233511442235166444355674473556777735667788856688888
1111111122333333233455662444556624447556288475562888776628887777
1122233314422333144225331142555511445556774666667788868677778888
1111111233312222433352224335555544456656477776664878777648888886
1112222311222333112433331544466755846677558446675588467758888677
1111222213311222133444245334644455336666577776885577668855778888
1111233341112253441222534422555346665773486557734866667788888877
1112222211112334155223345556633457766334577768445766688477888884
1112223311224233516244335162643351666444555766745887777758888887
1222222211133332141536334415366744156667844556678488577788885577
1111112234415122344555223444522633455566337776663778668877788888
1122222211332442113334551163344566663445666777458777775588888885
1122222311444423114452231144563355555673885666738886777388866777
1111122213311322443333224455532647755666475558864777888647788866
1112223311122223415233334156366645566676445777774558888744588887
1222222211111233441133335466666354444663555746785777777855888888
1111112341555523415662234456227345562273466687734468887388887773
1222223312233333124355551444466511744465117766657777866578888888
1111112213144442333342225553444255633772566677885667788856677888
1122222213332332144333551144466514476655174766657777688578888885
1111222211122334551223345556333457763444577666845766888477768888
1223333312222443112254336115544467175448671755886777755866668888
1222222211233444113344445133664651136666555367885777777855788888
1122333341223535412235354122555541666788416677884166678844777788
1222233312112433111224335166647355664477556447775668477855888888
1111222213311244333512443655524436557244365578886677788866677788
1111111122233345222344452623334566734445677775556677758866888888
1111111213333422333554423665744266557442665774826557888267778888
1222334411253444112533441225333411255566775566667777668877888888
1111122213311422553444425334442255333666577777665787866657888888
1111112213122224335442243355444433355566778856667778568677788886
1112222231111224315662443556444433566477355566673858777738888887
1111112314422223144522234465553344655333666655778686877788888777
1222222211344442113344441133555561377555633777586667888866677888
1111222211122322144333564433555644733566477885564778856677788886
1112222212223333144444331544643315666667156877775568778755588888
1112223311122234151233345552334455644446556666667777788877788888
1112222213111442333144523444455233665577636685776668855788888777
1111234412112344122223345623334456666374565687775556887758888877
1111122231312242313554423333544266665547886557478666574788888777
1111123314122233145522234445623344556663455777668857877688888776
1111111122223334522336345522663475555634777756647778866488888844
1111122233441112333444225533422655534466575866667758888677777888
1111123311222233412242334444445367777753678787556888888566666555
1122333312223333122244551164444511674745666777556688877568888875
1122222314442233154423331546773315466777154667871566878855568888
1111111122222223243333334445556344555666445756667777786877888888
1112222211113322144433324455533644755366477755667788588677888866
1222233311452223114552331444556317444563178855667778666677788888
1111233312112433122224335244443655477466557776685578666857788888
1111122314122233144255334422555344466573666655736877777768888888
1112222231114422333114243355544463355747666557776668578768888887
1222333311422223144253331145556671445666714455567777778688888886
1223333411233334112255441222544611775646777556467755866678888888
1111122231114425364444253646422536667725368777553687775533888888
1222223311222334511663345116634457166344577668845577788455778888
1111112213122222433555524333355544637588446778884466778866667778
1111233341112233415222234556263345766668457776884555768844777888
1111222213122444131224543336645437665554376665583776858877778888
1222222311221333411115334665553346665555447666884778888844777778
1122222211133223114433331445563674455666774855567748588677788886
1111233314112355142223554426235546662335447666854777688877778888
1111122213311222333344225336477755664477556664475886648755888887
1111233415522334165523341652223416552734666577746888777468888874
1222223312244253144445531144655317666653176665531777777388888888
1111122233331122333341225554444265555447665877476688777766688888
1111111233333122444433524445355246655552766666227778868877778888
1112233411223354116233541662335466227754866775548688775488887754
1222222213332445113344451334455513647557166677571668877766888888
1111122213331222144335226443557764335777644555786648577866688888
1222333411123334112253341122554466775544667785546677858866778888
1111222213312224333112443555554436555774366677746667787468888888
1111112211333322443533326445522264445577668457776688557766888887
1233444412234444152333361522237615527776155777661588786615888886
1122222312224433155544331554433315546666175468861776688877777888
1112223314122223145555231465555314677733446687734666877746888888
1222344411233344112253341122533415555664755666667778886877778888
1111122231412256314225563444256634555576344777763388777638888886
1122333311222233111242531444445344666655666777556888777588888775
1112222213111244533122445336644453376648553766685557886877777888
1111123314412223144422235544423356667733566667775558687758888887
1122222213333224113333441114444455567777566666875688688755588877
1111111123444444233344552333555622355566277777662777666828888888
1111122311442223514426235544266355546663757486637578888377778883
1111122213112244332225543336554473765554737665447777666688888888
1111111213222222435555524333665743666557436867774368777844488888
1222223311112333144123331444255566444775866677758866675588888775
1111222234411112334442223333444566355555766655887666788877777888
1222234411233334122233441111344566678485667788856678885567777555
1111112213314442563344425633344256637772556678725668887255888877
1122234412222344111323546113335466775354667555546678888867777888
1111111234145522344445523446557236666572368865723888677233888777
1111111234442212344442223345552633357766355577668588877688887766
1112233311122334122233341524444455546777855867678558676788886667
1122233311122333415222334155556641455666444456678888776788887777
1111111213332222443355524433552244635557446666678888676788887777
1122222211132323114333335144444655747466577777765558866658888886
1122223311122233111233334555666645556676444567774845777748888888
1112333311124333115244435552647755826447588267475882677788826666
1111111213222222433325554443555564433775644377786668777866688888
1122223311123334151222341566633455664444577668845576788857777888
1111222213133442133354421335546277554462755846667758888677788866
1112222233121242331114453364445533647555666477756888877566888877
1222222212333444111333441113355466665544667758887667588877775588
1222223312444233121455331114655371446653774668557666885877778888
1112333311123333144222551444225566644275666847756888777568888775
1112222211122233415533334155536347785566477856664478886644777888
1111122213314442133545423355554263565742636677426668877788888877
1111112234441222333412223334455566345577666455578666877788888877
1112222314112223141555234446655344466533766685337776858877778888
1222222311122333111133435555344455556447666664476677777788888888
1111122213114252336442553664422536444775367777753688785536688888
1222222212333333133444441111154465555554665777786677887866678888
1111122233331122455331624533666245556772455866774888867744488877
1112333341222353411255534112265344626657446666574888875788887777
1122222213234442133344441133554511355555666677778886667788888677
1111222211112233444223354466635544663335476665557777788577888888
1111222211222334511233645333366455555664777856447778664477888888
1112223344123235441233354412263547116665476666857777888577888855
1222222311233333112443356111455566444445677788856667888567777885
1111122213331122433552224335566644356666455577764488777748888887
1222223311112234151132345555333456655774667777446666778488888884
1222334412333444122234441125366611553666155556768587777788888877
1222222312213333111113435555634475666844755668447576688477778888
1112222211122323415533334145553344444566778865567778666677788888
1111122211333322144443224454332677546366755566687775556877888888
1112333312223433111244531222445566444555677775856767778866688888
1122233311122233114223351444443564777775648777856888888566666555
1111112233341122553422265334426653344666557744665777778857888888
1122234412222344112333441155334671755346777755667885586678888866
1111222213312222133445551334556573345665774446667777466878888888
1111111234522212345552223446555734467577346677783466667833888888
1222222311144223151443331514446355554663577788635777866677888886
1111223455122334511233345122633457266644577786645777866457888888
1233333312443443122444451122555511126577886265578866667788886777
1111222211113322443333224443355544655555466666778686877788888777
1111112231142222333444223534446635347776557776665588778655888886
1111222211333332145553321466532244465777466655774668587748888887
1112233311123333144222231455526644445666747556867775568877788888
1111123314442223144455231445522367775233677755536677888866668888
1112233311223343122334451122445566666445676868457788888577777855
1112222213332242111355441333554673555446777544667877786688888866
1222333412223434112334441125345461155557668558776888888766667777
1111222311122333414223334442566347455566475556667778586877788888
1223333312222443115524431156264311566644775586647557868877778888
1111111231455522344545223444455233366652373666627777868877788888
1111122213444222133344521363445233677455666677756868875588888775
1122222311142223114444435155443355556633777566637778666877888888
1111222311414233144442335644723856667238566772385667777855558888
1222223312444333122444331554543615555666175888861777788617778866
1222222213345552133446551344465513447658137776681376668817778888
1222222311124433114244335144433651777736577876665788866655558888
1111122213314225134442553344225534465557336677776666877768888888
1122222211223333114433331554444615447666557776665778786855788888
1222334412223444112234441113335561666355666775586777755877888888
1222223411552334155522341665733416557734166777341687878466888884
1122233311442333154426631542226315466667154487675558877758888877
1111112231314222333342523444445236745555667888856777788566667788
1111111233142222335442423555444235664777355666773858866788888677
1122222311224333111243331544444355554666556666768588777788888777
1112222211133222413355554133657543386775448867754888667744886667
1111222213342552134455221344556613345566733448667778886677778888
1111122341411233444222234452633345556673855667778556667788888877
1122223311111223444412235554433366544377665555776666888788888777
1122233341112223445112234451566344555663477755637787766678888888
1123333312222223111142335514446655447766555447765888876688887776
1223334411233544122335441222354416555557168777771688888766666887
1122222211112332114333354443355546666655476665584777888847777888
1112222311422523114555234145566344455633476666837768888377777888
1122222211111332444413524464335546663335667688856777888577778855
1122222311244333122455531114455364447553667775736688777866688888
1122222211223333411553334411555344677555446778884667788866667788
1112222211123223413333334155555544446565477466667788866877778888
1122222211323244113334445163374451637774566687785656877855568888
1111222344111233445512234445226374556663775866637558886377778888
1122333311122233411252364152553645555766488877764448777648888766
1111112233112224333322245536444455366447855566678885667788887777
1112334411123344211234442222333455555556777775667786666678888888
1111123314441233444412235456622355566723885567238856677788886777
1223344412223344152233441525366415553667158566771886677718888877
1123444411233334122223341155263415572664555766668587777688888877
1111112341222223415562234555633345666373456777774566787844888888
1122222231455552314566523145666731458667314486773148888733488777
1111222211333332413335524166557244665772466657774886558744888887
1112223314442223114556231744562317445663877755638777856388888566
1112223312223234112333345166664451768664577786445577884855577888
1122222314223233144433331455555614475656114756667777776688888888
1222233311122233114552367145553671455836774588667444888677748866
1111222213314422531144425333446255533467588666675886677758888777
1122222211123332441153334661555346666553444667578488875788887777
1112333314122333141122234444522647455666777755667877855688888856
1222222211333342113354441336544411665554666655578688877788887777
1122223312224443112444331155463371554638775566687755688877766888
1222333312223334122555341111155466777544666755846777888466788884
1111111213342222334422553344425533644655776666857776868577788888
1222222311244233144444331145533316665555177688857766688577776888
1112333311223345612233456112224566644445766784857677888577788855
1123333311222223112444235114666354444666555786865777888855777788
1111233311122233144422234444253366465577666657776855557788888887
1111122344441223544611235476662354786623577886235577863355778888
1112333312222334125223341655777416657774165578746655884466888884
1122333314422223144255231444455316666553166778551667788877778888
1111112213333122453336224536662245567788445667884556778844577788
1112222211122333411523664455733645557366445573664477777688888888
1111112233411442344444523555555233675222366777773668787866688888
1111122231122244315266743352677433556674335567748558667488888874
1112222213324444113224441335554513365555636678886667788867777788
1111111233322212343332224444355544665555477666857776868877768888
1122223312243333122443351111444566664545666675558887777588888777
1222222211111332145513664445733644457736845573368855776688888776
1111122233144422331442223314455563347775666677756668775588888885
1122223311142223511462335144666354446733555467775586687788888877
1111111231444442344555523455652233756228377768283376688877766688
1112333341122333411225534612225546666555444666754888877788887777
1111111233312222333324523677445266774455667444856677788568888855
1233334412233344122223541255555411566744115677776666687788888887
1122222231212444311115443555554435657774366667783667778833688888
1122222213333332113344421115544466675544667755586677588867778888
1111123311122233422223334445536645555666457788864578888647777786
1111122231412255314442653444226533347665337776557778666578888888
1111233311122233441423354444223546666265777766657877755588888885
1111234411152344615523446652234465522333675528386778888866777778
1111111233333142535334425554444255664772656887726668887268887772
1223333312224333122444451124655511446665177776658877776588888865
1222223312212333111133435616644456666477568844475888888755557777
1122333311123343112222431525544465557448656574886667777866778888
1111122211331442553344225553342266573488655734486777788866667788
1122222212233344113334441153446651534666555556667778888877777888
1222222211113233444133354411633544766555747666657777765588888888
1122222311112333411523364555233645755566447888664478786647777888
1223333312223343125544441255566412578864115786641757886677778886
1111122234411222334144223344455533665577636557776665778768888888
1111223314222233144422531444465316666653768688537788885577777855
1111112231142222344444423345556235557566357777663377766688888888
1112233312222343115524431665274316657743665577446557778468888888
1223333411223334112535541225554411265447666657476688877768888877
1223334412223334112334441225544611555556717566667777686877888888
1111222233114225341142253444445533655557336777776666778866888888
1112344512223455123334451222344516663345166777756677787568888888
1122222211112333415126634456663345566637445888374558777745888877
1112334411222344112333445122334456277777566667775568668855588888
1122222211112324115553446555333465753844667338846677778466778888
1111122314212233142223335444666355466663544788685577888855777778
1111122211333342133534426655354266555542677788426678884467777888
1111222213333222133334421555554416577554666777746667878468888884
1111122213444422133344421533334255555562576666687776886877778888
1112223311142223154442231564333355644477556666675586777788888887
1122222314223333142335551444356514476665148776551888766688887777
1222222211111233144444431445663355555663777756337887566677888888
1112222213113324133332241355544455566447588864675886666788877777
1111222231222444311524663175544637754466337555683778566837788888
1122222212233444133333341155444415566666155577768588776688888777
1222223311244443512644335126447351166773515866735558667788888877
1112222212223333144533361445736611457776844555768848577688885766
1112223312222333124433351144455514446557888865578666667788867777
1222333312222443112554331555544311165544777666847776868877668888
1112222211333322114333254143666544466665477655554788885877777888
1112222231142252311444553144555637745566377486663778888633778886
1122222211133245133362451336644517364485776648857766485577788885
1222222311122333411533364155355641755576447777768444876688888866
1112222211123344152233441533344655773446555777665877876688888866
1222223311245233142455331444556311745563717456667777866678888888
1122222311124223111444335554444355667833566778385667888856677778
1112234451223344512233345122633451666664517786645777888855777888
1111222341411223444412334455226375555663757856637778666377888888
1111111233444412344545223345552236655727366857273668777766888888
1222222311244423114454331446553316665773165555736677777868888888
1222333314422533142225361445553614445666177558661178888677777888
1122234411253344112533641225336417253664775556647778586677888888
1111223312222233114423335144667355548677554486775848866758886677
1222222211112345111333456663444567333455677744856787778566888885
1112222314442223114442331544533315555366557888667777866677788886
1111234412222334123333441223556417785664778855647785556677888866
1111112213331224535332245555326477553264777666647888686477888844
1112222212223444111133345556633455663374588667745888677458886777
1111122233122244531122445334444653776666533786685557886857777888
1222223311112223111433335554446355547466885774468857766688887776
1111112314552223144522334455226344455663777756637778666378888888
1222233311422333114223531446665514447665148876658887765588877775
1111123311142223566472335564723355647223566477775644878856488888
1222222314224333144443351164435511666355177766657778688577888885
1112233311122233112233345552444455566664575688647776886477778888
1222223311114223551444235511433365554773668544776688877766688887
1222233311224443152446431524664315666633156777771558787755888888
1111222311112443566224335562243356664473556447735568877788888877
1112222341112223451123334555663344457663485577664885776688888777
1111223411222334112225346655553466675834667758346778583477788884
1222333311222333411255534112555644175566447777768448876688888766
1122333312223334125534441225546611175466777754467788556678888886
1222222314552233144553331455563714566637146666771487777814888888
1111222211133422551344225533444655374746853777668537876688888766
1111222211344422113344425533344255336666755888667557888677777886
1112222345111223455511234455532344567333466677774866667788888887
1111122311414233554442335544623357746223576662885776688857776888
1111111213334222533344225553344265564442655677776666777788888888
1112333312223433112234441122544466665547666555776855887788888777
1111111231444222355544223555462233754666377546683377866877788888
1111222211333322413553324166553246666555444766754777777848888888
1111233311222344122233341525364455555664777756648777786488888866
1111111122223333222243334444443546777775667877556688855566688885
1122222211233324153333341555444415555644176666887767866877778888
1112222211113322133334243355544467775544667775546668775866888888
1222233311122223114443331444555314665555746668857666788877777888
1223333312222343111122435115444455554646557776667777888678888866
1111223311122233144422235554463357748636557486665774866857778888
1111123311122233442252334465523746665537446665578488675788888777
1111122231114422334444223344555233355655766666657777776878888888
1112223311144223114444235554422356666663566777735558787388888877
1111123341112223444222334455233344556777555867775888677688886666
1122223311123333112224435144444356647888556677885556778856667778
1122333311122223441152334441523647445666775558867755886677788886
1112222211332244111324445333666453376644557766885777688855577888
1222222311242433114444431115554366665533766658837677588877775888
1111123312211233442222334445555344455553667777776668877866688888
1122223412223334123335341111555466775554666777546668877488888874
1111111231442222344556623445666233456662374555583777777837888888
1111122211222223145555334455657384466573884466738846677388867773
1122222211233333112343441153444455564677586666775888866755888777
1223333311224443122544331255546612554476185577761888776688887766
1112222213224442133354461333554613555546175888467788886677777866
1112333311223433112224431525244455555466777754667877666678888888
1233333312222344112253441152544411555564778885667887866677778866
1111122233341112353444423533644255566472855567728888677788866677
1112223311112333441222334442555344555566748856667778886677778886
1123444512233445122234551122345516333475166687756688877766888877
1111222211122332415553624457536645573336457773664447778688888886
1112222213112242133144453333645536666445777684557766888577788885
1111112231444222313422253334445533666455777866557778666577888888
1111222213144222131344423333444563777555677755886776588866665888
1222333312123444111234441122335466665554766658887675558877777888
1111222213442552134444521344665213666755336777753866777538888888
1122223311142233144452231144555366477533664775556677888866778888
1122222213444442133333421111354566673545667785556678885867777888
1111222233411112344555523645552236445777366447873668888736688877
1112333311222343115222431555524355567744666677746867778468888884
1111233314442333144222531644225316642755668777756888777566888855
1111112341122223455552234666552346665773466857734488877348888773
1122233311233334112224341152444455555664777566667775888677888886
1111122211313222333333425544444256644777556777785666788855668888
1122233312222343112333445111664455666644576776485777788855578888
1122222312212333111144335556643355566444556674748866777788888877
1222222311112323114443331444443566677735667788856777858566888555
1122233311123333112244536122445566444555677475856777788866678888
1122222211133322441333554613555546135757466677774466688748888887
1112223312222333124443331114444566666455677777556677785588888885
1122222311122333441233354116663546667655467778554778785544788888
1123333312233445122234551112244516664445776888557666688577777888
1111123314512233445122334556622345666623455776674587777748888888
1111112234112222344445223336455533764558737645587776668877668888
1111222312222333111244335556643355566444556664748868777788888777
1222233311112344151123445552233465577344665577486677778866688888
1111122234115522341552223466578834665788346657883446578833467777
1223333311234433112445667124456671244586712555867728558677788886
1122222311142233144442331546433715466637558666675888777755588887
1111111122233344225536442255366425533764885377648857776488887766
1111111231344442333544423665455236755552367777726678887266888882
1111122233311242333144425334462255544666577786665578886857777888
1222333411122334151222341555633415556744885667748666677488888777
1122233311442233111452331444522366645777668455576888557766888877
1111222311122223144255536445553364777533644775386648777866688888
1222222212333333114555331144456611774556777445567774886688888866
1111111122333333223345552244444562747555627478856677788866667888
1111122341441233444212534662225346777553667877536778885366888855
1111111123333444222335442233554625555446275766667777788678888886
1111122213334222133544221365744433657774666555746685857768888887
1122333312233344112253441122555416655544666665748888677788887777
1222333312222433111244331144445516774755667777556666675588888888
1112333415122344551233465512234655122346578884467788888677777666
1112222213111224333312443355555436575574666777746688877466888884
1111122231131222333344225356444453564467555666675888886788877777
1111122211322224133333245356366455566644578686845788888457777774
1112222341125233411255534412566344455563477766637787766378888888
1111123314112223445562234455622345566663475786334757868877778888
1111123311222223415233334552666344555566444566674888887788877777
1222222213333425133634451666374516667745168874451188774588887755
1122222311112233441123354444633577486355774866557788666577888865
1111222233112422311544423335444633556466555566667777778877888888
1222222314422333144443351144633511166555776666657777885577888888
1111122231311222333345253444452534446555788866657778886677778866
1222233312222334155533341565444415654774166567771866678718888887
1112222314112333145122634455276345577763457766634577866845888888
1112222211113332144435324466357284463577846635778886555788866577
1111122314155223144552336445522364557233647778386467788866677888
1112222211333232411533324155366644556676445586778445867788888777
1111122211312224533324445533246455334466755566687777766877888888
1122233412223344112234441153346415553667558566678588677788886777
1111222312222243111555436777544367775443676754436665588368888883
1111112344121223444222235544466357788863578888635777866355577663
1222222211233333114345536144445361447555616775586667888867777888
1111122233131222431355264333552644455666474855664778886877777888
1111122211312222333324445336777453667774555678445566784856688888
1222333311122233141122331456666644577786445777864555778645588888
1111222341112223444123334544236655473366555788865777786657788886
1111222314411223554122235444433355466733566677775586667788888887
1222233311224433122554331115546377155466778554667888844677788866
1111112233144422351442223555426635754466357566663377788877788888
1222222311142423514444435116433351563377555677775866666788888887
1111222211112232455532334455333346655577466668874668888744887777
1112233411522344115233346152223466555734685577446888877766688877
1222222211133323111143335555436657784466578884665787844657778846
1112222341111123455555234455522346666633477776834478668377788888
1111112233312122345522263455556634475566348777763488777644888886
1111222231114224315642243556444435566667355588673888886733877777
1111112213342225133444253334422536664475668887756688775568887775
1111222341222223415553334166553341665553466777774667888844778888
1122223311242223111433331544446355477666554786665577888657778888
1122222211111322144433335544436355477663554776665777668857888888
1122222211234442113333441135344655553466577586667775868677788888
1111222211113222333333425555344456657448556774486666788867777888
1222333311233433122444441255564412556666175666881755788877777888
1122334412222334122333341555556415777664157866641578866477788888
1111222311444233144222231544466375555633757556637777866678888888
1222223411232234115333341155553461755584667778846677784466678888
1112222211132324513333245133444455567448556677785667778866678888
1112222211322444113524641335556433335664778555647888886677777886
1111122211333324155322245553244455334446577778667778886678888666
1111122211312222333445523334455536664457888644578866665788877777
1233333312444343122244451112455561122577666855776688577766888887
1111222213112224331524443555444633755546337775667778666678888888
1222223312224433155554431567554315678443166788431667788816677788
1111112213344425133466257734462573346625737462257776688588888855
1111122234411252344415523344452233555566737888867378886677778666
1112222213111222133333345553667456666674556877745888777458888444
1222233311122233111142335555444356664777566844775668488756888877
1112222311124523114245236644455376645533766455837667888377778888
1111222211222333114525534445553366444537668475376687777766888888
1222222211113233411133334444444356667777556666775556888755888887
1111222213333442135344421153464277535642775556667775886678888886
1222222211111112333334556363444566634555664447558677777788888887
1122234451123334511263345512663455122634576666845777888477778888
1112233344112335411623354416253544662555466627578688277788888777
1111111233312222433222564355555643755666437788864477886644777888
1222333312124443111243331122455566644755677477556677785866888888
1112333411123444122233341522234455667774566777885566877855668888
1122222311442223514446635111466355774633577746385778663855788888
1222344412233454123335541223554411635557166888871666877766888777
1112222213114222331144453344445536655555367788883667788866677778
1122222341252233411533364115336644157766445577764558777688888886
1122222311144423115542235155463355544663777748637887886377888666
1111222213311224563313245663332456666774555867445588877488887774
1222222211133244155334441653374416533774165887776655888766658887
1122222211113223141533334455663347755666477566864775588844778888
1111111234412222344445223446555233366655366677753687787588888877
1111223311222223415555234155333345566666447777764477876648888888
1112222233124242331144453114455533647775366777856666778568888885
1122222312244433121443331114335677745556787455667878855678888666
1122233311123343112234431225444655557446885776668558776688887776
1122223311223233111233345514444456664748556677885567778856677888
1111123312222223145523331455663344566677445586774458866788888777
1122233314422253144255531442533311455677814566778866667788888677
1111122231331244333512246355722463587774655877446558877466668888
1233333312224535124445351246655512466657124466671888887718887777
1112222211113232144433324454463355554636755566667777788677888888
1111233341112333441225364222253647555556477577664877766648888888
1112222233112244531112445333644453366774555567775866667788888887
1112222345111223455112234655553346665337466683874688888744877777
1223444412233334112223541112335416666554667777586778555867788888
1112223314123333144225331444255617442556777755567888888677886666
1222222211323334113335541135554416655574886666748886677488877774
1111112231144442334455423366654236665522376885523767885877777888
1111112233134152333344526366645266664452777784527777845288888855
1122223412233334122335341115556415556564777666647778864477888888
1122233311222223111443335514443657778466557784665778846655788886
1222222311223333111443331155444466555544665577886777788866677888
1223333311233344112222441112544678855546778585467788855677786666
1112222211123333112245536666455367744453677745536787445867888888
1122222314444223141444231115566377756663777565637885556378888883
1112223341112333444122334541622345466666556677775555877788888887
1111112211222222333333443355664455566674556667745887777488888874
1111233314112223441222334445255345555563477666667777868677888888
1112233311422233144225331442555314446555666667576888877768888777
1111122211331222433335524436665244367655477776654787868547888885
1222233314425553114253331442555314625777146667771488666788888867
1112233314423353114223531442225514466665747665557778668877788888
1233333412223334115226641152266415566674155556748888777488887774
1112222311123333141243556422433564444755666677558866777588888877
1122222212233333111134445551344455563474566667775688877766888887
1112233311222333144222331455555614556666444576668487777788888877
1122222231244442311115443133555433366654666675556777778877888888
1222234415552334115223341155234411655334666667748668877788888777
