1112222213114422533146625531466653344667533446775558887788888777
1222222211324444113335441133354461635557666657578668875788888777
1222233312422233154444331556444311566666115577678855876788888777
1123334411233334112234441125564477256666722588667555586877778888
1123334412222334112333441125444615256666555566775888677788888777
1111122344141123444422235554233355562773655688736666887768888777
1112223311122243551122435544444355664333556677776666777788888888
1222222211233444113333341153644451556664555767668857777688888877
1111112211333222444355224463355244633557466885576688877766888777
1111112233341142334444423335664277558662777586627555866277588888
1122223311243333112444431522444315566666555768667557888877777888
1111111234551222344555523345522233466666734488867348888677777786
1111122233122222311444443444555536667775336666753886877588888775
1112333311123444551233345612274456622744566277775668887755688888
1111222213333332133444221155546255575466588774468887746688877766
1112222233114222311144453344464537666655377768853776685577888885
1111223311412223444125236647253364475533664755886667855877778888
1222333311122333412255354112555541666775466877774468888744668887
1122223312233333112244531444445514666555177765857766688877768888
1222333311123444122234551123344516674455666785556767888867777888
1122223312222433155444361154443615554336157576667777786678888888
1112233311224443511224335512243365555447665684776666887788888777
1111111233455152344455523444455233336622666666728888887288777777
1122234411223344122533341265533416657744166557776655877768888888
1122222211133332144335521644335716644457666455576688857788888777
1122223312233333112344451124445561445557666655776888887766888777
1122233311242223111442335154463355544677555466678888677788886677
1111233312212333112223435662744456667448566774885657748855577888
1112222231114422331444423515464735555677355866773888867738886667
1122333314423233114222531144425514466655777776657878666578888885
1111112213122224532244445333464653537646555376668588777688888777
1222222211133324111334445613748456637488566374885566778855567778
1111222231111222333334256634445566344475866747758667777588888855
1222223311243333122433551164477581644475816664758668677588887755
1122233314242333144422531444255311167555888677758666667588886777
1122222311245663112456631124566377445663744855537748588377788883
1122222211111223444415536455555364757783647778836467783366688883
1111111212222222334455553446555534466666344778863377788637778888
1122344412223444122233341113353461555557665888576688777766688877
1222223312223333114445331144556614475556147758667778586677888886
1222345512233455162334451623345516234475166664771886887718888777
1111222213312444133224441333254466635557666655578868857788887777
1111222213144442133334421335642275356488755566887556668877777688
1233333312243443124444451225555516225577166777771166788866688888
1112233311122334151222345556263475566634756664447588884877777888
1122222312242333114433331144455514467775666687756866877588888755
1111111213334442553344425334422256367782566678825667778855677888
1122222311124423151264435516644375556843757668437576683377788888
1111223312222333112423531444555344645555776468887766688877776688
1122222211132324511333345166633456666444576778845777778455588888
1112333311122433511224435566244356672244556777745666777858888888
1233344412233444112234541126335512266665177777658888766588887755
1223333412222344122333441115554461775884616758886667555866777788
1112223311223233111233345552666455766664577768845777884457888844
1111112231144222333442523667445236678455336784856667888577778855
1222233311142235114422351164333566644445776885557666885877777888
1112222211112232144553334446553344465773666655736888577768888877
1111111123344455223334552334446527388465277788652778886527786666
1122222211223444133333441335554416655774166577776655778866888888
1122333311222344516223445166233451166644577776485577768855788888
1112222211132242133355441363355466673544667775446778755867888888
1111112213331442535344425553344266553742666577726866877288888877
1122344411123334111233345222234455555647588566678886677788866777
1222222211123333111333345167444455677488566674885666748855577788
1111122213333322134422251334555544446755884667758886677788866677
1111122211222233144442334455433645555336757788867578866677788866
1122222341152223411553334155536641557336447778864777886647888866
1122222211233245133336451133664516666445767888457778844577788855
1222222311112233145553331455663314556677445666778444867788888877
1112233312222334112523641755536417758364775586647785864478888664
1111222211322245613244456133454563374555663748586637788867777888
1111111122222333455223334452667344556673445556778488867788886677
1111122233142222331424553314445536666445367766857677888577788885
1222222211133324111353341665533466557444655578846677788467778888
1111122213333332133444421564774255647772566477725566668855888888
1122333311222443511224435112443356644777556677875666688755888887
1123334411233354112335541226654412226554776665847776858877768888
1112222231114422314444423156477733566678335677785356887855566888
1111112233144422331442223555444233556666735556667777888677788888
1222233311442333144223531644255716485557164885571668887766688777
1111222341222553411122534445555367444533677777336666877866888888
1122222341125533412255534166533341655378416667784667778844778888
1112223311222223144333331144455566664555676445586767788877778888
1222223312124443121544431115433365554773655777776568878866668888
1122233312222333144253361144556617744556177745567788456678888886
1112233311123333122222341566444455664447556688875566877758888777
1222344412223344112553441125333411655377666655576668888788887777
1122223314422223114455331664453311664553666645578888875788877777
1111111213344442334445426355555263377852637788526667888266777882
1111122211122232444533326445353364455573684557776888877766668887
1111222233411522334115523444657233466577344655578866667788888877
1111112341552223415522334552233644553366477866664478888677777888
1111222311415523444152234444522367775553667758336677883866678888
1122222341112233415112334455633345556666455778664477788677788888
1111233311222443112444335224466352747663557777665578888655788886
1111122231114225333442256633425566634775866347558864475788888777
1122223314422233144442531445555316655733116657886667778867778888
1111122231142222314455523344555536644457336888876368888766677777
1111233411122234152222345555633457766334557688447776684877668888
1122222213333322113435556134455561444775614777756648887766688888
1122233341225333411255334112555641725856477888864777868644778666
1222223411253234115532341555333416655444167777746666787768888888
1111222231114442313344423335544266355552666575886677777867788888
1111222231112222344144453344465537766655376686653788885537777888
1112233311222234111522345555333455656664766668447777884477788888
1111222344152333411522634145226344455563777775637788756688888866
1111112311222223452533334525633645556666475668884777888844477778
1111111122222222333455553634557736345577663477776644448866888888
1122333311222243112424435114446355546663557768665777788657788888
1222222314252333144553631144536614455366114755668877777688888877
1111222231114425314442253364442533666655336766857777778578888885
1222222211233333111444431154443355554666557766768587777688888876
1111112233331122444332224443325566445555666777556688777768888887
1111233311122433152224435522444355554643578866667788886677777886
1223333411232234112223341555544415564466157666667577788877788888
1112222231144242331144423331544635555556377756667787766678888888
1111111234441222345462273454622734566777335668773556888735568888
1112222213333422111344421333554455555644776566687766688877778888
1111222211112333444422234454663374555663755556637777786678888888
1222222211133332411113354444433566464775666667558888877588877755
1222223415522334156623341566663415576834155768341777888417778884
1111222231122442311344423333444563775555667777756667888566888885
1111222213112222333145556634455566344575633447776684778768888887
1112333311222343122255431125544355556644777666847766688477788888
1222333312233344125535541265555412666664176768441777888417778888
1112222341115233411552234445552344675533646777736667787866888888
1222233312444553122455331124555311644753816477778866667788888667
1122222212233334155333441553664417555664177576641777766488888888
1111112213333442134444423334552266675522666755556677777788888888
1111122344551123444512234455522364657723666587336888877366888777
1123344411223344112223441522333415677777556777685566666855888888
1112333311422253114442536144225366442553677788556667788567778888
1223333312234435112445351224455512644557166777771668877866688888
1111233311222233112242335444443655447766558877665588776658888776
1122222231124555331244653111446533444765388777653888766588877766
1222222211111132144553334455666374458663745586637458886377777888
1122333411233534112355441223544416225477666657776866557788888887
1112334412223344112233441152233455555664577776685766668877788888
1112223311122333142253361425553644444566478885567787885677778866
1111122231131422333334425566374255666742555687448566877488888777
1122222314444233144542231115463315557663855577638888776688877766
1222222311142323551433335514444356114477566666775566777788888888
1123333312222223112444435144446351176666557768685557688857777888
1222233312223334112533446115557466155574661577746888777466888884
1111222213132442133322441553344655773446577777665786666855888888
1222223314422233114443331114445316655555776666557766888877778888
1223333311244335112245356122455561244557616847776668477768888887
1122222211134422153344441553346615533466557736667577886877788888
1222222211111112334444443354677735546777356666773555866835888888
1222333312222345111233456614344561144455667777756677788568888885
1111222213332322134333521144555544455566748888667488786677777866
1222222211333324133533541155555411665744886667748668674488887777
1222223312242333156444431564473315646778156667881567777815558888
1112233312223343112244431125564355557644557776647777886688888866
1222223312243233114433351144444561777755616755586667885866778888
1122222211333332143356321444566611455556774448567778885677788886
1222223311123333112244435154464351544666555666778856877788888777
1112234411122334112223445525336455557364577773647787666688888886
1112223311442223111422335544463357746638577466685577866855778888
1222223311124253161245531674445316748553667485536674888367777888
1122233412252334166522341655533416575534167788841677788466778884
1122222211134442551346425113364753333647558666475886677758888877
1111123311445223414552334445523366452237666552776688877768888877
1122333311224433115244331152444455522666555666678888876788877777
1111222233111124333333245555522456654444666547776868777768888887
1111123314442233142425531422253344555563777775667887666678888886
1111222344111123544422235544423355566773885677738856667388886677
1122222211344422133354441113555463335754666557776866778768888887
1111222311422223514446235144663354466337556663775577777858888888
1111222211122324551233345553334456663664557666847777788477888884
1222222311142233514433365114433651444666577777865788778655588886
1112222311224233511244335515433365554777656448776666487768888887
1111222311122333144223567744235677443356788455567784556678888866
1223333312223334122244441555666415566744155567771186687788888877
1111223311122333415263334452666644522666445555778457777788888887
1111122231444442314442223155556233566667385556773888866738887777
1122222312223333114435531445555311445566777466667774868677888888
1111111233331442353366425537664255776642555764427777648288888882
1111111122223333422233354267783546678855466778554466788544677885
1222333311223344111234441512344455526666577777665778786655888888
1223333312223334122255541155544416574448165778881677778866666788
1111222213111422533444225334666753446677533466775558677758888888
1222222211111233114455534445533344665553466788836677788866777788
1122222213233442133334451113444561777745668777556688788566688855
1112222233112422333114443331554466777554667775846675558866788888
1112222211223324115663341756334477566334775666847755888475588884
1122234411233344122233441253367415555674155666778858666788888777
1223333415233434152234441552226417555664177756681778666817788888
1112222211332422113334441533364455556644576568885766688877777788
1112233311123333114222234444255544465565766666657778888577778888
1111111122344444233334442222335526673555666775556868777768888887
1112222231111442333154223635544436555574365777746668777866888888
1111111123333344235444442355677423566777255688772556888722666888
1123333311234433112224551226444512664555766648557676888877777888
1111112233114225633344256633442566634725886647258887475588877775
1223333311222344111123445152236455555664757766447777766688888888
1122222311244443122433331154436315547666555576668858776788888777
1111223311112223444422235564444355666663557668835577788377778888
1112222311122333411253334442566347455566477775564877785688888866
1123344412223444125533461225534612557366118573768885777688887766
1111222213333222111334425663347756664447556664475888777755588888
1222223311124233111142335444433655574886557748865778886657778666
1222222211111342133133445633377456667774566667745555574488888888
1222222312442333144444431555533315556666175777761777866618888888
1112344412223454122334541263355412633557166667578866875788888777
1222222211333324113353341665555411655574866667748688877488877744
1111222233122242331154443331544463555547666665578686777788888877
1223444412533344125533441225533612555766128877761188766688887776
1222334412522344125523441555534411665337118663778888677788866677
1111111233333122344555523345652274446552744666627778668877788888
1112222211133222411333334455555344445556477886667778668677788886
1112333312222433112244351162473566664755668447758688475588887775
1111111122333333243443552444655522466655224676658888767788887777
1111122231142222341425553444555536644757336667773866688738888877
1222223311244233112443356114433561447775666777556687755568888888
1111122233111422333344223554442635555446777755667787888678888666
1111222234111562341555623455566234566672344467773334778788888887
1111222211333322133444421533467255444677588886775888867755566667
1112222213442242134444451333677513366755136667758668877588888755
1111112211333324533222245366724453667744556778845667778455688888
1222223411112234115552346155533466557734677773346778888466688884
1112222311222233411566334155666344555673448566734485877788888777
1111122344112233444122234555266345576633457776385576668877788888
1122223341111233414512364445223645557736455877368858777688887666
1122223311212223411155534466655344446653477766537787865377888888
1112233411223334112234445123344455266666557888865578888657777776
1112222211133222441133334445536347785566478885564778856677788566
1222223312422335144443551643335516447555167778881677778816666888
1222222311424423144443331455536315575366175756661777888677888886
1111223314112253644122536442255366445533666455738677777788888887
1112222213111224531362445333666453736664577776445577884855788888
1111112213144422333444256344772563337225667777856667888568888555
1111111233441552333445223634455266344572666755726877777268888888
1112222311124423112244335554443356554337565888776666877766888877
1223333311222233411552234155566641557766415777764447786648888888
1123333412234344122344451223645511266557818655778886657788866777
1222223312223333114556331147566611475556444775568447777688888886
1222223314444233115542231554433316554777165577871688888766666887
1111122311422223514442235445466355554663576666337777788377888888
1111122211331222444333225544633354466666546677775888788755588877
1111223311112333222224335444444356467777566677785566687855588888
1122222211112342566113445666634457766344577733345577738855888888
1112222211332244511362445513664455536644757336667577388877788888
1233333312344443124445461222555611225666711555667777777688888888
1111233311222333112243356224444566744885667488556678888567777755
1111111233412222344425553444255637742556377775663877886638888866
1111112213322224153332245553334456666444577764885777666857788888
1111222213311224135522443335664473556444735866667558886877777888
1112233311142233155422631574226355744663587444665877777658888886
1222333312233443112244431526474415668777155688771556887755666888
1122223311123334111234445662334455627744566667775586877755888888
1222233311222333114425531114455366774558666745886767458867774888
1111222211312242133324443335554467355554677775846777888866666888
1112222341112223414125334446553346666553467775536677885877788888
1122333314422233114442231144552316645555666788586667785877777888
1223333312222343112253441555554411155446777764667888666677788888
1111122233441225333411253444422533466555766655887666888877777788
1112233344123333411255534112665544426655472266587778866877778888
1122333312244443124444331255555312556666125666771886777788888877
1112222211324444133245441352556413555766338577768387777688888666
1111233312222343115233441652234466557774666588746555877468888877
1223333311233443112244441112245466662557688885776885555766887777
1112223314423335114223351142235564444555666677756777778866888888
1111111234441222344422553344225533666675386677753866875588888777
1112222211111223444444235554333355546373556667776668888768888777
1111222211112232444333325543336754444667555666775566877788888887
1112222233124552331244556311145563444475633888756688887766687777
1112223312222334155233341655344416557784165578846667788466777888
1112223311223333412553664127536641275668477756684477555844788888
1111122314141233444442335452222355566633566678885566778877777888
1222333311243333122444451126444517268855176688857766685577776885
1111222341112253444122536477255364775533647785386477853866668888
1112222341123333411222334516663645557666445577764557777848888888
1122233312233334112234441552446415555466175586667788888677777886
1112222213324444132255541365554413666554133667778836677788888877
1123333412223544123335541222554411655544616777776666677788888888
1122222213333324113533246115555466155754666667448888874488877777
1112223344122223441125334615553746155737466857374688577766688888
1122222311242233114455531664453316444533667775586778775866788888
1222223311122333111423335144446655746666577448865577788655778888
1122222231111242333314456633144566374455667745556677888577788888
1112222231111122345555523466655534666667344447773348778738888887
1111122211312224333225546635555463335744666757746877774468888888
1111122231112242355522443555566433757644377776443776666838888888
1111111123333333222444432244554462255557666657576868777768888887
1112223311222233144442531444455316655573665588736888877766688777
1111222211334252113342556634425563344455636748856667778877778888
1111111122223444223333342235673485556774888567448855677788566667
1223333412235334122255341255544411556774818867748186667788866677
1111112231144422333442223344452637775556378555667785866677888886
1222222211111332411433554444433546666355667773556778788567788888
1111122213311222443335524633355246777555466677584468777846688888
1222222211113324513336445136366451366644555678485577784877778888
1111112234411552344555523466562234465627334666278338887788887777
1112222211223332133334441135555455556644777664487776688877668888
1233334412223344122563441225636415556664155776881157768877778888
1222233312443353122443531124655571146558714465887666668877777888
1111123311412223444222235544443355667733566677775568788756688888
1111122211333332133453226444552266444557866645578866775788888777
1111122314422223114425236644455367774533677775336687555866888888
1112222341155223411152334555523345666337488866774488666748887777
1111112213333324153362245573662457776224588766645587776458888844
1111122233411122354666623544662235447667354477773555577838888888
1111222211222234133333341555663455666444755566647888888477777788
1111111233333122435322224453666244566767455567674485577788888887
1112222231224255311445553311445536677445336877476368877766688888
1223333312222333124455551244456517774665177746651778466618888888
1111222211332322113333245556364477566664755586647588888477778844
1111222211122334155223445555534465733384667378846777788466667888
1222223311142223155433331154444351546777555467778888667788886666
1111222231222445311124553644445536647775366877753668778533688888
1111122211344452133334526663345267634452677774526788755567888888
1111123311222233122233345566737456667774566777445568888455888844
1222222311112233411333334145556744455567448566678885667788886777
1222222211123333441113334445136674455668745566887755566877778888
1111111234442122334422223345555533445655376666667778888677778888
1233333412223344121234441112254617555546777855667788586677888866
1111123314411233554422235446222355466673554677735866687788888877
1111112211322222433332554443335564447775664677756666778588888885
1112223311122233141242334444456374555563755885667778666677788888
1122233341222223411153334115556345555666444777768487777688888866
1222222211233344111133341556733455567774555678746666787468888884
1111111123444445233446552333465522336665227767652777776588888888
1111222231122425311244553364444533666475366777753668887588888775
1222222211111132444451364445533645553336557773667777788688888866
1222222212133333111435334114555544446655477776658888766688887776
1222222211332444511344645113446651736666557338865573888857777788
1112222311124433511246635772446357728463557884635778846355788866
1112222213112242333144443331445463666655666755587777855877788888
1111112231414422344442223333425536655557366855776668777768888887
1111222231222424311154443366555433666554377766543778685877788888
1222222312144423111444331514466355577633557766635778686857788888
1122334411123345122233451122634577886345788864457878665577786665
1112333311222343115224431552444355526644556666667777888877778888
1122222213344422153334441553664411533677155866778558867788886677
1112333311122234511223345666223457766664557764445577774858888888
1112233311122323144422231455553364457588646577886465778866677788
1222222312133323111113334444566647745666447855567778885677888855
1111122233144222331142423335444436655555667775586777778866688888
1111112345551223455512334445526347772263477828634788886377886666
1112333311223233411222354416255546666655446778554767888847777888
1122222211322444113444551134455533335565773666667776888677788888
1222223311124223111143335544467355444673566666775586777758888888
1111234411522344115233345552233455662734566627746688877768888877
1112233312222333112424351444443516647555666677758668877588888775
1222222311124233115444431555664315756443757566337778666877888888
1111222213111242533444425333644255336647558886775586666788887777
1222222311112233114455531444655374446853777668537766885377668888
1111222231112222313445663334556633444566744555687778856877778888
1112333311123443122244431222454367775548677758886775555866666888
1122222231444225311455553114467531344675333666758666887788888777
1222333312122234111525341615553476655534766688847676888477778844
1111112213441222334452223344555533446775386667758868667588886777
1112222211133322133333421555564455776644577664485766684877788888
1111223314112223541442235444426357777663557776635558786388888866
1122233314422233144452361145523614455736155577768888876688877766
1111122213144442531446625333476253834762538877625588876655887776
1111112233311222343332524434555264447755666478856677778566788888
1112222211133332141335224443555564435757664857776648777866688888
1111222211133422133344526334455267345555677448856677778866678888
1112222311124423112244435555433355644337556777776666677868888888
1112223415112234156623341556223455563334566677448687777488888877
1122233312224333112443531626445516664555166644758888877588877777
1112333311222233144442231554442316554777665558776688588766688877
1111222311142333551423336544222365444477655777786557788866668888
1111111213333222445533324555366245577662445777624777666848888888
1111222211333322411353324453566247555566475886664777888644777888
1122222211133324151553241555333455663444666777486677874867788888
1122222311112243155126437755664377556443775564437786664388888883
1122222213333322144333551144555516444575164777776668788766688888
1111233311442333154226631542666355422266554447675888877758888777
1111112211333322444355524433352244655552466666678888767788887777
1111122344122223411522534455555346665733466777734666777388888888
1111122231141222333442253333445566444775866667758886677588887755
1111222311222223114433335564433756664477566664475555877788888887
1222233312442233114423331445555514466665177768651777686577888888
1111122213411422334444223333542637775466775558867758886675588866
1111112233411422354444423556747235567772358666723586667735888888
1111111231332222333222453666644536778455667884457678844577788855
1233333412234444123344551222465512766685117668851776688577778885
1111222231122242331144456333474566337745666777456687875588888855
1111112231441552344445223446555236667552336677723366887788888877
1234445512334555123445551234666712348677123386771228867718888667
1111222211332322411333324455553645556666445776764877777648888888
1233344412234444122333341125566611225556177885567777856677888886
1112222211223333112444351444673584466735888677358666775588867755
1111112213444422133444223355462233566677355666675558877788888877
1112333311123443121233445222644455526674556666775888867758888777
1122222211123333144233531444445316455557666575776666777788888888
1111222314444223114444231555552366757523667775336678778366888888
1122233312242433124424351114443561667735666675556888775588888777
1122233314422223114243331144445361775555667777856678788566688885
1223333411225534112555346122533461125444666758486667888877777788
1223334412333334122554441255554612275646117756661778866877788888
1111233312222343115523431655224366555544766666447778888477778888
1122223311444223511142235154433355554436578888867778886677776666
1122222231111122333331445563344756684477556844775568877756668888
1122222213333244155532441555334411553644176666667777776878888888
1222234412523334155223441153334461555547618887776186887766668877
1111122314222233142255331455553364455773648887776446888766668877
1111122213112242333333423555554265574444665788486667888866777778
1111122312222223145533331445336644555776488557664487777688888766
1222222211323445133334451113444516634665776666557777755878888888
1233334412333445122344451622774516227755167777551666685816888888
1222222311122333111443531644435366445555666455776888887768887777
1222233312243353126433551264444516666645116788451777785577788888
1111111122334444253333342536666425576644255776882577768825778888
1112222211333222114333354146355544466775446677756668887588888775
1222222312444333124555531445555314677733146667771866668718888887
1112222213142256131425561334555633344756388847568884477688777766
1112233341122233412225334166657341666577444665778485555788888877
1222222211133332141553331415553674458556774486667744868677788886
1122333411123334112255346125553462255774666657746688887488887774
1122222211111322415533364445553644755536447883367777886677888866
1111122213332232114333324444455266774855677748856677788566688855
1111112213331222334322243344444455667777566666675588888755588877
1111111233333412335434226554442766544827655888276658882766587777
1222333311223433112244435112446657174468577766685777686855558888
1111112211334222533342225333446657777446577784465587888655888666
1111222213314222133144425533444675388466753588867555886677777866
1222222314552233145533361445373614455776184587661848877618887766
1122222211334422133445551334456517334565177845667778666677888888
1112344412223344112533441125533462257737655557776668778866688888
1223333312222233111124351164444576666455766844557678855877778888
1111222213332244133322441133555466777584667555846777588466678888
1122222212233444133334541363655411666554166675548888775788887777
1112222211123242113334445553346455336664577767645787776658888888
1111222213344242113344425133664255733648577666685577688855777888
1222223311442233144423331144555316455777165587776665877866688888
1111234455122344651123346512223465527734655778346777883866678888
1111233451112334522123445622234456663374566777745668787755888888
1222222311144223111455336414555364445333666755776867777768888888
1112222211123333144233531462365574666685744686857447888577778855
1234444412333434122233341222555615555666157888861777786617778886
1122223312244223154444331544556315555663177788631778886677788866
1122344411223344122534441255367712553667155336778856666788888877
1111123311222223414452234445553345556573488667738886677788866677
1111222213111242333334423354444255566467855666678558677788888777
1111223341511223445612334556227344562773455666734858867788888677
1122222211333442113555421133354466355554667777446677788866788888
1222334412123344111233341122354466675554667755586777775866888888
1233333312344443122444451126555512266557126665771668877788888877
1222233311422353144223531466665314466755147667551477777588888888
1123333311233434122444441122455516622555666777556677788867788888
1111122341551223415552234445522346665733467677834677788366788888
1111122213112242333524443355246473556664735666847557868877778888
1222222311233333142444331444546611155766888557668885776688557777
1111223314112235441223354462333544625555746658887776666877778888
1222222211132344113333341156634455566644577668845577688857777888
1122223311222334511623445176333451766644557666485777784855788888
1111112211322224333335243637752466887544668775546888775466887554
1122333341123555412233354112555544122677486666674886677748888877
1233333312222343152522441555554415667744166777741166667788888888
1112222211222333111444435544464355666633557676635777788857788888
1112222211112232451333334555563344566666445567678447777788888887
1112222344111223411522334555533647755366477583664478888677788866
1112233312223333124235551442666511478865444788657477886577788665
1122233312223343112334451124445516445555666667756888887768887777
1112222211113224515332445555333466655334677788846677778466788884
1122222311224433114243331444453316655557665557776888778766688887
1112333311124333122244531244445672245556788885567778885677786666
1222333311123455111234551622345566623455667744487667848877778888
1222223311222334115333341155555461678554666784446677888467777888
1111111122333334223533642255566422566644775686847558888477777884
1111222211312224153333245566333455666444756688447556888877777788
1112222311112423515524435555243356664443667774336777788866788888
1122223311214223511144235564443356647773556467735866677758888888
1112222213122244131144443355566433575664335755667777888677888886
1112223311122333412223554166633544676555444766658847777588888877
1111223311442333114422234444223356667777566666775588888755558887
1112223311422233114422534145555344465553666677736888777766888887
1111112213331224536322245363244455637448566778485567788856677788
1111222344111233444412334455523365555237666572776668777768888888
1112223311423333114253534142555544422556774666667888886677777888
1112223341112333441122334555622344556667845567678456677788888877
1122233312243333122444341125544461665555616778856667888577777888
1112222212223444111134456633344566373345677777756667885588888855
1111122213122244133322443333544466555747666657778686555788888877
1112222312224253114444531644645316666553766888537888785377777853
1111123311222223142452334444555364465533666655776868887788887777
1111222312222323145663331455666314555563444785684777886847777888
1112333311222443122244431552443315667488556677785566787856677888
1111111234441222343445223333455236664652776666557777755878888888
1111122213112242334444423335464253356666555567675888776788888777
1222223311122233411113334555556344775566447885664778888647778866
1111111234412222344552263445772634555766345577663888777633888886
1222234512223345121334451113334566174445666788856677778567788885
1112233311122333122243531244445544466655766688857766885577777888
1222222311111233141452334444533674455386775558867758888677786666
1111112213144222334442523645555236445557366777773666687738888888
1111222213111244333222443533344655574466577766665778868855778888
1112222231122442315444663155446631554666335788683557788837777788
1122222213223444133334541663445511634557166885776668557788888777
1122333412223334122253341665554416775554167775841677788466688888
1111111233333312444355224453566244555662747586627778866277788888
1222333311123443112234456112345566627445666774558867777588888875
1222223311144223111442536144445366777553677555336677858866788888
1222233312222443144444331155433611556666717558667775888677758888
1122333311244433122244351224453516664555166775586667888877777888
1223333311222234111552346155523461555744666677446688877488888777
1111222231144442331544223615542736555477366857773668578736688888
1111122233311142334444423335442266655552676558886777588866777788
1222222212333333113443556114444561744555617755786667777866888888
1122233311222223114444331544663315466777554667775556678758888888
1111111213222222333425553334556534445566447888664778888677777866
1222333411233344112233456112244561678445666785556767885577778888
1122222211133332111444325544673354446773566666775888677755588888
1122223312233333112244431556664415555664175577647777766488888888
1111122231112224333522443555556435766664357888643778866477778884
1233344412323344122233451126644511266655177686557777865577888888
1222222311242433114444331554543315555663175666667777688877788888
1123444411233334112223445126233451266667556667775888877755588887
1111112213331222445322264453366645533677445556678488567788888777
1111122231141222334444223333444563677755666677756868775588888855
1222223311424233114442335114433655174666557788665777788655788886
1123333312243435122444351224446511266665177866557778655877788888
1111222231114422333144423334455263774555677788556767788566668888
1222222212334445133344451363374518667745186667751888677518886755
1222223411122234551633345516344451163374555677748666677788888887
1112223341122223441152334661533344655555466678854766788877777888
1111222211133242513334425533444256377447566777775566688856688888
1111122211333222413332254633675546666755444667754888877548888775
1233344412233444112233341152266411552666555557768888876688877777
1122333311222233145562231445666314456566147555684477788877778888
1222222212133333111344435163444751664647555666678555887788888777
1111122233331122435551264355572643355726444887664488776688887776
1122223341111223441122334555556345775563477666634777686847888888
1111233312222343122524431155543355544466757466667777888677888886
1112222312223323114433331444455516445577668885776888857766668577
1112223314442233114422231154443355556663577777665788666857788888
1223333412235344123355541225554412677544166778881667778816667888
1222222211233345111344451133664573366445777666457877655578888888
1111222211333232413533324155566244575666455776664887777744888888
1111112213331224335322243355266475566644756664487558884877777888
1122222211123324113333441555334677755546788584467785864677888666
1122233311124443111224435522443355566437558866775888677788866677
1111111233344212333422223554266635746668557444685577776857788888
1112333312222433112444331224445516647775666877756888875566888755
1112333411122334551223345612223456677774566878745568887456688874
1122222213332442111344441533446715536667555366778558866788888777
1111122213112222334455523344465537774665377846653788486577888866
1122223314225233144452331444555311645553616777776667878766888888
1223333311244333112244445112246657172466577777665758886655588888
1122222211113242115336445553364457733664557386445778866677788888
1111122233311122334445523344452263445557668875576668777766888887
1111112314122223542242635444446355566663575868635788888377777783
1112222233121242331114453334445563667455666774556888777568888877
1111112211332224533332445553324465557284657777846667788466678888
1222223311444233111442231444567318555673888566738855677788566677
1222222212333444133544641135546411355566713855667788886677777888
1112333311222333112443441522444455627788556677885566788856667778
1111222212222333143333551443655514666775446667554886777748888887
1111122233122242311544423355544633754466377555667778666877888888
1123333311223233114222251645555516444775664488756664887768888777
1122222311242233111455631444456374845563778555637888866377778866
1112223341112333411222334445263647456666477556687775555877888888
1233334412353344125534461255546612255476112777761828777688888866
1111222211132422133344425333466655374486557784865778888655777866
1112222231114222331444445313647753336477588666675888866755558877
1111123314455233145552331455523364442222664777786677878866678888
1111112344411223554222335442626354776663547668635777888355778888
1111122211322222133455553334565733444657844666578846667788888777
1111112213334442135442223354442233555555666677778866667788888877
1111123311414253644442536474225366772253688772536888775366888755
1111112211332222333342423355444455554466758888867588786677777666
1122222211233442133334441356377411566744555567775666677858888888
1112334412223344122234441125334617553566777555567788886677888866
1122222211132244113344451633334566637445677777756887888566888555
1111222213333244133322241355444416655574665585776666887788888777
1111111233314442333354426355554265578542666788426667782277778888
1122222211111122334444453366644537776465378866653778855537788885
1122333341122223441112334555126344566666445776765557777788888888
1122222211123444151233445516634456667334566678335557788877778888
1111222312222333144525531455553314566773844666778448666788888777
1112222211332245133324451363344516667745886667458867774588887755
1122222211122333141333531443665544666655447776654777775588888888
1222222211132333441333354411555546175755466777774666878846688888
1111122233311122333342256637442566877445668774456888774568887555
1111222231442422311444253144555533355666337566667778886877778888
1122233341122223441115234651555346555773466667734866777748888888
1111112231444442314442223335662235356667355566675577777788888888
1222223311112233111442335554443355644477566667775686878756888887
1222233312425333124255361445553611444556711746667777776688888888
1122222211123333111244334444455366455553666777556688777768888887
1122222211122333111333345553644457556884775568847776684477666888
1223334412233444122234451123354516665555166677751866777788888887
1122222211223344113333445163377451666674558666745588877455888877
1111222231311122333334225555344455544446757888867778688677786666
1112333411123334211233442222444456677777556666675558886755888887
1122233312222333124444331444456617755556177556661788568677788888
1111111213333322444443225544332655477726587787265887876655888666
1122222213332244111344441513446655533666555376867577788677788888
1111222231122444351224443515664435556677355667773366877738888888
1122222211344422133354441635544716357777163588876635888766655887
1222222311445523111455236114555366445733664477336888777766888887
1122222312244233155444331555443617554836177588361778888677786666
1222222213333324131533441115444415554667855666678588677788886777
1111111122223333244444432225443366555553766665887667758877778888
1111111233333312344432225554626257446662577448665577786857788888
1222333311223433112224431156664451556444555766665777888877778888
1122222311111423155444235555542356667443668677436888873368887777
1111112211344422553444225533342653373426577786665578868677788886
1233333312243535124455551244657512446777122466771166667788888888
1122222231114242314444453114665533766855337688553776685877776888
1233333312234444112345541224455612277556177777561888765688888666
1122233312242233111423331144456677884556788445567888856677775566
1223333412335544123365441222654712666547116665478188855788887777
1122222212233334113355341135554416665554766666847777788477888884
1111111122334445222346652333466527344465273886657778886577788855
1222223311242333115424361154443615544736558777765587876688888766
1123333412233344122234441255555412566554116667776668877788888877
1112233455112344511123345522236457728364557883647778886477886666
1112233314112223142225331444456374745563777556667755866678888888
1111222231311224313522443335444455356774855567778886677788886666
1111111233313322453336224555562245557626488876664888777644488777
1111233344112323451122234566623345567288456677884556678845777788
1111222231111422335444623555446235544766335877663858777688888776
1112222211132324151333245533666457737644557776645577664488888888
1111222341411123444222235444333356667388555677885666788855677778
1111122311412223444442334556223345666663555676735858777788888877
1111222233314442533114225331444256377477566777785566668855688888
1111111233322212344442223354666633546676555447765588877758888877
1111122233331122334441223444455236466755866667558688875588877777
1112333311122333122224431525546655554466577446667774886877788888
1111123415522234152223341526334455566374566673748866777488888877
1112222211322442113444551336444533365555377666587777666877888888
1222222211112333113333431554444465555447666657776888577766888887
1112223311122223144445231645553366444533766665557767888877778888
1111122344411123544222235444233356667337556677775586667758888888
1112233311224333112244435152644355526644555766687777766877888888
1222222314444223154446631555463315556663157888631177886377777888
1122222211324445133245551334455513334456177777667788666678888886
1111233311122223415552234455562374456663774568637446688877778888
1112333311223343511244435122467755224667588846675558467788886677
1111122211134222533346625534446257344466573376685777786855788888
1112222211133222411533664455536644775336477553664475888677788888
1112333311122333411253554222555542667885444678884466787866677778
1222233314223333144225351146555514466557184666671846877788888777
1111223344111223444122334566223345567773456678785567787855668888
1111112213314222334444223335644253556466555666675888887788877777
1111222211312422333144423554446635748886357778663557786655778886
1112234451123346511234465122346655223446577738865577386677788888
1122222311124223144444431555554316775333667755386667888866777888
1111233311112334555523345222223455644444566666667888888877777778
1111223314122333141222334442555364555755646777886467778866678888
1111233311112223444442234546423355666237566687775586888755888777
1233445512333445122334551223445512266465117766667178888677778888
1111222211112332443333324444453246665557666555776865777788888887
1112334451123444511233345122336455276664552788665727866877778888
1112223312222234111333341555634455776444577666645576888877768888
1111223314444233114542236145522366457723655587736658887766888877
1112222213224424133334441135346415356666755555867788888677777886
1111122231314442333144423533644255666772558667725588667758888877
1222233311122233111423331444555566477758644475586777785866668888
1111112213142225333422253334555563445577664888776644887766688877
1112222211323424113334241335444463555555666777576866877768888887
1122222211111122344555553344456634447556333876668388776688887777
1111111233145552333454523674445236744552367777826688778266688882
1111222311122333144233334442255544465557666667578868675788888777
1122222213333342115333421155644415556664557777648888776488887766
1222222311242433144444431155533361775883616758886667555866777788
1112344411123444122233441222355677333566785555667888856677778886
1123333312224335122243551112445516664475888647758886477588666777
1122333312244333122244431255544611576466155766685577768877788888
1222223311211223411133334444355546667755466687754668887588887775
1112333341223233411222534112555544655775466666774686877748888887
1111123314415233145552234455523346652223446777776667877866888888
1122222314444223111442335511433657774836557888365577886657788666
1111222211112332455553224465333344655573446667778486667788888877
1222223312422333144443331554466611554666117556687775588877778888
1112222312224333124443331114443566747755667777556668788568888855
1112333341222233411125334162255746655557446577774466668788888887
1122233311142233111425334444253677442566755555667788888677788866
1122222211223333111334356144443564477555664775856677758866788888
1122222311122433111424335554444355554663757766637776686877888888
1112223341122223441523336415777364157773645588776445588866665888
1233333312244533112245551222456517744665117748657778486678888866
1111112231451662344566623455666234555722345777723447877833888888
1112222213114242335144423551467735644687356666873568888735588777
1111222213333332143432221444444516777555666755856777858866678888
1122223311223334155236341152366417555564777775647878866488888644
1111122213332242113332425335444455555464566666678867777788888877
1122222211123233411133354446353547466555477765654788666877788888
1112222211112333441223334455563345556666444557768888887688777776
1233333312222343155222441556666411566744155667741588887488887777
1112223314122233141122536444455366674533677745556687777568888888
1122222211111332414453324446553344666537888655378666755788887777
1222222311112323141443331444443566666535666555557777788877788888
1111111234414422344442253333322536667725886677558886675588867775
1112222233111122333331423554444455666664557776645778786857788888
1112222213334442113554421135544266355547633658776666887788888777
1111233311112233452222334555526347756668477568684475686844777888
1111111213444222333445223634455236664752386677558866777588888775
1123333312222223111112334455556644555666447588864777788647778886
1111112233131222433332224355677745556777445566774456666848888888
1111222341152233411522234655555346657333466777774667788844688888
1222223312452333144525631145556311455663174486667748886877777888
1111112213222224133355246363577463635744666557748655887488888774
1111111234444412344455523666665233366552337685827777858277788882
1222234412233344152334441526364715563667155666771557777818888888
1222222211233344133355541135556417356664177568647777686478888884
1112223341125233461255534612755346127533466875774668777844688888
1111223311112234552223345552334456666344576666845788888477777788
1111222211112223444555234666553347665583476665834788888347777783
1222333311233443112534441225546417258664175586667775866877758888
1233333312223443122244441112454516666555166765557777688877788888
1222333311223333112224551164445571664445777668457766888577688885
1112222234112225341155553414465534447665377777663887876633888886
1112222212223333111434335514444356666644555566678588887788877777
1111112213122222333342443334444566775545667775556667775868888888
1111112213334122333342253664442577648825776448557768885577666885
1122222211122333111443356444473566647735668477356688775588888755
1112222213333222114333356144444561664775666647558887777588888755
1122222211112332444113356444333564473555666777756687877568888885
1111111231452222344555523466655234476652344776683377786837788888
1111122213311244553322245553266457733644578836445788866677778886
1222333311123453122244531672745316777455166674456667748588888885
1122222211113322411333554446635547776335447666654778685577888888
1123334411222334115222346152773461555734655777446658778866688888
1223344412333334122556341225564412555664177756661787776817888888
1111123314222233144255531422566374455563744566637778866877788888
1112222213332422111354441333564477355644775566667755886677888888
1111222213144422331142253644445536777558366675583677758836678888
1222344412333334122253341162544411655577166855576668888768887777
1111122213113322433335224435552644755556447777768487867688888666
1122233311112223141225536444755364887553644875536468777766688887
1122222311224323144443331444335617755556177588867755886677888666
1223333311223444115234661552344615224466157888865577788657777886
1122222211111223444143335444433655773366577888665577786655788886
1111222312222333112433351444366544766665447686557778885577788885
1222223311452236144532361445333614555766145777761458877688888876
1111222212222333111433356664443566744435667747556877775588888885
1222222311224443115444431154677351566773555677735666678388888883
1111222213142522134455521344555533467777344668873666887736688887
1112222212223334111534441655333466573444665777886557777866588888
1111222233311222333112453444444536677455668755556687777766888888
1222222311111233444512334455166344566663455577638858776788888777
1123345511223445112234451222345516333445666677758686677788888877
1111112233114222333444223334542567745455677755586767788866668888
1112222312224233114444331555463315544637555866678888666788877777
1112233314122233141255361422553644445536747785567778888677888666
1222223311122243111144435554443355564773855666738888667788866777
1111222211312222443155564333555643337556487777664887776644888886
1111222211134255133342253344425534446655377768857776688877666888
1122222212234445111333451163344566663745668837458687775588887775
1112222231144425311442253316444533367775883667558886677588866775
1222222311223333145673731456737714567778145666681455586844458888
1111123311222233415223364452336647555666475758864777588644778888
1222233312112223111143335444444354667788556678885567777855666788
1112233312223334152663341526666415265644155554447777777788888888
1112333312122333122224341144444455566666576677765777788855588888
1122333314522223145622331456666314577766145788861457778844557888
1223333312334344122544461255446612555566127588861177786677778888
1123333312222333122424441114445461678555666788856667788577778855
1222222211333332111433351164444566667445677777456788885567888855
1123444412233444123333541223555511225565177777667788866678888866
1233334512333645122366451122664511226645177776457778744588888885
1111122231314422333144423334442255667777556666775568888755688887
1111122344111233544422235544623356646237556666378558877788888777
1222222211133332111144335664443356644478566667785777778855558888
1222333312244433124444331255545612575556118777768188777688886666
1112222211322444133524441135554466375555663777776637878866388888
1111111234444412333344423535622235556227855667778586666788888777
1122223412212234111133345553334455666444576766685777868857778888
1112333312222333111422231544466655554466577746685777486857788888
1122222231244444312445663174555631755556317777663177886633888888
1111111122333344255533342655553426578884266788842667884426677777
1111122231222242311544443355454433355556378886667788888677777666
1222223312424233144444351466333516665555166677851177788577788888
1112333311223333122456661224556612445566774458867744588877775888
1222333312233453112344551224444516666745168887551688877566887777
1223333311244443122224331256644715566647156688871556877755888877
1111223311222333122423531444435566644455666778556777788567788888
1122222312244333112455536114455366144453667888536777785866777888
1111233311222333411223534462255546655575446877774668787746688888
1112222212223444111333445513634455636347566667775556887788888877
1112234411223334122334441122334455566666555677665587777788888887
1111111233314442533334225534442255546622757668887576666877778888
1111122213311242333442423554444236555777365887776655878766668888
1222222211342444133444451366655513366555113366657788888877777788
1122233312222344111253441155533455565344776668487776688877766888
1111122211333322143553224433556247555566477766684477866847788888
1222222211233445611134456113345563334455666647758868877588887777
1111122213312242133552426333554466355444665574886777788866777888
1222333311122223141155234461655347666653476655584777888844777888
1111122233441125344661253444622533346255773766557777668578888888
1122222341211223411155334455553344445533666666776868887788887777
1111112231455226314552663444526634555266344772673387777738888888
1111122341552233411522234555523345666663477668834776888844777788
1111122341112233445226634552266345555663457766834777888347778888
1111112233131222433333224555566245775688457756684777668844476888
1111222213332442111324556733244567334445677755556767788866688888
1112233311122223112244435556433355664444566677885667778857778888
1112222233111442331144225333346655557446888577468855777688877666
1222222211332444113344441113334566737775677775556888888566668855
1123333311222333112224441152446455554666577548667775888677788886
1222222311233333112444531144555314445666777755568887776688888766
1122233341123333441255534112225647175556477756664877768648888886
1222223311442223144555531144455316647553166678336677788867778888
1122333311122443152264331522644315556447558664778588667788886777
1111223311411233544422335444422356777723566667775568688755688888
1111111123333334222223342255555465577744665777446688778466688888
1222222213234444133345441135456611355566713558867788888677777866
1122222211112324553113445533334465563774655688746666877488888777
1222222312444333125443631555436311574666115746867557868877778888
1111222213144442131554423335542235555466337788667777888677888666
1233334412222334112523441125534461657774616557776665588768888887
1111111122333455223334452233445562264455666674586677778877788888
1222223312443335122443351111463577714655777846557888465678888666
1111122311441233556442735564427355644273566682735866827388888777
1111123345112236451223364555233644452236475586664777868877778888
1112233311222233112245336144453566744555677488856674788566777888
1111112213331422334444225333446255554662557586667778868677778888
1222233312233343122553441665555416665544167777741667877418888888
1111111233444512334455523644555236477522366777283677882866678888
1112222211113242133334425333444455555466775756668777776688888886
1112222211113422313334423335564477556664775566847755668477888888
1222222314422333144333351466666514666755148777751488777518888855
1122222211233442113334451163344566634475677777756688875568888855
1222333411523334115223341552266411566644555776648888776488887777
1111222211122322144553334455566344577633485776634858776688888776
1122344411223444122235541123355416637755666375576883777766888888
1111111233144442355422223554426235748866357888863578786635777766
1111223311222223144233331444555344655755466777586677878866678888
1222223411222334115333346155737461157774665555746688877466888884
1112222314225223144555331146533314465573448657778886677788886667
1112222213334222113344451133346577744465777776658886665588888655
1122222211111322415553664557536645775336477773364447883648888886
1122223311242335112423356114337566647775664444756888777568888855
1222333311222333114225531444455511446575884665778888677788666677
1111122314122223144233334442353647477556777775668888555688885666
1222333311123333112244441526644415266647855556778885566788887777
1222333312223443125554631254446311544666155577661777786877888888
1112223312222334112533341555663417566644775556647777764488888888
1112222211333244113342241335444463555555666657776668888788887777
1112333312222343122233441155544461575484665758886667578866777788
1111222211133322144443224445433655553366575888665777888677778866
1111112341551223445555236444452366674523666772236888773388888777
1111222211311222433333324445536644445776885557668885777688857766
1122233311223344152336441523666415255644155566647777777878888888
1112222213332224133333541116655477666544777665547876855478888884
1112222311442233154442231544633315546377555867778858666788886677
1111122213144242331444425333642255336666577866865578888855777778
1122222211133322411335664413556644335576844555768487777688888776
1112222311223333122334431155664455556444577666645778868877778888
1111223341222223412566334155663341455663444566778855777788888877
1222222311111123414443234444533366665377655557776665587788888887
1222223311444223144452531145555316457573166677736668777368888888
1111222341111523455555234556662346667223468677734487787348888873
1222222213333425113344451334446511146665776666557777888577888885
1233334412332344122223441255555411666654177666581777685877788888
1111111213332222333444225366447253644478566667785567777855588888
1111122311444223414522334445522365557733656577736668877766888888
1122233311112234151222346555333466655544766654487767884877778888
1112223341122223411525334615555346655773466688734466887748888777
1111222233111122344445523446665234665555346678583776788837777888
1222222312233333111344556113444566164455766648857776885577778888
1222233311224333122443531444665514477655177766581766655877888888
1122222311112223144443331455335344455555666788886677878866677778
1222223311223233111133341566664455776644557664445778888855777888
1122222311444423111445231644552366555773866557738666777388888873
1111111231444522333345623444456237778562377885627778556288885666
1112222212223333114444435114543355555463577666687776668877788888
1111222311112233455552334455522344566633746688887446668877777788
1122222211122344115333341653377466537774655577746658888466588884
1111111122233455622344556623344566233455662344576888877788887777
1111223345112223455166234451622345556673445666734887777388888877
1111122213131222433333254466632544666555477688554776888547777888
1111222213344252133442521333445516374558666748586777785866677888
1111122231141422344444223355462635556666357558863377788677778888
1111112213142222334455223346655733446657834465578866675788888777
1111112211322222443333324455673344456777485566778885567788885666
1222233312233343122444431111444516777775666687756888857566888555
1222333311122334551223445511234465177444655778886657778866667888
1123334412223444122234451123345511673558666775886667558867777888
1111222211333425133344251363422566664475688844756687777588887755
1111122231411222344556623344556234455566334758867377786677788888
1111111231334442333334225666442256644722556777775566778855888888
1222222311123323141433331414567784445667855456778855567788886667
1233333412334344122544441225555516227557166677771688888716668887
1122223411222234511666345116733455567334556673748567777488888884
1111222233122224531667745316874453168774533688745366877455568884
1111112311222223422453334444563347545663775555667788666877788888
1123333312222334112255341125554416775554866777748666667488888874
1222233312242233154444431556774315567743155677771156666688888888
1112222311122223415555334166533346665553446667774888877744888877
1111222231112244315522443555566435566664337768847337688477778888
1111233411122234122223345556633457666634577766445787778455888888
1112333311223333114255561742225677428856744485567744885677888666
1223333312334345122244451112244567117455677777756668888566688885
1111112231144442335442223654422736588877365588773655587736666887
1122222211233324111333441533444455554666777588867755866677788886
1122233341112233441552234411523364455557664888576688888766677777
1111233312122334122233341255544465544477665588876658887766688777
1233333312244433122224441111245416666655667755556777777588888888
1112222312223333111233431555554466555774677777446666678488888884
1111222213334255113342551333425564444257666647578866677788888877
1111122314122233144223335542336655444776554777665777886658888886
1122222312244423154444331556433311566637815556778858667788886777
1123333312223334122244441112454671774566777555667888555678888866
1222222312444253144655531146655311466553714866637788888377777883
1111222311122223144556237455566374455663774566637744883377888888
1111222233311422353114423555564237565644375666447778668877788888
1222222311223333111144351674433566784455677884456777855566678888
1111112234411425334444253666422533666275388862753887677588877755
1222223312442233111444531144645371666553777688537666855577788888
1122233311442223111423335144236655444776855577768585777688888666
1111123312221233144222335544443355555446577888867778666677788866
1111122213141222533422675334466755346667533446675584888758888777
1112222231224555312445553144666531444665317778663378886837777888
1123333311223334122554441225444617255546177558667788886677788866
1112222233122245331164453116645537766445376664553788848577778888
1122333311123343511244435122466655724666557244685777776857888888
1112222314155223141562331455623374456338744566687475686877778888
1222223314522633145266331456667314565673145557771488777814488888
1122222311144223111455236444533364555733645577776668888766888877
1111122211333332133344224444455266647752667777556677855568888888
1222333314422223144555231445553314667558146677781667778816678888
1122222211111322144333334433555644755666477755664788588677788886
1112222213132244131325441333555466635754677757546667778468888888
1111122211333222413335524335556244557666445776664777888647788888
1111111233334412333444423566446255566662775888627755588277778882
1111112211333322444333225444436255554662557786665778886677778888
1122333311222223111424431444443355555666555766867777788677888886
1122233341255336412255364122553641115536447866664478888877777788
1222234412522344115233341153366411536644555776885777666877788888
1222222212133333111334431514446655774666557448865777888655778886
1112223314112333144222351446233544666555746668557777685877788888
1112223344111233411222234555553345665537466667774688888746888777
1222223412525534125553341115534416773334167788446677788866667888
1111223341222333412233554112637544866775448867754888677588666755
1111222213114222333144425333444657377466577778665788886655558886
1122222211112332113333334444456644777556477777568885555688888666
1223333312222343125523441555556415777664177766641778686418888884
1111222211112222333444553364455536644755366647573668877788888877
1112222311444233511422235144446355778663577788635778866355788866
1222222312233333111344345511144456666774555667745856687788888877
1122222211113232114433354446355546463755466637558668777788888877
1122222211233342111344441333354466666554677765556787777588888885
1112222311122233415525534145553344465773484666738886667788886777
1111233311122243516662435566624355662243555744437777748877888888
1222222311123233111433351444463574446665777866657778655578888885
1111222341112333415522234555263345776663457666684577778844788888
1112223341112235411422354444233567477355677773586667855866688888
1112222311442233144422531644455316655553666665337777777878888888
1111222314414233144442331554223355666237566867775688677755888887
1111222211133332144453324445533244655552666677586777788866778888
1122222341122253441555534115563347156663477788634787786347888866
1222223311112223144444331445543316555773665557776668778766888888
1122222312244443124456331144563311555633555666667777788877788888
1122222211112323451133334556633645556666455776884477778844778888
1222233311123333111222435144444455546666556667678558777788888877
1111112213133442333344425636422256664427566877775688887755558887
1222222211123333133334441554444615557476185577768858766688887766
1111122211331222443333526443355264445577646685576668857788888777
1122223341222253411166534441665374416553774665537778658377888888
1222233314442233144225331466653514465555116667578167777788888887
1122222211332244153333641533766415577644157776645577866458888888
1111222211314222153344425553444655734666577338665778388677788886
1111112233114442534444225366462253366627533676775588777755888888
1111112234414222334145223344455236666655337766658877777588888875
1222333311223443112224331555544411665554777666547766888877768888
1111222211132442513324445533246455733364557776665777766688888888
1111222233142242331444423511464735886677355886773588866755586677
1111122213333342133444421344422255556777556668875668687756888877
1111111233444122355444423555542235667722356677773368788766688888
1111112213134422333334425366644256677482566774825657778855578888
1111122233311122344555223344555233445667884656778846666788887777
1112222211332322411333334155666645557776448557664885877644888877
1122222211223333114443331144455366445577666855776868857768888577
1112222312224333152443661544433615774366155746685577786857788888
1122222211133322441133335441663755444667554886675588866758887777
1111112231422225314224553444445536666758336777583667875836778888
1112222211324422133344451633445516633475668777756887787566888855
1222223311122234115333341555354416655544666777446888877766888877
1111223341512223415552234156662344556333744566887477766877788888
1111111122223455262334552663344526337445663874456888777568888777
1111222211122332144323354443335546466655466678857677788577788885
1112233314112233441222234415555346666653476665584777775877888888
1111122311122223444223334445633347556668477556887775666877558888
1122222213333332134453621174556671745556717445567778446688888886
1112222211113322441333325444436657744366557776665778786855588888
1122222211113424131334243333544466655747666557776555778768888888
1222222314433223114433331444556617745566175558861777586677888886
1234444412333454123355541223665517236855172268881777688817776668
1222233312244333122443531444455511166665771866557778866577788888
1122223341112253411122534444455366477753667775536678758366888888
1111111122223333244225336442553366447555674475586777778866688888
1112222211122234113333345636663456666744558777745888777455588884
1111122213441442134444225333362255533666557776865778888657778886
1111122211342222133445523344555536447575366477773688877866668888
1223334411233344152223441552236417556664177556661777586877888888
1111223311222233415552334155523647775536447777664478666648888888
1122222211223333114445331146453344466555666665758888887588777777
1111122231122242331552443365554436666544366675543888777788888777
1111122233312242333112425336664455556664577776445578864877788888
1222233312223344112335441663554711685547166854476688557768888777
1112233312222443112444435124664351557633555776665777866877888888
1122223311442223114425331445553314455536777775668888777688886666
1112222213112224131444443335555436365574366685776688857768888777
