1122333312222343125233441555444615577746115577468888777688886666
1112222213444422133444421135556613375566337775567778756688888886
1123333341233555412636654126665541267557412677774128778844288888
1222222213324444133445541336455513366675116667751868777588888877
1112233312124333122244431124444355566666555776685777868857778888
1112222211123232415333364157833644578886455786664557888644577776
1123333412223334125234441152264415556664157566887577688877776888
1111111122233334252533342555344425644466256666678587777788888877
1111122312222223114433335544443355555446777858667778886677888666
1111112344122123444222234555333345666663457776668555777788888887
1111222311142333414423534446225374665253777655587666885877768888
1223333412333344122225441115255416555574166777746666677788888888
1233333312222243152244431556474415566774115667778155666788888887
1222233411123354122233541677335416777554166755546667784468888888
1122223314233333142225531446657714446577116465578866655788888877
1222233312243333124444531244455611555566177785861778888677788666
1111122314441233142222334444233355566667855567778558667788888677
1111112231144222333422523344455533664555766645887766688877777888
1111223311122233145522234455633344556777488567774885666748888667
1122222311112233141552364477533644475536884775368847755688887666
1111222233114422311554223355544436665474366857773688587766888877
1122223311223333142435361424456614445556177888567778855677788866
1222333311223343152224431555544411556474188566778866677788886677
1222344412223444123333451263734516667755168877751688775516688885
1122233341122223441255334416755341167753446667558866677588888877
1222222311442333115423331654437716544477165555776666587768888888
1222333312233443112224431115554677185446778854667788556677888566
1222222211333332144443331445555514455566177766661777668877888888
1111122213112242333324445363247755634447556688775666688755888877
1111111233122222333442556634425563364445666647557777777588888888
1222233412252344155523441155534461757334617777386167878866668888
1222222312444423144443331111135366666553666555578888775788887777
1111223312222223144433331554444315556646557566667777688877788888
1111233311422333114423534444255546622255666775576687777768888888
1222222213333342111113441555334466555544665778486677888866777788
1111222311112333455522234555562347775633477776664478886644888886
1222333412223334112255346111153466777554667555446777888466788888
1122222211233333112444431144453366664555667785586677855877778888
1223344412333444123536641255356412255566112756661777777788888888
1222222211112334515133345551366475553364777777648876666488888844
1111111213442222333422523664445533666445377666857778888577788855
1222233311122234511233345116344455564474566667775668777758888888
1112223311224233511142235555443366654443677554886677788866777888
1112344411223344155233341522334415526666557286665778886877777888
1222223312224333144443551144433511666655177766658777776588888885
1111123314412253444125534442253366226553666665537777778877888888
1122234412233334152236341525663415556644117556647778868877778888
1111111122233333245555532445556322447663824477668847776688888776
1122223314423333144222331444555516646575116665758888677788886777
1222222311112323141133334455677345566777445667774555666848888888
1112223311112233145526634445226347755663477755634778856647888888
1112222213322442134444451333364517773665177766558877666588888855
1123333312224333122444441124564711255677555566778885667788888667
1111122233331222343112523434555564445557644877776668878766688887
1222222211113332415113334455637345566677455667774566887744888888
1111223311442233114222334444523346555557866665578886677788886777
1122333312223444122233341566777415666744156667841557778855588888
1111122211313324563332245633227456668774555687445566877488888774
1111222211132442153322445533334455563748565677486666788867777888
1112222231224442314444553116455533167557366677573666877738888888
1111112213333222134442223345555634455656447756668777777688888886
1111122231442222314445263147456633475556377756663788556837788888
1122222211133232113333341555556475666664757664447578888477788884
1111222211312222443135664333356643775566477758864475588647758888
1111222211332442133224551333644577736445776664557768665578888888
1112222311444423511142235544462355666673566776735887777358888883
1111122233111224355555243556522433666644376766843777788477888884
1112223311112233142223354444433566647755686477556868877568888775
1111222231114422331554223355544435566464357866663778888677777888
1111112341155223465552234655223346652733466667374887777744888888
1111122213141225333444256334422563344755666887756868777568888775
1222222211333324513343345116444451164777556677785667788855668888
1111112233334112533346225344466255544662755546827777668877788888
1222333311223433122554341125544415555644177776667787668678888886
1111222231114442315444423355554235556772388866773888677738866667
1233344412333344122355441225554617255666172758661777886617788888
1222222211334255113445556133445561333457618844776688777766688887
1112334412223344122553341225336411555564777775647887866678888866
1122222211323444113235546133354461377544667775556678785866788888
1111112211342222333444253364742533677445666777556677888568888855
1111112311444223444452234555523355662273566667738888677388886777
1222333312122443121424331114444356666777555566775556687788888887
1112222314125233141253334412553674448536774885567888856677778666
1111122213311222334442253334444536664755667777556778875566888888
1112333311422223144425231445255314555563746666667776888877778888
1111122213141222334444223546477735564778335677783556888855666688
1222222211111112333334553366645536666445776844457778845577788888
1122222211132234113333341536666455564444557664885576888877777788
1122222211333332113343521164475566644755668447756684875588888777
1111122211334442155344225533442255334666753888667577866677778888
1111223314152333141523234455222364455777644558876888887766666877
1123333311223343112244456112244567772445677785556767858566688888
1112222211132422311344443333555436555544666775886667888867777788
1222233311223333144235561142555617444456177745567788888677888666
1122233411123334155223441552233415666664557668447577688877778888
1222223311422333144255331644455316445577166657771688588766888877
1222222311111233444112334445533674458836755558667778586677788866
1111111233341522344445263774452633747526387775268887552688885666
1122333314422353144253531142555511422656774486667788868677778886
1112222213333422113344421533464415776664557668885576688855777788
1112222211123332114335324446353744466577488665778886555788866577
1111122311222233142233334444453644755556777755567787866688888866
1122333412233344122223451666634517686445177866451788855577778885
1122223411222234111333341555553455666734566877746668777488888874
1122223311123333114225331644257766455577664855576648877764488888
1222233312223343112443431156444415566666157777665558777758888888
1112222311455523144455231145552366447723866477738866667388888773
1222334412233334122535341265555416665754168877441688877716688877
1111112233441122534444425366462253666672536777775338888755588887
1122233311442333114422351444423516667255888677758866777588866755
1122333311222333112424351624445516444775667777556667875568888888
1111111231444442355544423552222236557778366577783667788833666888
1112222311142333561427335614273356642777564447785666478855588888
1122223311244233112244331544463315574666557776865577868657788888
1111122211222223415555534445655344466333466677336677777788888888
1222223312122334111333441566364415666674558677745888787455588877
1222222211112333444111354666333546663555466777754777875548888888
1111122213142222135444623355546673335446773554867777588678888866
1222223311243333112434536124445561177445667777756666788588888855
1111122211322222413333334435555544467775446666756668877588888877
1111222311222323144423331445663344756666747568867775558877558888
1222222211133244551344446513377465113374655553776666888768888877
1222233311244333112444351122643517776465778764657887666588888555
1222222311122333114333431144444567774755666777756688855566888885
1222223412223334115553441155334411555364788866647878886677777866
1222233314422223154466331544466315457663155576681577778817788888
1233333312244553112445531124455561224775618247776688887766668887
1112233314122223142255331455553314455666446666778488677788888777
1223444412233344122233441125336611556666155788865557778677778888
1111122233331112444322224453336645576668455766884577768855777888
1111112213322224153322445553444655533646757386467778866677788888
1111222213313422133334221534446675558466775884667755846677758888
1111122311444423154544235555422356672233567777736688787366688888
1111111122223333242235332466653544655555466678884476788847777788
1111122213222244133325441355556433355764888757648777776488886666
1111222211333324133352241355524467575544677758486667884866677888
1111223344112233544112235546223355467737544677775666788856688888
1111122211313322333334225564444256644477566677775566888755888887
1112222234111112344444523445555233366557336677576666777788888888
1112333311122243516244435162243355627444566777775668788755688888
1222222312124443111444335114433655577336577777665588876658888866
1111122231441152333455523334555263445722664477776666888768888877
1111123314221233144222235444463355457663855577668587777688888766
1122233311244333112243431122444455666666555777765888887655888777
1112222314125523441152236441553364445333667558886777788866677788
1122333341122333411225354412255544166565747666657477886877788888
1112222311142223511426635554446377548463755584637788866377788863
1222233311212223411113334444556374445666755556867577868677788888
1122222311422233144453331144555316445553666657776886677788888877
1111223312222443112444431525433355554366557666667776888877778888
1111223311222433152244331552644355556643566664478688877788887777
1223333312223433125224441556444411566666715588667155788877777888
1222223311444223144456231114563377145633777556667878555678888886
1122233311442223114552231144553366445553667477586777788866678888
1122222312242333111453364114533644445776855557668885777688887766
1123344411223334112233341522664415256774555566778566677788888887
1111222233112442533114225333644455366744555667778858666788888777
1111111213334222334342223544446235476666555766675887777755888888
1112222211223332113334331554444455666644566677775586778758888887
1222234412522344125333441553644715336667155886671588866718887777
1111222311222233114423335444463355446677566667775556878758888887
1222233311223334111223341154444455566466775566667775888877758888
1111111123333444222333345222264455576644577766665777688855788888
1223333312223334112556441225664711556447818566478885674788856777
1112334451223444511234445122336651223366577777665787876655888888
1222222211333244113554467135544671335466713554667777586678888888
1112223312222433155244331155543316655477668584476888874766688777
1111223311412223154442235544426375466663755666337755888877778888
1111122233122224351124443555647435556474365667773666887738888887
1122333311223453122264531126645317664455776648857764485577788888
1111122233311222433152664435526644375556483777564888875648887776
1122222311222433144444431155546317566663775555637788866377788888
1111222341411233444122234455233345566773556666775668887758888877
1222223311244223155443331155444316555543166666678888886788777777
1111111233122222334422553644447536487775364887753666877566888855
1222222211134442113334451333445516634557666855576688877768888777
1112222311122433115524436655244366655543677775436778784367888888
1111111122233344222233345523366455555644577786647787886477888866
1111223311144233144442334452223675552636775556667775888677888886
1111111213334422333444423566644235576622557766825577688857778888
1111222233311224333112245533644455556664557666647778888477778888
1122333311233443112244431522674415266774556668775568888755688877
1233345512234455123334451236447512266475128866751188677788886677
1122222312244433125444331155446315577763185577638885776688887666
1111222211322442153244461533466655334466553377665588777788888877
1111111123334444235556442335566422335664222758667777588677788888
1111112213333122443222254433555544366555466677774666777788888888
1122222212233334111536341155563477556634777556647878866478888844
1111112213322224133324243334444455566777556687775668877855668888
1222233311122343115253436152534461555447666657476688874788888777
1111112233144122333442225334444253666777556668775556687758888887
1222222213333442133444551637444516377555166678551677788816678888
1112222312222433111544335155433655554436777774467787886688888666
1112333311122333411225354442555546227557466677774666778846888888
1222222211111132441553334465533746655337446857774668578766888887
1112223341152223411522334145333644455566475566667788888677777888
1111222231144526311455263444452637774526377755663887758633888886
1111233411222334122533341265553462655574666577746868877488888774
1223333312334355122244551622444516664455117668851776688877777888
1112222211113224556132445663334456633774556377745866887458888877
1222223314445223166455231664555316644753166477531888777318888877
1122222211133425111344253333344566664455666748857677885577778888
1122223312242333112443335144467751446667516668675558887755888877
1112233311112334122225346662553465555534677788446778884466777888
1222223312224335111443351116433566664445776884857766888577778855
1111122341122223441256637442566374455563745556637777863378888888
1111222233112222341455553414667534444675388666753888667538887777
1122222211132244111333445333444655537476558877768558776688887666
1222222314425233145555531444553311144633771866667778888677788866
1111122213322245113324456333244563667455666774456777778588888885
1111112213445122334452223644557236644577366665573688885738888777
1111111231442222344425223445555634757556377777663786666833888888
1112222211342242113444445133366455553366557583667777866877788888
1222233311112333112224435166444357666644577786645577888855577888
1111222211113324333332245535624455556644777566647877766478888888
1111222211322245613324456133444566333455677784586777855866778888
1222333412233554122333541126555411165444666657476867777788888887
1111233314112223144522334445225364555553646777886666788867777888
1111112344141223544462235446662355666223557768835777883357778888
1111123311415223644452236444522366645233766555537677788877788888
1111111122222233242333354446635547466355477765554766688877788888
1122222211122333411533334415563644445666477555667778586877788888
1111111122233344255563342566633425677374256677742556778488888884
1122233311222234115233346155553461557884666578846667784477778884
1111222212222333111333345555534466555744677777446666877468888888
1111111233332212344322223455555534446665447766657777886677888888
1112222211324442133245441633554416335777663555776668587768888887
1222223314444223114544231145333311655777666655578686657788888877
1112222211223244133334441335364715555647885566478856666788887777
1111112213422222134444523367485533674885336748856667888566777755
1111122231144422315554423356442235564777356688773566887736688887
1111122213144222134452523344555634455566333788867777786677888866
1122223311244233122443331144556317745566777485667788856678888556
1111112213333222144333225543677254446777544666675556886758888887
1111111231444422333544423555642235566227356666773567777788888888
1111222213333222134333521144665577744665774466657784685578888885
1111112213333224155332445553222456534444566778886677788866677788
1222233312224333111245531144445361445557666557776666887788888877
1111112213415522334555223644552236445788364777883647777836666888
1123333312245333112455551224456511244465772488667777888677888666
1111123314422223114242536744425367745553677555836777888366668888
1222333412233354122335541216665411167654888776548877665488877754
1111223312222333124244331544463715544667558666675586877758888877
1122333412223544112335441223355416777544166775586667775866888888
1233344512363345123634451226664512266645112777451877777588888885
1111112233331122433355524435566244455762847757628477776688888866
1111112213322222133334425334444455564788566677885566788856677778
1111123314412223444123234552233346555557466877576688877766688887
1111112213122222333324556334445563644755666847556688477788888777
1111112233414125334442256333422566634425677777756678788568888855
1111223311444223511462235544622354476663557776635778786357888888
1111222211133422133334225553346675544466755484667588886677777888
1233334412323334122224441255554411156666715556867788888677777886
1111111213333322435322264453277644552776445557668457776688888886
1111122213133244133322445336227458666674588886745888667455557777
1111122233312242534112425344444653377886537788865557886657778666
1111222213122424331124443333345566664455777688557666885577778888
1112233314152333141522234415225344655557846677778466666788888877
1222223311112333411522334415663645556666444567774855887788888777
1122222213332244113333345111444455555647858566778888677788666677
1222333312222234111133341551444455566644557786665777868677788888
1111222341115223441552334555622347556663477777634487876388888866
1122333411223334111233441522674455526774556667745586667788888887
1111112233341522366415273664552736644527364485273648855788888777
1112345511223455112234451223344566233745688837456668777766888877
1112223311224443122444331124453366665553666758587677588877775888
1111112233131222333322245355444455554464577666667788888677778886
1222223314442233144525531455555314466673186667731866887718888777
1112223314445223114455231444522315555333666667776886677788888877
1111122211133222333333245666662456676444555774845777748855788888
1122233311112333141223564422735644777556477875564478556688888866
1112222231444442311145423315554233555666375786863777888677788866
1222333312244333152444431522664715556647155886671158667788888777
1111122211313222333332245553444455677774566778745567888466668888
1111122211313422333334423566644255566642577676445577788857788888
1112222213111224133332443353444655574666577747665557776688888888
1222223311144223511142435516444356664333567688885576688857777778
1222344411223434111233341122335466667754688887556687875568877755
1111111233441222344422523334255533445555667777786667887866678888
1111111233344412334444423355566235566622556678827567788277778888
1111112213444442134542423335522266357777633588776555887766668888
1111111213333322333422224444526744545667555556778886667788888677
1111112231412222354444223545647735556477355666673386687738888887
1111111122334555233645552336445522364447823664778286667788888777
1111122211322222133455556334477563334775666644758686447588888877
1111123341112223444552234455523364465233666655776868777788888877
1123333312244443112225431662554316625544167885556677888867777788
1122222231142525331445553114556531444467388886673386666788877777
1222333311422335114223657144236571446665714866557748655877788888
1122223312224433111244331515543355554446775886667778888677788666
1222223311223333111234341155544466665774888657448886577788665577
1222223312444433122455331144653311476555717766557778866678888886
1112222213114442133344421334455233677758666755586667558867778888
1222333412333444122344441123566611255656718855567778885677778886
1112222231114242315144423355464433566666335788665557888877777788
1112222211132244113332546663555467635584677355846673888477778884
1122234411223334112253341525533415556644775766647777666878888888
1111222213415552134466521344465233746652377465583376688877778888
1222223311122433511124435156444355564643577666635778868877778888
1111111123333333222224352677244566777455667884556677844568888845
1222334412553344125333341255564412556674126667771866887718888877
1112222213442425133444251333466517734665178386557788866577788865
1222222314425553144253331145536611455336144777668888776688887776
1112223311222233114552631445566344556673445866734858867788887777
1222233312242233144455331444653511146555716666857776688877778888
1112222213324442133244441533336415788866157878865577786655577866
1223333311222433112244431152674415556774555666745866677788888887
1111222211133322144333324444535246555557466577776666688788888877
1112222211332244133332441353444615574666855776768555777688888876
1111112233342112333422225354444653547486555778865777886677888666
1111122213313224133332245555362455566664775666847777788478888844
1111123341441233444412335542226375522663756666687555888877777888
1222333312123333121244441112454467555584677775886667755866678888
1222333412222234111153341655553416665734666557746888874488887777
1111122211332242133224456334444563347755668877556687777566888885
1222222311242433114444435114677351666773556867335568877755688888
1111222211344222113444253333465537734665887746558877765588887666
1112233411522334155223441522633415666374556666745888887488877777
1111122213444425133464251734662577346225733666557388688577788885
1122333311123444512233345112444455622777586666775888666755888877
1122334415523334155223341555263411522664177886447778666677788888
1111222211222332144433331546663355446677544886675555867788888777
1223334412222334152523341555553416665444167667881677778816778888
1122333312224333122244431544446615666666157788881557778855577788
1111112233331222333414423544446255554662577776665887777658888886
1111122213141222334445223444556634755556377586663378888677778886
1111112213333122443322225443666755436667554446675588877758888877
1122234411232334112333541226355416665544666557476885777788888877
1111111231334222333344223444452674555526777775667788855688888666
1123333312222333121244451112455566744588667745586667485867777888
1122234411122334112223341555334465553748667557486677777866688888
1223333311224343111244431512246655772446558777765888876655888766
1122222231111122333144453334444536774555667755856777788866668888
1112223311123333122233441244444455555666575566887777666877788888
1222222213444442134454551365555513667777136667771333668718888888
1222223312444443122455431155564311566673155667738886677388888777
1122333311123433511224365122444655244466577778665578888657778886
1111122233122222311456673444567734445667348855673888566738885577
1111111234444412355554423335564273556662733666627778882277788888
1233333312455533124465551246675512466777124667771248687812488888
1112222211113222144433334456777345567673456666734558677855888888
1111112211332224333332243555624455556674586667748868677488887774
1122223312242433114424331114443566667735866777758866757588888555
1222222213333342135554441366544713655447166655771667777818888888
1111112231412222354442263557444635777746357878663558786633588886
1222233311233334122234441155446611574666555746665577788877788888
1222222211133452133334551334445516644555176646887776668877778888
1122333314223553144225331142255561444455617788886677777866667888
1223333312222333112444441124455561145555667757786677778866688888
1111222231144242311444423333455263675555636788556667788867777888
1111111233441222344444223554566237555562377885663377888677788866
1222333312223333111224445116444455166647566688875568887755887777
1111123344451233466512234465123346655223466555278867777788888877
1111112233114552364445523664452236644552366677523377777788888888
1111122213122244132255443335566435557764388577643877776488888666
1122333311233435122244351122465514444655777666657778668577888888
1111222211132422133324445533446653377446577776665588778655888886
1111111233341422334444423355664273566222775566887755668877758888
1123333311223443122534441125444612255556777755667787866678888886
1111122213411422534444625333446253738662537886665777888655577788
1111111213455522334445526345552263444727633887276368877766688887
1122233312224333152244431554466317544688175556881756666877777888
1122233311112233441122234445553364445557666688576888885766877777
1122222231111242355114463355446635544776355747663377778688888886
1111111122234444522334445223666455236667555337678588376788888777
1222223311444233114422331144553361475555667775856677888866677888
1111123311452233414552334444522346555523667777286667777866888888
1112222213112422135554441335554463335544666377778666687788888877
1122222211132233111333345556344455566444755668847766688877777888
1111112211222223445255534455565347766663477668634777788348888833
1222223412233334123334441554446611577766155787661588877655888876
1112222344122233451112334515533345556777488567774888676748886666
1111223311222234112333345523644456666664555677445777777858888888
1233333412222344112223441155634471556664715555687778666877788888
1222333312233433122544441255446415555766115877768188776688887766
1223344411223334112253341622534416555774165577776665877866888888
1223333311224343112444435122264451666666516777785577878855578888
1111112213133222333344425366644255556742588867445588677788866777
1222222311112243155444431556444315666333557763885776688877776888
1111233344122223411152334445523644555236755766667777776688888888
1223333311222223111442335114466655544466555748667577886877778888
1222333311122223411523334415666644156667485557674885577748888877
1222333312443443124444331222555511677555116877756668887766688887
1112222231144422314444423155555531655788336677883666678836777788
1123333411232334122223541626555416666754168777548688775488887754
1111111213333332445533224465522246655572466857774668888746888777
1123333312222443111122431555244355667448566678485666788857777788
1122223312223334112334445116374451666744556867775668777855588888
1222222212333344153363471553664715566647115644471556877788888887
1111122213112222333444423344546633745556877775568787755688888666
1111122341411233444522336455273364452738665527886657777866578888
1111122211312222333334423355544677554446755586467778866677888886
1111112233144125333442253674222536744485367778856677885566678885
1111233311112333444223554662235546662775468827554688877546888777
1223333312224553122445331124456611447556174777568777885688888666
1111122231131242333332423556664255576444577764485776688857768888
1111223314111233544422235544442356677723566667735668877755888888
1112223451122234551223345611334456666374568663745588877488887777
1122233312223343111233441512444455566646557676665777788857788888
1123333341222233415522234115667741156677455556774886668744888887
1112222211333332133344421155444255567744556687775668887766688887
1122233311242233144422331154466315574666555748665777888657778888
1222233312222334115333441155554411665547866654478666777788888877
1222223311423335114223356144738561147885644478856667788566777855
1123334415223344152333461522224615555546117777468877877688888666
1111111233333122345533226445555266455722664777886647888864477788
1112223314444223155542331165422316654473668555736888887766887777
1111112211332222333344423344444255556666757556867577868677788888
1111222211314422333145526333445263744458667555586677777866788888
1111111234444412333544426335522266335272665557778666587788888877
1112222213111242333312445553344455636644566667775568777788888887
1122344411123444112233441225533362665773666557776655577788888888
1112222314422223114444431155664355566663775568337775683877788888
1233333312223434152224441562447715666477155666781556777815888888
1222233312223343155236431556664415566647185564471888774718888777
1122344411223344122233441152366415533666557777665887777655888888
1111222213314252133444521334455233647555666477856677788866778888
1222222314522533145555331444553617744436117888361778888677786666
1112333311223334112553441627555466275444622755846677788866778888
1111222211133422155534265535342655333446777744667877746688888886
1223333312224333121244441112554617755446777566667555686877888888
1222233311212243511142435156444355566433565674778666777788888887
1122222213234255133344551134445561334455616677776666778788888887
1122223314555223144522331455553314666663144466771888677788888777
1111122213331122333442256334442566664555677744856778888567778885
1112223311122223141243334444435345555556777566667778886677888886
1111112213312224335552243335552463665444666754886777748867778888
1111112234114225344442253466622534768885337666853777688537778855
1111122234441112334444223345555236667552336677558666877788888877
1111223341112333444123556444235566422355766625587668888877777788
1122223412212234111133345553334456567884566678845676778456777888
1111111233445512334455523334555234446662777668627877786278888862
1111222314412333144122234444562377775633775556667785556688888886
1112333311122233114442235544442355466626555576668887776788888777
1111111234412222334444423335542235556677355666678856677788888877
1122333311123443111224435552224355556744566667748888677788886677
1111123341155233415552334456623745566237446622774866287788888877
1233444412333454123364541236655512226655112786657177868877778888
1112222314122223141553331465333744655877446588774665887766658887
1112223312223333111234431552444466555447668855576888888766677777
1122222211123233145533331445355614755566447666684777868847778888
1122334415523444155233341552364411523666715228667788888677777886
1122222212233333111444435516664355166643557866445578888877777788
1111111213332222443333224443555244666655746766557777865877888888
1111222213112242133333425636344456666447566874775558777755888888
1111111122222333224444435246433355564773558667775588667788888667
1112222233122244311444443516664735166667355867773588878735558887
1222222211333234511333345111664455557664577776645787786488888864
1112222231111222333415553434465534444665378886657778886577778866
1222223314442553144422531464655311666553116766538877777388888877
1111122231131222333332425364444755666447556664775556877788888887
1111122213312224135226643355664435556774335567748886677488888774
1111111234444412356444223566666235677622355577723385587738888887
1222223415255234155552341166533416663344116773748668777488888877
1233333312233455122444451267744512667455126877751668877516688888
1112222311123333412225534166655344766553447766554777868847788888
1122222211112234115555346666553467755334678888346777833467788844
1111122211331222443556224433566644335666473555564777777788888888
1222222311111233414512334445663347556663475568684775586877778888
1111122233111242333355426335574268855742668557446888774466688777
1112333312222343155233441152444461527747665887776655877866658888
1112222211322342153333461535444615354466755584867777888677788866
1122222212233334113333441155554415566644757686647576886877778888
1112222213323442113333421556344715564447556688875568887766688777
1112222231111422355614423556664735666647358884473558874733888777
1111112341222223414225534446653346466553766685337778855877778888
1111111123333333232444442222255466777754677775546668855566888888
1222222312442333114444435116747351167773555678835556788866667888
1122223311422333514226335144466351144466577777765888778655588886
1222223311123233141233351446655514466665744768657477885577788888
1222233311223333122445361444456617745566177455861778558677888886
1122222211123444111234443333344566663555667788556777888567778885
1111122231312242313442423335444466355555677777556788877866668888
1122233412222334112555341655333416555774168877446668877466888877
1222333312222443112444335144467351116677566667785568777855588888
1112233314422333144423351464225511642657866666578888555788877777
1222334411123344122233341125663415556664557558647777886677788888
1111222213112222133344445563334456673884556778845567788856667778
1223333312334443122225441266554416665547168655771688857718888777
1112222213112242133144443335455433655574666665778688657788888777
1112222314555223145662331455623714556337146663774468888748888777
1222333312223333122445551144445617774556178745661787756688888866
1111222231112422314444253445555533466675388677753866667738888877
1111222211314422313344423334455266374755666777556677878568888885
1112333344122333411125634172256647725556477255664777858648888886
1222233311112333411222354144463544476655777776658887765588888665
1111122211314422333344256333422566644475686777756868875588887755
1222333314423533142255531422655514766685147766881476688814777788
1122223311142223144444231546677315467733556678835566788855677888
1122222211123333141235331455556344555666477776764888777644888886
1111111213444442334545523345555233656622376666227768888877777888
1111222211132242133324456377444563774545637785556367858866678888
1111222341112233441523334555263344452666747566667775588877788888
1122233411222234111552341665333466655534766655447788884877777888
1122222211133332114355321446653374465558774666587744665877788888
1112222213112424335114243655544436655554336777773667887766888888
1111111233144442333442225333442255555662757766667576688877788888
1112222233144222311455553144566531745566377447663377776688888888
1111111213334442553344225334446253666662556777625587877288888877
1122233411223344112223341156633477556664775556847758668477588888
1122222311244233112444351644333516643755866667758886777588887755
1233333412322344122223441115564417555664175755667777786688888886
1112223311222333112243331544444455546666577777865778888655788866
1222344411233444152234461552333611523766815577668885577688887776
1111111213334442535334425353642255556472866664728866777288888777
1112222211112323144443234444333355556666577586665578888677777888
1112222213224442133335441366554413366554166675587677758877788888
1111222312222433115244436154444365555733657577386777788866668888
1112222211333322144453321444553316447588667775586667755866778888
1222222211112334115333641555336477755364787756647878564488888664
1111123314444233142222231444253365555573666657776888587766888877
1222334415522334155523341155233411152644777776467878766688888866
1111111233341442344444223555552633375526777752268777666688888886
1111122211331245633222456632444563337455667774456777785568888888
1122333415522234155263341572634415726344157666641578868877778888
1233333312222243111522431155554415554444666777786677788866678888
1122333311122233122243351664444516744455667778556778885566778888
1111112233442112344422223445555536457777366588873665877736668888
1223333312224333122444451126444511666755166777756677755588888888
1233333312222233144442251666444516678845167778851677785516788855
1111222211132422155344245533344465533774656377786567778866688888
1111222233111244533312445533324456666247568666475588888758877777
1112223341523333415236634152226641555576415877764888877644888776
1122333311123343122244431122554677755546777555467878864688888666
1111233311222333112224335566244455666644577776845778768455788888
1112222211222333145553361445536614555336447888664477888677777886
1111222213322242113344441553333455556774566567748866667788888877
1122222311144223155542631544446315774663557777635877886388888663
1122223311244333122443331125466781554467855546678855666788887777
1122222212234444113334451113645577336465777366657788686578888855
1122222231111122314445553333445563344475666677758866677588888877
1112222211332332111333324555666644456666444555574888887788877777
1222222211333332415536334155566641115667444857674848576788888777
1122222211324442133445441335554613335766185557668888876688777776
1111122213312222143333256443355566447555644477756888777766688888
1112222213111442533144425533364257733644557666665778886857778888
1111222314411233142222334455556345555663477777634786666877888888
1111222211311322333333224445555644777556447777564887865688888666
1222222314442323141443331114453615555536557776668888766688887777
1111111213333422335634427556342277566422755644487556888877766888
1222333311122344112233441526364415666664555786845757888857777788
1222233311112223114155234446655346666533446755584767788877778888
1222222212113333111333435166644456677744556777745568887455688888
1112233451223344512223445111236457773364555777645887766688888866
1112222213334242113544421335464613354666555577665888877688887777
1122233311122343111223445562337456667774566778745668887455588884
1122233312212333111122435666744355667444556777845667778455888888
1112222211132224551333345613373456667774556667745568774488888884
1122222213244425133344551163444516633555166637756688887788887777
1222222213334256173345561734445617334556177744561177885688888866
1111111231455522344455523444552234666662366677723887777733888888
1222222212333444133555541355666413355674111666748888767488887777
1223333311244343122444431224555516278885166778851667778566677885
1122333341522233415562234115662341155666477756884477568847778888
1111222233311112343555524433555244637752466777774668878846668888
1222223311112234155123345551633455666634566674448888747788887777
1112233311122333112222334445556644447556488775568887775688877666
1222223312123333111233441155644755566447555666478866874788888777
1222223312242333114443356111443566717455677774556778855866688888
1122333311122233111224345552643455566444758866647578886677777888
1111222231122242311544443355664738856647388556473885666738857777
1111122311144223544422335444223355667833566678885567777856677888
1112222311124423115224436655443366544337665877376558777765888888
1223333411223334122555341225555411665644176666447777868877788888
1111111123344444233345542223355426263557266665778686857788888777
1123334412223334122223441115534451556664555776667777888677888886
1111123311212233422223334445555344467555466675776688777766888888
1122222231214442311114553336644537766445376688853776685577788885
1122222311245553612455536124575361147773664444736668877388888873
1222333412523334125223341555554411165644717666847776688877768888
1123333311222223411112234566666345556766445877774458787745588888
1111112233114442333334223566442255644772556688775568877756688887
1112344411223334112235341223355467277544677785586776855866668888
1112222311224333152244331555543617754436777544667885886677888866
1122333311122333114222356142755566447775664887756648877564488885
1111222231412552314125523444465533334655737846667778666877788888
1111122344441123455412235554223356642333556678886667777867778888
1122222211111123445555234455653347566338476666384777863847778888
1111222211122234516233345666333456666344577744485557788857778888
1222344412533334125533341225554412556647166666671188877788888777
1123334412233344122335441255556412255764188757661887776688887766
1111222233122422311144443555666435577644355766883357668877778888
1112222211333422155334421153344465534477665887776558888766668877
1222334411123344151223345511223465557834657778846566778866677888
1111111122333344233354442236555422265544666675578668777788888877
1222222211333332144453361444553611745556177456667777566878888888
1122223311122433112244331555543655777436577784465778846688888666
1122223412223334111233445155634451576384555766847777688877666888
1222333311223343112223451664444511674745666777556777885568888885
1111222231114422315442263555466633544467385556673888886738877777
1222233311242233114442335111444355566747588667775886666755888877
1111111233341442334444423555555233665522666677728886677288888777
1223333312223345126643451266444512666455117684587177855877778888
1222233312242333121443351111444566667745667778456778785568888855
1222233311112223114523331445666344555667488556674485776788888777
1111222233311122333341526344475264444755677777586768555866688888
1111123314412223544123335442263357472666574788865777788655588866
1111111122222334222333345563444455636747556667475668777758888888
1111123341222223412233334155355644455556477766664788888677778886
1111222231144225314442253146446533766665377766553777855837888888
1233333412255534112225341625553416257784166778841667784466778888
1222222312444443124555431146655317776553176665331778663877888888
1111112231144225334422553444226537748665377886553778866537788866
1112233312222233112444331564447315664477556688875666887755588877
1122222211112333411526334455663344455663455576684777786877788888
1122234412232344152333441523344615776666157766681557777855888888
1111222211122232144433354466635544666355747683557776835877788888
1123334412222334112533341225664411556644555667775866887788888777
1112233311123334112235346672255466772544677855446678554867788888
1111222211113322455332264555333644555636477776664478786847788888
1123444412235454122354541233555512336666127368661778888677777888
1111112233444122355541223554446233554662733586667777868677788888
1222222211111233415155534455565344447663487777638887776388886663
1111112213334222134442523346445236664555366775558667777788888887
1111233312222333112422351444463574466655746655587667858877778888
1122333311222343512223445111634455566664557678645777786477888888
1111122344111223544442235466422357766833577668835777668355578888
1223333412333444122234441112245516777555166877756668877566888885
1222222312133333121434351114444566647455666675586777755877888888
1112233311122344511233445222344655553466775584667778886677788886
1112233311122333144422531462255344667755846667758466777588888875
1222333312222233114444331114444516678555666788556677888567777885
1222222211111332444115334446553344665337866555578866677788888777
1222334412233345123344451223464516666655167788551677885817777888
1222222213334442113344551163475511634755666347586777775866888888
1222222312124433111445331144553674455536777755367787866688888866
1111111213322222332244443444455533366575888655758666667788887777
1222222311212433511144335144443655477336557777665887766658888886
1111222341112233415222534455555344566773448667338888677788866677
1111122213311242533334425336442256664447566677775556887758888887
1233333412222334125556341256664412564447185667771855687718888877
1222222211233333111133445516344755666647558644475586677788888877
1111122213333332114443325544662275446662754588667555886877777888
1111222211112332444223334445553346665553466665778888657788887777
1112222311223333412235334115555546667755466678884467777844678888
1112223311222233411525534145555344444563778886637888886677777666
1122222311233233412533364115555644155566447776684777668847788888
1122222211232444113335461135554633354446755566667778868877778888
1112222211223332144435551444336517443365778886657778866577888665
1111112233331122433355224355522644455666774566867447688877778888
1111222311122223441255534655565346666653477767834477778348888883
1223344412333344122335441222554611155556717858667778886677788866
1122233311244443122244331152647315586473558866775888666755886777
1112222312224433144243351144463517777635778886357886665578886655
1222222311224443111444431564677315666673855566738855577388888773
1122333311122333122244431255464417556644775586667558866877778888
1112222211133324115332246655334465557374665577746888887466888774
1112222213124242133344441133445673355556777785567887856678888666
1112233311123343112234456222344566644455677555586677888867777888
1112222211332242111333445333666455556674855567748886674488887777
1111111233333212334442223544426655554266577746685578866877778888
1112223311122234155223341553334465577444657778846567778866668888
1122233412223334112553441125533415555664777776447877666688888886
1111112233333122344441223344442255556666777568867775558677888886
1122222231112444331124456331444566377555633775856777888566678888
1222344412223444112234451113355567133885677388556677788566667788
1111122213222224133333341355555466778544677785546767884466678888
1122223311222333411233354115555544465757884667778448676788886667
1111111233314222553444425334422253346788556667885567777866677888
1122333311122234511233345152264455577664577786445788866477888866
1233333312224335124246551242465511444655176666651788888877777788
1223333314233553142222551442555516444788166747881677778816666788
1111122211331222445332264453333645555566457777764477788688888866
1222222213333332111344445113444651774866577788665757866655578888
1111111233334412344442223335422655554626557776665777886677888888
1111222341552223411522334155553346665337466677774486677748888888
1122233311112223114442235554443355566443557766668777777688888886
1233333312234443112245441112255416772854667788556677788566678885
1222222212344444113434541133355617733556178885667777856678888566
1222222211233445111333451133344567744455677778856776885566668888
1111111122333444255334442533346425666666256777772555878728888887
1111222311112423566624435656243355562443757668437577884377788888
1111112231142222333456623444556237444566377555663777858677888888
1111122211313222433332254444335546475555466788856667778866777888
1111223344412223444122234451163377566683775568837775688875556688
1111222231144222331142553334444536677455366788556667885867777888
1112223311222243111442435567444355677473566677735666878355888888
1122222311233333122443341154444416555577665588876658878766688777
1111222213114222133544426335544763554477633588876655888766688777
1112333341123353411266534172665547722655477826654778286544788888
1111122213122242133244445533444653377766537777665578888655888866
1112333311222333112244351662245576444445766668557677885577788888
1111112233144442331455223344455233655522666675776886777768888887
1112223314111233441522364555223645777836457788364577886645788866
1122222311124233511244435514444356666733566877735668887755888877
1111122231311222333345223644455736485557664885776648857766488877
1112222314125333441253634112536347725566477556684777566847888888
1111222233114522331145623444456234745566377556663775888677788888
1222223312142233111443331155436677544466775546687555866877788888
1111112213331422556334425563447255633472586644725866677788888877
1111123341152223451522334555223645777336457888664478888647778666
1122333341222355412263354112663541176655447776854478668577788888
1223334412533444125334461255364612566666125577771285788718888877
1112223344122335441223554111235544667335646777556666877788888887
1111112231144452336444523366455233364552766688527768885277777888
1122222311122233411153334455563347756668447566884475566877778888
1223344412233344122553341122534416755588167575881677777866666888
1111112233112224333525243365552436657774666557748667774488888884
1233333312435553124455551244466512466666124677771228887718888877
1122222211132444131324546313555463337754677778546767885566688888
1122222211133322141355554413333544666665477868654778886547777888
1112233312222443112524331555544316554473665884776688777766688887
1112222213112224536116445366666453367744553337445588777758888887
1222222311223333114435361144355617744556778455667784586677888886
1111122231411225334422253346666533466775344667758488875588887775
1111112231412222344442253434455533335555666666676888887788877777
1111233311222333412523364155266644452676455557764877777648888888
1111222233312242311144423554464635574666357777863587778655888886
1112233311112233144422335544263755442677555466678586667788888877
1222222211133233141133351444443566666445777666557777888578888855
1222222311124233114445531444555314655733666577736667787768888888
1111222211312222133334443355545436665554667785846677888467777888
1122333311222343111233445512444456624777556677875667788855668888
1111122233331222333411223444555544446665777776657888776588888665
1112233311122223144225331466655344656573466555774468777788888887
1222223312224333111144431566444315674883556778885666788855567777
1222222211133342133353441365544416665544166675587677785877788888
1122333311122344122233341125554466665447655554776688777768888887
1222333312222443121144331115444355554677556566678866677788888877
1112333312224443122254331112544365555544656778886667888866777778
1122222311124233514442335114467355446673555667738586667788888877
1112222311122233144442531645555366444553667888536678788367777788
1111222213112452134444523366445233666455366675583777758877788888
1222222211112333411153634444566374445563777555637785866677888888
1112222213323242113334441553366417555664777566647755886477888888
1111122233331222334411223344444455566678566677785567778855678888
1111122211333322133432254444325544645555666788856667878867777788
1111111123333344235544442355446623557776222577762885877688888666
1122222211122344115533441555366455733364577736648877776488888866
1112223311142233114442334445523345555266757576667777788688888866
1112222211332444133224441133334455556777855566678588867788866677
1122222341122233441133334441155346465577666657778665557788888887
1111223341122223415262334156663345576638445776684557888845777788
1112222213323224113333441555344415666664557676845777768857788888
1222233311142233141423351444235514666665746788857667855577778888
1112222211344242113344421334455533677755636677756668787568888885
1111112314552123445222234556623345667337456677374566877748888888
1111122211122222344444553344555533467575366677783666777836888888
1112222341111223414522634445556374885563748855637888866377777663
1122333311222435122444351244433511467755666675556688777768888887
1123334411222344111223441556233455562634575666885777668877778888
1111112311222223442442334444333567777355667885556777858566668888
1111112213331442333334225555442256755442567774886667888866677788
1111222211112332444225334444455366677753667777536678555368888888
1222233412223334152663341555663415576664155788641777884417778888
1122222231112425331444553114444533336775888667558886675788666777
1111112234151552344555523344562234446662337777623778666877888888
1123333311223344112235461125554677225446778854467778556678888866
1223333312223443152254431525544415556477166667771688878716688887
1112223312223333122445351144653514466555446667758866777788888877
1112222211123324511333245553334455566447566664476677777788888888
1111122233312242333112423566664435555664777566847775588477888884
1122223311122223451113334555553645577736477766664487788644888886
1112222312224433111243331544443355546677555866778858666788886777
1111111233334412333444223554646277546662755556627758868277788888
1222222311111123444413234445533364557773655577776665788866688888
1123333311233344112224441152246455526664577786665778886855777888
1111222233111222433315624333556644555666445776684757888847777888
1111112213333124533222245332444455667488556774885566788866677778
1111112231422222314445263333456637834556778844567888855677778566
1111222211333332411353224466537244465577446685578666855788888777
1111112231132222333332456666324567766645887777458774444588888555
1112223311124223512243335155466355544463578484667788886677777886
1111233412222344155233341152233466555554667777746677878466888888
1222333311122443511244435112443356627488566677885666777855577888
1111112213333122433335524555555246666622446677884446788877777888
1111112233131222433352264433525644755556477776564787866647888888
1112222213344242113444421335466613557666335577768855577688888877
1111222213412252134145523344455533344556737666667776886877788888
1222334411222344112523341155334461553774655888776658888766668777
1112222314225333142253361455536614445366174558667748886877777888
1122223312222333144444431114554316777553666785556677888566778888
1111222213333342111334425563642255666477588864475888664755887777
1222233411222344516233445163337451666774511867745558667758888887
1111222311222333112233445555336456666664577768445578884477778888
1122223341223223411533334415555541166655476686664777888847777888
1112223311122433115224336555243365758444657784486567888866677778
1222222311111323415153234455533346655777446577874667788846668888
1222333312223443112234536111145566666455777664857788448577788885
1112233311223333112234445122666455566444556677745568787788888877
1123333311224443115222431555224315667744556667745866677788888887
1112222231111244335152243555555433336644776666847668888477777888
1111112231133322333342225555426657754446557784467777846688888866
1123333312223444125236641255364412566647115668475558887788887777
1112223341222233415523334155553641157566477776664887778644888886
1122333411223334112253446125537461257774655577846567788466688888
1111111122333344233344442234455522675588266755886667588866777778
1111111233331222435322224453666645535666475556884777777844788888
1111111233314422344444223334552236665572665555776888777766888887
1111222213145222134452551364555533644477336488873668888766687777
1222344412223344122533341555336415557764185776661888776618888776
1123333412223354122233541126655411666554766785547677888477788884
1122234411233334512223445111233455666644566766885777777855788888
1112222312224523164445531667445316774453167775536667785388888883
1123333312224433122544361125444611255466775555667888888677777886
1112233311422233514223335144266651446666544776885577777855788888
1112222231114222331144443335446437756666375566887775688877555888
1111223344122223441525234415555344166533776665387667688877778888
1111222231442225311444253314445533335555667777776666678768888888
1112222213124225131444551334455563345577663477776638787866688888
1111111213332222333422524334555544446655477666857776688877768888
1111122344512233445122334451223364557738645777886556778866667888
1111122231132224313322443335555466556544766665847688888477777788
1222222311244323114433331144355516455575664588776688877766688877
1111112234411222334444225344662753386667533886675558867755888777
1233333312223443122224551116644511667445866774758866777588888755
1112222231122442315555463115444633554466735666687337788877778888
1122344411123444511236645512336455223367582883675888666758877777
1112233311122334122223341566773455667774566677445586784455888888
1111111213444442334455423355522233355262777577668877766688888866
1112222211133322441133324445536674485366748855667778555677788886
1223333412234444112334541122355411625555666778856667778867778888
1111112211222222333455553644455536647758364477783647787836668888
1111111123333444255364442533646425536667255667772587778722888888
1223333311223343112222441115666455556644557666845777788477788888
1222222213333342135344441153454411555566175666687766888877777888
1111122341521233415222634452666345555663457776334478768877788888
1222222311242433114444331114545366555553666657736877777768888888
1222222211333324111113345566334455567448565674485666788877777888
1112233311222343512243435112444356677448556677885666788855677788
1122333311224333511244435162247751624477556848775668888755666887
1222222311112243154114436544443365557337665577376685877766888888
1111222211133222133333425534444655777746555874468588777688886666
1122333311122333114222231544444455664666577666885777788855577888
1111111122222344552333345223344455534467558666678886766788887777
1111112213314522334445526345555263447752633477726666777868888888
1111122231141222334442423333444567735555677788556667785866678888
1111222211132322441323554443336547866365478866654778886577778855
1111222233114452311444523344555263475552637777786376788866668888
1112222211223324133334441335444615554666557777665778866857788888
1223333411235534112355341122555416622544667774486667888867777888
1111122231112244355552243355662437566644375786443777866837788888
1122233411223344122553341125533461657774666557446885777766888888
1111222231311244313522443335244436555574666557776666877788888887
1222223312112233111144435555443366574443665777776558888766688887
1111222211122233144442354463333546635555476668857766888577777888
1222233314422353114233556142375561477775614888756144877566668888
1122222231455522314455663114556631145776338447763888476638888777
1222222211123333144435631145556314455663747566687475868877778888
1222333312223443122444331114544678115556788885667888555677777666
1112333311223444122234451622344516673455666785557667888577778888
1111233341122333412253534122555544255666447888664777888677778866
1111223311412333144222334442255344555556778588867788886677776666
1222223311122333411233354155555541446665444766887777688877766888
1112334511123445116234457762334576622345766623457776285578888888
1111122231444422314554223145552633477556833775668388776688887766
1112233311123333122245531266455572664555766444447668888877777888
1112333312223433122224431155664715556447855664478858666788887777
1112233341123355412233354112266544426655774466557778668877788888
1122222211132444511323445163333455637744566887775666878755688887
1111223341222233412255534115553344656537466666774467777788888888
1111122213411442334444223333455236677552667775556677788566888888
1111222211133222413355524336775543366755466667754888687744488887
1222333412223444122333341156644411567778515678785556787856667888
1112223311222443122444331154433366554777655557876657778866688888
1112233314442223144422531146255317466533777655887766588877665888
1122222211133342133355421366654413666554777665548777775488888884
1122222211233244113333441135354466755584677775846767558866678888
1112222211333242113554426133554467733584667755846777758466688888
1111111233322212333442225533446657774666577746665577448855888888
1223334412223344121233451112344516666645667775556888775588888777
1122223314422233114233351444355511644775666667556888675788888777
1111122311452223414522334445253344655533666758886667888867777778
1223333412222344112233341111555466655444666578886655788877777788
1122233311233344122233541125555416667554668877546688774468888777
1111122211122233442233335444444355556663577777665777866658888888
1122333341222233411253364112577644185776448857764885576688855766
1111122341511523445555234444552364777723668772236688773366688888
1111112233141222334455623334576234445762848557668885577688877766
1222222213333342111334451664345516644475167777756677885568888885
1223333312244333125444461254466612566667125588871558877715888777
1111111123333333232444452224444562267555666677558866777588888877
1222222212113333111134435566364356666644577774445587777855888888
1122333311123334112234445122644455526774588667775886666755888877
1112222311124233551142235564433356664473556647775668477788888887
1222222211134424115334441553334415556377655663776666877788888887
1222233412223344112534441555336415557364115778667777888678888666
1122222231144422311154663515547635555476338844763888877638877766
1111222213333322113432256134755566647775664487756448877564888885
1111112231144222344422253334666537446865378888653788866577777555
1112233341122233412223354166663541676555466775884447855877778888
1123333312222333114422251146655514446755884467758888677588666777
1111122314422233114423335444233655542666577776665777868855788888
1223333411222234122533341115444466157774666577886655788865577888
1122333311123344122233441526667415266674555566748558877488888777
1122222341555523411155234161552344666673486776734867777348888883
1111222213411252334412523344455536644755368887573688877766668877
1112333311222344112223441552334455566447556666678586877788888777
1112233311112333144422334445522644555526777765567888666677788888
1111222211132224513324445563334756663347586666475888874755888777
1222333411253334122535341225555411154444667788886667777866677888
1122222231111124335155243655577436557774366677743386664488888884
1112222314222553142455531444556314475663188777638887766388877663
1222222213333332111113341555554466666544676765447777854877888888
1122222312244443112546437155564371175643777756638887556388888663
1122222213333322111343441153444655544766555777768577876688888866
1112222344112233441523364415273644157736855557368888576688877766
1112234412223334112235346127353461777554677877546888885466668855
1111122233311122443333224444355246677755467767758666675588888885
1112333412223334111233445152444655522466578886665778888657777786
1222344412233344152234461552364615533666157766881577778815778888
1122222312244423111144435166644356677333556678835567788855777888
1111222211134422153342245533444465533377655588876688877766668877
1222223311224243511444435114466351666673566777735577888355788888
1112222344125523441255534612573346155773461777834667878366688888
1222333311233344122243441552444611556666717558867775888677758886
1222222311233333112453536114555566147755644447776648877766888888
1111122211132242553334425677334256677348567773485666744855688888
1112222211133242153332461534444655334766577747665557776688888888
1111122341112233442223335442336654476666547776765558777855888888
1222222211333332143455331444555511644457816666578866677788888777
1122222341112223441333335411663654444666557778665777788855578888
1222233311112343151223435516264355566644775686487756844877778888
1111222211322442113333425666374456663774556637745588887455888877
1111111122223333422225534666753346677553466675584477785844788888
1112222211333322143435521444355617743566777445568777856688888866
1111112213334222134444523344555236455552366677886667788867777888
1112223311112334512223445526633456666344555768445777688877778888
1112223314442223144422331144553315555553666678886777777866678888
1222233311222333111423351644444516647455667775586778755866788888
1111222211314252313342523334455563447755644777756688887766668888
1111112213341442334444423355522263775552636777556667877866888888
1111222314112333441223335466223754666777544466775588677855588888
1112222213442562133425661344456613475568134758687337586877775888
1112334411123444152234441523336655237776522887765588777658888666
1111122211222233145523334445553644456336475566667788886877777888
1111111122223333422233534442365547444665777776657887866588888655
1111123314441223145442336455423366552223655777776577888866678888
1111223314442333142222531466625314466653774765557777655878888888
1111222211322332113333324444444455555666775556667778886677788888
1123333311224433111244431522264455266664577776665777888855578888
1111223314112223144445236677452367774523677745536665558368888888
1222233314423355114233351642255516447775164478851666788866777888
1122233341222223411153334155555341567858444678886466777866677788
1111222314412223114425236674455366774453667778536778885368888553
1111123314412223544162235444622355466663578886635777888355777788
1112333311423335114222351444622544776625477766658877766588888855
1112222311124223511443235554433365544738655747786667778866678888
1112222233145522311445523311445633774456837774568877765688888666
1112222212223344133334451364447513647775166667558886677588888755
1222223314455223144452331455533614557366148876661188766788887777
1112222213144422133454421135564433355666737755567778886677888886
1223444412234344123333341222555511667555116777756668777866888888
1222222211113425113334451334444533647755666687758666877588888775
1123333311223443111224435122446655277446557776665777888655888886
1112223311124243515244435152243355566473588864738888677786666777
1111111123333444232234552226345527763455776684857666848577768888
1111112341415523444452234455522366655223766668837677888377778883
1111111233332122344422253644452536475555364775886677888866677788
1111222231312242333124443351446473554666755558867758886677778886
1122233314222333144422331454667715544667115666675555888788888777
1122222311222333111443331444555366645755666457756884777768888887
1122222312244233144455631774456311774563177885638778556388885666
1222222311111223114455334444553366445573688857736688577766688877
1222333312333444122234451124446511177665777766558877866588888655
1122233312222344155233441155334415566644157766667577868877788888
1122233311122333112243351662444577666645777644457876855578888885
1111112231144222335422263754466637554446375588863755886637777888
1112222231111122334444423334455536647775366687756686875588888775
1222222211123333111444431554454365555543677777736677888866668888
1222222311112443115124436555444366555543667773336667777788888888
1223333411233344512263445112677451126674588266745586687755888877
1222222314442533146625531446665314766553147768531177885377788888
1112223314115223145552231455552344444333666666676887777788888877
1122333311223343111222431552444655444666557778665578788677788886
1111222211122333441224335444443355555636577586667788888677778866
1222333412223344152233341555554415566647111866478888666788877777
1111222311222323112333334556667745556777455568774466687844488888
1122222211324244133444451134555561375755633777786366877866688888
1222222311224443114444431115333366555537665777776558778866688888
1111122211312222333324443555546435744466357666685577886877778888
1111122231114222344445223344455536677555366678853677778836678888
1122233311112443511622435556624355566243576688437768884477777888
1222222212111333111333435555554366785544667888446677788466777884
1111112233341222344412523455555234455677334666778866867788888677
1112222211324552133244551344446513377465833776658888776588877666
1122233311222334152666341526633415576664157744445557888877778888
1112222233112444331224543311445433677555666677756668887588888775
1122233312223343125536431256664411564447155677475566877788888887
1122233311223334122534441625354416655574166657748686577788888877
1111222213332242111334425555334456666347558864475888677788866777
1222222211133332141143551444435564674335666775556887777766888888
1112222344152523411555234115552344446663777668637788886377788863
1112223311222334512263345116633455556664577568647777788478888844
1111122213411225334422553444255637745566377456663788886637778888
1111122211132242333333425366644255656644755568447775688877778888
1112222311442223114444231445555366665553677658836788888367777783
1111233341222333412223354116255547766655477776554787866644888888
1123333311233324152222241555554411556674666666748887777488888774
1223333312444333122244551672244516778845167788551677785516666888
1111123341552223411552234555623344566233466678884766778847777888
1111123314511233645522736445527364555273644422736888877766688887
1122233312242233111423331554466615446676555476765584777788888887
1122222211233442111534446155344466533378665737786657777865588888
1111222311122333122233456663344576666645777744457878455578888885
1111222211314442133445623344556273455862737558667378586677788886
1123333311223445111233456612444566624775866247758682777588888755
1112222211332242113344445133364755366647556667475888677755888887
1123333411222334122255341125543461555444667758886667777866778888
1111233314422233145552331445226314755266747556667478668877788888
