122223111223114433554336554466554666
111222113422313442333444555666555666
112233111223441253466253446553466655
111233144223114423556423556423556666
111222311122334452364455366445366655
111123142223144233444233555556566666
122223144223154463154463155663155663
111222113322133324556344566664555644
122222123334113334115544666544666555
123333123344122244155244155666155666
111111223334255334255344255446266666
122223111223415553415533444563466666
112222113452133452134455334455666666
112333122443122243155443155646556666
123333122223124443114455614555666665
112222112332133344153444555564566666
111223122233112334566344566664555544
123333122234122534116554616544666554
122222113342133444135454135555666666
111122131422533442533462534466555666
112222111332414332444533455555666666
122223124233144533145563145566145666
122333112233412235411555446655446666
112333112233411223444525644555666665
112223112233145233145553444455666666
111112132222333442553346554446556666
122333112344122334112564555564566664
111112133332443562443562455562456662
112222134442133342153346155546556666
112233111223142243544443555553666666
111223412233412233415553445666455666
122223111233114233554443566644555666
111222111222344444334566355566335566
111223111223444423454523555533666666
112223122233111443554443555643566666
112223112223411433444433555555666666
111233141223541423544423556623556666
111122113332333442555542566642566644
111112132222334452364455364455366665
112233112233112233444556455556446666
111222131122333424355444355664556666
111111222222334556334566334556444566
111122112222334445334445366655366655
111112133222433332445552455566446666
122222113324113444513344553666555666
111222111233452233455536445636445666
111223144253142253146253446653666553
111122333122453122453366455556444666
122222134442135544135664135566133566
111222112232143333444453666455666555
111111222334233344235554265554666664
122222123334133444113554155554666666
122223124333124533114555164445666665
111122134142334442533342556662555666
123333123344124444122255166665166555
111112133332435322445226445566455666
111122312224312444333454635555666665
122222121334111344555334556364566664
111111222333422353424355444655666665
111111222223455623455663455663444633
112222311224315444315446355566335666
111123122223142433544433545666555666
123333122433124455124465124665166655
111122313122333224355544555644666664
111122133332144322554326554446556666
111122311222344442355544356556336666
111222133322113332455555444465466666
122223122443114453144553166553666653
122222133324113344155344156646555666
111223122233112333445555444565466666
111222331222331144335554665554666644
111111233334223344255664225644555666
122223122333144335145555146665144666
122222111132415533445553466653446663
111222133324113324563624566664555544
122222111324151334555344565334666664
111122122223144443554663554633556663
111122112222333333445556455656444666
111111233344234444233566222566555566
122233122233144553144553145566146666
111222133222113455633445634445666655
112222133442113342515344555364566666
122222123444133454135554135666135666
111233412233411253442253446555666665
122222133324156334156344156664155564
111112331222433252443355446655466665
122333122223111433154444555664556666
112222133224135554135544133564666664
112223144223114423155433555463566666
111222111322445332455633445663455666
111222113422153442553444553336566666
111222112223144533445553644653666653
111233141223144223444253665553666655
111112341442344452333552663552666652
111223415523415523416523466523446663
111222134222134445134645336665366555
112223412223411153444553645553666663
112222311422311455364445366645336655
111233111223452223455533444556466666
123334123344123554125544125566126666
111122133322134422534466535446555666
111123144423142223544263555563566663
111122333112334422344442566666555556
112223111123444223544663554663555663
111122113322333425663425644455666455
112222134422134555134556134566334666
112222111122334445334445633655666655
111112333122333224555524566664566444
122222132444133344115334515666555666
123334122344112334122554155554666666
112222134442133342153346155646555666
112222112332413333415566444566455566
111222131122333425334445664455666655
122222112333114333514466554466555466
111122333112433352455552445662446666
112222311422314444315546335666355566
111111223333222344525344555544666666
122233122334112334154444155566556666
111223122233114233444553644555666665
111112344412344552334522355562366666
111222111232444532455533445533666666
111222331122431552433566443566445566
111122313124333324555624556624566644
111222331124351224355664356664355644
111111223444233344223354626555666655
111111233333222443524446524666555566
122222113324111334555344566364556664
111223441233411233444223555566556666
112222111122344444335466335556355666
122223111423155423155443556643666643
111111223444233454233455236555266666
122222133332134345144445166555166665
122233112233412553416653416655444665
111222331142355142355442356644356666
112223122443124433114453665553666655
112222112332144435143335445555666666
112222122344115344155334553364566666
111122334122334142534442536666555566
111122134122334422333444555555666666
122333112223114423144453646555666655
112222113244133245163345663445666555
122333112334122234115544555544666666
122222113332144433114553664455666655
122223142243144443155553165533166666
112233112223145623145633445666445556
111112331342533342556442566642556642
112223112333122433154444555466556666
111122331142334442534642535662555666
111122112222345566344556334556334466
122333142533142553142556142566144666
112333122234112334512444556664555666
122223122333114443115543555544666666
111111222223244333554436544636555666
111122113322333442344452646655666555
123445123345123445123345126655126666
122223112333112443144443555666555666
111122113222443235463335466655446655
111123122223144233445553466653466655
111223114223144223444333555555666666
122222111112344455346455336465336665
122233112223144443115443555663556666
122233123334122434115444165555666665
122333122433112443512644516664555566
112222113224153444153344553366556666
122222111332113344553346554446556666
112234111234512234552634566634556634
111122131222333244553364566664555644
123333123443122244112544155566556666
112223145523145523146523146563446663
112222113332144352144355644355666665
111222112232144533445553446653666653
111122334122334152344552364455666665
111222131442134442333452636555666655
111112344412344552345552333562666662
112233112223412533415553444455666666
122222112333114343144443566666555556
111112314422334222344556345566355666
111112312222332444334454355555666666
111222131222331444355664335644555666
123344123334123544122554112655666665
111111233333234455244655244665226665
111111233344223344522364526664555566
123344122344123344123556125566155666
111111223333244433222444555666555666
112223144423114423516423566663555563
111112333312444322454362456662555566
112222111122334444334455366555366665
111112134422334442333542555562566666
111222111222333344535344555564666664
112333112334152234152244556644556666
112222132244133334135664155664555664
111222311224315244335544355564366666
122223122333144443145543116555666665
111222133322143325143455644455666665
111112333312334422444552646552666655
112222312425311445331445336645666655
111122112222334444333354555554666666
122223111123144423554663544633555666
111122122223144333544663554463555666
122334122334122334115544155664556666
111122133122333442355642555644566664
122222133244113344511334555564566666
111123455123445123455223465263466663
122223144523114523144553164553666663
122222123444133544135554136556136666
111222133442113442553642553646553666
122344122344122334115364515366555666
111112331222344242334445366555666655
111223412223411523444533646553666655
112333112333112224555524655644666644
111222311422313452333455664445666655
122233112334122344115364555664556664
111222312224315444315544366555336666
111222113224153324555334665534666644
122222133342135544135444135556166666
122333122333122455114445614645666655
111112333122433322444452466555666655
123333123344122254166254116554666554
122345123345123445123465123465166665
112222112342133344153446553646555666
122222111132415333445563455663445666
111111222345222345633345636445666455
123334122234125534125534115564666664
111111234444233334235554255656226666
111222331112333342555442554446566666
111122113322443332453662455566445566
111111233334233544222544626554666655
111111223444253444253333255556266666
122222111132133334555344565444566666
112233111223441233444235646555666655
112233112333142223145555445656446666
122333122333122445144445115555666666
111233112223144223544433546666555566
122233122333112443511644566664555564
112223112233144233144443555566556666
122333122234125534155634155644166664
122222111123144533445533455663456666
122344112334122344152346155366555666
111233122233114223444443555555666666
111222131122333332445555444455666666
111112331222344422344555346665366655
111122133224133224533644556644555666
112233111223415223445553466553446666
112222113223113333444455465555466666
122233111234112234556334566644555664
111122314122354426355426335446355666
122223121323111333455555466665444466
111122131222333245344445364655666655
112344122334122334112534666554666555
111222133244113224533664535664555664
111123145523144523644523664523666523
111222113332414332444432555566556666
122233112223111433554436544466555666
122223112333112334514444566664555566
112222133322114333154666554446555466
111222311124355524355624356664336644
111222134442134452133452336555666665
122222123333144453144453165555166666
111123122223144233444433556666555566
111112333122433322444452666455666555
111112331222433225433555444455666666
111112312222334425334445636645666555
111112313322333422444425646555666655
122222111233141433544436555436556666
122333122334125434125444155566156666
122344122334112334112354665554666655
111123144123544423555423566623566623
112223114223114233544436545636555666
112222133332111432544436555446556666
111111222333422355423355446655446666
122233121233111243556443556444556666
122333112243122443154443155666555666
122222113324153334153664155644556664
111222111222333344555334565644566664
111223411223415523445523465533466666
111111222222333445344445336555666665
111111222223444423544333556636555666
122334122334122334155664155664155664
112233112333112434522444556664555666
112222133332113432514444555646556666
111122311222333442353446555446556666
111222111222344555334445336455366666
111111223334225344225364555364566664
111111222333242353442356455556446666
122222123445133455133445113465666665
112333122334112234155244655554666664
111112344412345442355522356562336666
122234112234511234513334555644566666
111122314125344225344425333665666655
111112122222334555344445366455336666
112233122233111233445555446565446666
111112132222333425334455444555666666
111112331422333422355442555644566666
122222123333113444113544555546566666
112223112423112443564443566663555563
111222113222133344556334556444556666
112223112333142253144453644655666655
111123411223422233445533466555466665
122222113324513344516334516664555664
111222112233142533644553644453666655
111111223334233544235544265554266666
111111223333233444225466255446555666
112223411233415236415236455536445666
111222131244331224356664356564355564
122222111123441533445553465563466663
122222111132451536455536453336444666
111112314442334442356222356666355556
111223111233422233444435466555666655
111112334512344522344552334552666666
112222111132444532455533466553466663
111122312224315264355664355644335664
112222111223133333455555456666444466
122222134442133345136445136555166665
111122312222314444335664335664555566
122233122233144433114555144565666665
112333112234112334552244566644555666
122234122234113334513664515644555666
111111222333423355426355426665444665
111122333112334422344525446555666665
111222113222133444533664535644555666
111112133332435532455562444562466662
111222112223144433445663455663555663
112222133244113244133344566666555556
122333122233124453144655144665166655
111222311452341452344452366655336665
111123122223124443555433566443556666
123334123334122544122554155564166666
111123112223455233455236455636444666
111122113442333342355542556442566666
111111233333222443244455246665666555
111122333112344222354666354446555566
111112314222334252344655346665346655
122223124333124453144553164555166666
122223111233415236415536455536444666
111222133232143332144555445565466666
123333123344124444122555162665166655
122223122433114443115443555663556666
112233122233124443155463154466555666
122223144223154433154433155566156666
112222113322413333415566445566445566
112222132244133444153466153366555566
111111223334233344222444555666555666
111111222223444423554433555663566663
123334122334122534125544155564166666
111112331222344252345556345566344666
112344122334122344152334155566556666
111111223333244536244536245566245566
112223122243115443155643555643666643
122233122453126453166453166453164455
112222314425314425316455316455336666
112222113342133542133544555564666664
112233112233122443155643555644566664
111123112223455223455553446663446663
111233112234122234555534665534666644
122234125234125334155334155664166664
122223144223114433511443555553666666
111222314422314425316445336655366655
122222133342133444135445165555166666
111222111223445253445553466533466663
111112134422334442354522355556366666
122222133332134435144445116655666655
123444123454123455123555123666123666
122333112223145263145563144566445566
122223121233111334555634556644566644
111122134222134525334555364445366666
112333112333412222415556445556446666
112222132444132444133335166555666655
122233122333112435611445664445666555
122223112233114453166453664453664555
111222133224113244533444535666555666
112222311122334155344555334445666666
111111222222333334555434565444566666
111122333142333142555542566542666644
111123114423554223544223554663566663
122344122334122354113354616554666655
111112344122334222334445366555666655
112222113224113344533664535664555664
112222311122333144335444555646556666
111233111233442253422553455566446666
111222112223145533445663455633445666
111112133342533442536442556462556662
111112133332443532455522444552666666
122334122234112334511364566664555564
112222311224311544366554336654366554
122233123334122534115554166554666644
111222131224133244533644553646555666
111112331452344452344552366652366652
122222134442133344133546155556156666
111111222344223334233444555555666666
111222133422133452133455666455666445
111222113242153342553444533466556666
122222113323411333415666455556444566
112333122333142225146555146665444665
122233111223144233144443566666555556
112222111232143333544443555646556666
111111233344233344255446255566225666
112222113322113445663445633445666555
112223144223114233514336554466555666
123333123443122444122455165555166666
111122132224132444335664335664555566
112222111342133342553446553446556666
111222122233113333445666445566445556
111222112234153234553334555644666664
122222111332441333441356455556456666
122222123334111134555334555444666666
111111222344223344526334556634555666
122223122453114453114553644553666663
112333122233142253144556145566445666
111122333122345122345566345566444566
111111222233455223455663445663445663
111122331452341452344452336652666655
111111222233444233444253666553666555
111122333112433322455562455566444666
111111222222333344354444355555666666
122222112333144335164435166445666555
111223441123444123546223556633555666
112223111223144423554663554663554663
112333412223412533412556415566445666
122222123333145553144653144655146666
111222113242133442553344553664556666
112222111332133332444456455556456666
122223122333111433155444555664566664
111122313142333342554442554662556666
111112333312433522444522464555666665
111222131442134442333542636555666655
112223111223144253644453666453665553
111111234444233334222234555555666666
111111233334223344225664525644555666
112222133224133554136654136554666544
111123122223124333544443556646555666
112223112223415333415553444455666666
111223122223114443444563555563566663
112223122333124435114435664455666655
111222111222334555344655334656344666
122234122234111134553334555644566666
111112333122332224344444566666555556
112222112234115534665534665334665344
122222111132133333445666445566445556
111122113322443225443335465555466666
111112333312343552446652466552446652
112223122233111334555434565444566666
111122113322444332455332455666455666
111112344142334442533622535662555666
111122132224132544333554635554666664
112333142253142553142553142566446666
122333122223114433154466155466555466
112222311112334442355444355556366666
122222132444133345136345166645166555
111112331422344452364452366552366655
122223122433111453661453664453664555
112223111233414223444533465555666665
122222134442133344113554613655666655
111233112233122334552444555464566666
122233111223411523455553445663446666
112344112344112344522336525636555666
111222311122333442355544356446556666
122223144223114443155543165553666663
111223411223415223445533455636456666
111223412233412235416335446655466655
112222311422331444351464355666355566
123333123434122444112545162555666665
111222113322133342553446554466554666
111111222223442553455533445663466663
111222312224311544335544335554666666
122344123344122344123355116555666665
122222133342133544135554165544166666
111112132222333324566344556644555664
122222113332411355414355444355666666
111111222334233354235554255644666664
112222113332143332145666445566445556
111222111322444332546633544663555566
111122133332133422555442565544666664
111112333122344442334422555555666666
122223114423114423144533665553666655
112223112233112453664453664553664455
111222132242134444133455336655666655
111111222222333334553644566644555664
111122112223442333455663445663455566
111222113244133245663245663445663555
122233122234111334156634555664556644
111222331224311244355564355564366664
111222133322133442153644556664555664
122222111123444153464453666553665533
112233112223411233444435666455666555
111233122233122433144445666455666555
111222122233144433144533645555666665
111222111223445323455333455666445666
122333122443112453612453614455666655
111222122233114443555443655543666663
111222311224331254336654366554665544
111223141123445523466523446523666553
111122112222333345633445666455664455
111122132224133324553344555664566664
111222111222345556344566334556334466
111222131124333224553664553664556644
112333112435122435122435644455666665
111122112223444423545433555563666663
111122331142355442355542356442366666
111222341152344152345552344656336666
122223112423154463154663154463555663
111112312222332444334445636555666655
122223114223144433154433156666555566
111223412233412335412635446665466555
112333122334112344122554666554666554
111223411223412233444553466553666655
111122333124335124535224555644666664
112222111322144333443355446555666665
111222113242133244334445366555666655
111112333312445332445552465522466666
111122112222334445344555334556366666
123334123344123444125555122665166665
111122133122334225334445644555666665
111222133322144332154436554466555666
122222113424113444133334555556566666
111112333212345222345556344556446666
122233111223411253444453646653666555
111122311422344422334455633555666665
111222134422134425134465336665366555
122222111123144333544433546666555566
111233122223124333144555446655466665
111112331442344442335552366552666652
111122341122344422345555346655336666
122333124433122443125546155646155666
112333122223112433155444556664556664
112223122433112433514443554666555666
122333142233144223144456155556156666
111112333122453332455522444556466666
112223111233142235446635466635446555
111122112223444423554463556663556633
111222311122344552344555334456366666
111111223333223445623455626455666445
111112331222332245366445364445666555
111112134442334442333552655552666662
111233112233142235444235445555666666
111222331112344422345555345566346666
122233142333142253144455164665166655
111122131222333244335664555664556644
111223122233112443554463544663555666
112222112332114433444335664555666655
111222112233144233554663554663554466
122333142223144233145555145566146666
111122314442314552334452336652666655
111222113322133324534444555646556666
111112133322443222443355446655666655
111222113222133444333444555555666666
112333112234122334124444555555666666
111222131122334425344655346655346665
111122333112435222435556435566444666
122333123343122444125564115664555666
111222131224331424333444555666555666
111122133222133342553444555464566666
112222134422135444135554135666335666
111223411233412253442553455563466666
111123141223542223544433546636555666
111222122233145553144533445536466666
122333123334122544152544155564166666
112333122223144253114453664455666655
112333112333122244124444555566556666
111112334122334452344552345552666666
122223124243114443115453655553666663
111112312222344452334655344665366655
111222113222413555433365436665444665
122233142223144433154663154666155556
112233112233144223154443554666555666
122333112333122244155554166554666644
111222131124333224353544555544666666
112333122343122344125644155646555666
111123122223142553445553444533666666
112222311442314452314455366555336666
122233122234113334115554655654666644
111122311342333342544442555552666666
112222133332113342155444555464566666
123333122223111243144445666545666555
112222111232144335443335644655666655
111122331142334442536442536662555566
111222122233114333444443555555666666
112222111132455532445533445633466666
112234112334122334125354665554666654
122222111123144333443355644555666665
112233112233411235466235466655444655
111111222334223344523344556664555666
112223144233114223144433555566556666
111112314442344542335522355526366666
112222112334112334555634566634556644
122344122344112344152336155366555666
122344122345122345166345166345166355
111112122222344444335456355556336666
112222111122333333455566444566445566
112333142353142253142555142665446666
111112334122344442335462535662555666
111123144223144233445223555553666666
112222132424134444133566133566555566
111122331422331422354466354466555566
111233141223142233445263445566555666
111222113422133425336445366455666455
122222111342113344553344553646556666
122223111423511423544443555663566663
122334123334123544125544126555166666
111112333412333442555542565642666642
111223122233142333145555444565466666
111222311442331452634452633455666655
111122333112345552345562344562446666
111222111223444233554443555563666663
111112333312433552455522444562466666
122222121344111334555534566334566664
112222113332113342553444655554666664
111122333122433122435555446655446666
111122113222433352444355466355466665
111222111223444253464553466533666553
122233121233111234566634556644555644
111222331222331144354444355555666666
122233112243155243165543166543666544
122222111233411533444533445555666666
112233112243122443144453555553666666
111233122223114233444553445555666666
112223112453122453144453646653666553
111112314442334442355522356562356666
112233411233411233455226455666445566
112222122333144333144455146555666665
111223114223144223554433554663556666
122222123334133344115664155664555664
111111223333244533224555624445666665
122222123444113334155634155634556666
112334112334152334152224556644556666
112334122534122534126534166534666554
122333112334122344112445666455666555
122344122334152234155634156634155666
111112331452334452344552346652666652
111112331222433352436552446655446665
111122133332134322444425646655666555
111111223444253344253334255566256666
111122311224352244355554335664366664
111122122223144443554643556633556663
122233112223145533145663145566444566
112222111132444332453336455566455666
111112333142533342554442556422566666
111122113322455326445326445336455666
112333112233122243155544655544666664
111222331142351442354442355556366666
112222311112334442335446535466555666
112223122243156443156443156643555663
112233112333112344552244566644555666
111122334112344222345556345556346666
122222113324133344153444155566556666
111122311322333322444445646555666655
111111222223445623445663445633555663
111222112223144443555433566433556666
112222111332143332444435646655666555
122222111324133344133544555554666666
111222112232144333445335465555466666
112222311112333332444555445556466666
112333112233122434152444555546566666
112222112342113344333554555544666666
112223122233114335144435445555666666
111112133222433332455662445666445556
122222112333411133445553644455666665
112233112223112333445555444556466666
111222133332134352164452664455666455
112222133322133344115444555466556666
111122131222333244536444536664555566
122233112223145553145653145663444666
123333122343112444122544155555666666
122233122433112433511444556664555666
111223112223414423444563555563566663
111111222233244433254436554636555666
122333142233144223144566154566155566
112333112334122234155264556664556644
122222113233413335411655466665444655
122333112334122234156644155664555664
122223112233114553614453664453666455
111222111222344445334555334556366666
111112331442344442355222335555666666
112233112233122334155444556664556664
112222311124331524633554635554666644
111122113342533342555342566642566644
111122313122333342555442565544666664
111122112223442553446553466553466633
111222311442314442335462335666555566
112222112323411333445366455666445556
111111233333224443244555224655666665
122223123333124443144455116555666665
111222111222333333444455666445666555
122234122334112344153344155666555666
122222113244113334133544555554666666
111222111223444323456333456666455556
111111222334233344223554666554666554
111112132222334442355446355646355666
111112331442334442356462356662555562
111222111332445322455336455636445666
111222122233144553144553445563666663
111112134422333422354462355466555666
123333123434124444122555112655666665
111123144223144233442253666653665555
111112314222344252334455366455366665
123333123455123445122455124465166666
111222311122333332444555466555446666
111112133332433222445662445666455556
122223124233144443114553166653666555
122223112243514443514433516663555666
112222122334111344555334566344556666
122234112334112334152534555544666666
112222111324551324553334566634566644
111233121234122234556334556444556666
122333122233112443115544555644566666
111222113332144322554366554366554466
111122133124553324655324655324666644
111233112243155243552243554443666666
112333122343152443152244156664555666
112222112233114333444435465555666665
112223112223114333544463554466555666
111222331112333342555442655544666664
111112312222344255334555344456366666
111112333122333222444555455566446666
111222112232145533445333445556466666
112234512234511234516234566334556664
122333112333122445112445666455666455
112222111322415333445536455636445666
111222312242315544315544333554666666
111222113332144432445332465555666665
122223111233141233444535644555666665
112233112333122344125544555446566666
122233112333112434512444555564566666
122222111324513344513344555364566666
122223111223141333445553455666445666
122233124233114233144555144655666665
122222111112334445633345636445666555
111111223344233345234445225555666666
111122133124333324555524556624666644
112233411233411223444523664555666655
111223122233112334555634555644666644
112333122343122243114444555666555666
112233412233412233411555466665446655
122223112423111453664453664453665553
112222111223144433544336554366555666
112233122333112234155544655544666664
111122113332333422554442544666555666
112333122343122243115544655554666664
112222111223441333456663455563445566
111222112232413333443555455566446666
122222133332134355144555144456166666
112233122223111433555443565644566664
111111233333244435224555244556266666
112333122334152364152664152644555664
112222122333114353144355444655666665
112222113322113444553344556346556666
111122113422333452334452664455666655
111122311222334425344455334665666655
122233111234151234655234655534666644
123444123434123334125555122556166666
111222111223445233645553644453666653
111222131442135542335442355466356666
111223411123445223455233456663455666
111111222223243333443566445566455566
111222131222331444335454355554666666
112333112333112444552224556644556666
112233111233144233544226544666555566
111222311422331442533444553666555666
122333112233144223145666145666445555
111222133324113224533644556664555664
111222113242133244333564555564566664
112222113242113444333455636455666655
111112132222333442553446553446556666
111222111233442233444533465555666665
111111233334222334255544256446556666
111122314422315422355444335556366666
122222111112333345634445634455666655
122223121323111333444455446555666665
112223114223114423555433556443566666
123455123455123445123645123646123666
111111222233442233444435666535666555
122222111112345555344565334466334666
111112333122343222344455446665666555
111112134442333442355542356552666662
122222134442135444135555136665133666
111111223334233444223554266654666555
112222132244134444135555133365666665
112233111223441223544443556663555666
111122113422333422354444355555666666
123333122233112244511664555644556664
111112333122443322444352466655666555
111111222333222333455555446665444666
112222122333114433144553445555666666
111111233333244536244556244566225566
112222113422113444333445366655666555
112222111123444423546433556663555663
111111223344233444223455263655666655
112233111233414223444253645555666665
122333112233111223455556445656444666
122233124453124553124553144563166666
112223111123445223455563455663446663
123334123344122344112245165555666665
112222111132443332544433546666555566
123333123243122244155444155666155666
111122311422334425334425636455666655
111123142123442223455333455566456666
111222133222113333455666445566444556
122234122234153334155534156564166664
111222113242133245334445366645666555
111112334412344222354266354666355556
111222133324113224563344566664555564
111112122222333344553446553446556666
111222131122333324553664566644555644
111122133322134422335444555554666666
111122113322443325433525444555666666
112222113342133442133455664455666655
112333112333142222144455446655666655
111233411223412253442553446653666655
111222131224133324535344555544666666
123333122343152244152544155564166666
111222113222133444334445366555666655
111223112223142333444453466555666655
112223112223113333444445666545666555
122234122234133334115664155664555664
111111233333234444224455622655666655
111222131122334442333455664455666655
123333123344122554112254615554666664
122222111132415333445533446555466666
112333122333112224516664556644555644
122223123333123455166445166445166455
122333112334112434122444555566556666
111222122234113334533444555564566666
111223112233412533442563445566455666
112222112344112344553344533666555666
111222132224134444135546335666355566
122222111324113334555334655544666664
111122113422553442533442553346566666
123333122344122344125664155664155566
112222133442113342133544555554666666
111122311322333322444444566666555556
122222123333144335164445164555166665
112222111332413332443566444566555566
111222131122333342355644555664566644
112334122334122234155634155664556664
122333112343122344125444155555666666
122233121233111233444445664555666655
111223441223411223455663445633555666
111112133322334222434555444655666665
111122112222333444536644533664555566
111122133122433322455366445666445556
122223111223114453444553466653666553
122222113332144433145553144655666665
122334123334122234156644155664155566
111222112233144233445533445666555666
111123122223144423554333554466556666
111233112233122243554443556644556666
112222133324155324155344155344666666
111112333412343422344425666625665555
111222133224133254135554635654666644
111111222233245553244553644453666663
112333122343112344152264555664556664
112223112433512463512463554463554666
122334122344123334125544165555166666
111111223445263345263345263445266655
111112122222333444355464355564356666
122233122233111134555434556444566666
122222133442135446135466135466135556
112222111132444432544633555633556666
122222133332133444115546155446556666
111122113222333244355554355664666644
122222113324113334513644555664556664
122222113332145533145553146656444666
122222111132143333445553644455666665
112223112223145333145563445666445566
112222111223144443443333556666555566
112222122345133345113445663445666655
111222113342513342533442555644566666
122223142523145533144533145566146666
112222133422153444153334156664555666
112222111223144443555433556433566666
111233111233444233442225645555666665
111123141223442253442653466653665553
122223122443155543115543616543666643
111123112223455263445263445663455663
111223441223411223455633455636455666
122333112443112433122445666645665555
112222113232133334155554556444666664
122222111132444133445333465555666665
111222311142344442335642335666555566
112333112234112334552264556664556644
111111223333244433245466255466255566
112222133242113344155334555564666664
112233112233415236415236445566445566
122233123334123544125546155446156666
122223112233114433154443555546566666
122222123333114533144566145556445666
111122331122333452663452644455666455
111222113422133452334455634455666665
111223411233441233455236445266555666
112223142553142253146553146563446663
111123114423444423555523556623666623
122222112334511334551344566344556666
111222131122334452366455364445366655
111111222334252334552334566444556666
112233112333412223414555444565666665
111112133222333322444455466655466655
112222133442133442113344566666555556
111112331222334252334455444665666655
112222311224351144355664355564336664
122222112334511334551334655544666664
111122344112344422345526335566355666
122233111223411523455563455663444666
111222331142331542635542636544666554
111122312222314555344465346465336665
111112134442533642533642536642555662
122222133244113344513364516664555566
112223411123455123455523445663466663
111111222334222344556334556634556664
111111222233442333442535465555466666
122223124523144553146553146653146663
111111223344233445233645266645266555
112222311224315554316554336544366664
111222314222314555314556344456336666
112333112223142233144555445565466666
122222112334513334511344555644566666
111122314225314225344555344665336666
111111222333242553245533445566446666
111112344152334452344552365562366662
111122133332133442544442555662556666
122222121334111344533344555546566666
122333123343122444152446155556156666
122222112333111443544463554663555666
111122312224315524366554366554336644
111122341122344442345552336655366665
122223124233144443115463155663555666
122333112233112453142455644455666665
112222134255134265134665134465334665
122233122243114443514633514666555566
111111233333234444224554266655266655
112223114223114523644553664453666553
122222123334113534615534616554666544
111122131422533422533466534446555666
122333142223144423115463515466555666
111222331142331442334442556666555566
122222113323411333415556445566445666
111223441523411523446523646523666553
112222133332134432144455164555666665
122333112223111243544443546666555566
111222133324155324153324555444666666
112234511234511234555234566234666634
122223114233114233154443555646556666
122222111233441153455553444563666663
122223112333112433144445646555666655
112333122453122453162453166455666445
111222312242314444314566333566555566
112222111122333344356644355664555664
122222111233141333444453646555666655
111112344412333442533542555562666662
122222133342133445113455164455666665
122222123334111334156634556664555644
122222112333411135444635446635666555
111111233334222344252364555664556664
112222311122333144534446535466555666
111111222222345555345566344446333666
111223412233411233455253445556466666
112223112233412333414566444566555566
111112133332445322445322455666455666
111222113324515324555324566334666644
111222312244311244333544635555666665
112233112333112443552444552466556666
111122131222334442335544355554666666
111112133422334442354422355555666666
122333122233142443144455166655166655
111111223333222334255544555444666666
122222133442133344135546155646155666
112222111332413332445636445666455556
112333112233142553142255444665466665
112233122223111433554436554666554466
111233112233122243555543554444666666
111112122222333344355544365554666664
122233122333112344511544555544666666
111122131442333452366452364452666555
122334122344122344155334115555666666
112333122233144223144445166665665555
111122112222333334344444566666555556
111233142233142223144553644555666665
111122313122333422355444556446556666
112222311242331144335564355664556664
111112134442333442355422355552666666
122233111233112233444444555555666666
111112133332444432546432556662555662
111112132222333244553444553466556666
112222133332134532114555444465666665
111111222233223334555534556444666664
112223142233142333144445166655666555
111122134122334422335444355666555666
123334122334122234155554155644166666
111111222233233334255444665554666654
111122133322133322444455466665466555
112223411223411233444533664555666655
122223121233111433554436554446556666
112333112334122344125644525664555666
112233112334122334125444555466556666
122333112234122534115534666554666544
111222112232414335444355466335666655
111122314122344422354466355566335566
111122133222133342534444555554666666
112222113332143332145555444455666666
112222133224113334156344556664555664
112222133322111334555434555444666666
111222312242311444354466355556335666
