112222112332113344555344555364666664
111222122233114443555643565643566643
111233411223441233442235465555666665
112222122344111334555534655634666634
122223111223114443554663544633555666
111112313222333244536264556664555644
122222111323144333145366445666455556
122222133244153344155346155346156666
111112331222433322443566444566555566
111223122223143333145666445666445555
122223112423114443516443556633555666
112334112334152234152234555664566664
123333122223124553144455146455166666
122233112223111433444435645555666665
111112334122344225344255334665666655
111122132222134445336445366645366555
111111233344223445263445263555266665
111111222333422233445536455566445666
112222112324113354633554636544666554
122223124233154443154433155666155666
111222311222314445333445636455666655
122233122243155643155643156643156644
111222311224331244533364555564566664
111111234444235446235566233556223566
111122344122344152344552355566336666
112222111223413333444435465555666665
122222111123144443554433556663556663
111122113332443222433555444655666665
111222312242314445314555334556366666
112222314442311542331544366555366665
122222123334153364155364156664155644
112333122233122443115444555664556666
122223122443144433154663155563155666
122233111223144253144553446653666655
111112132222334425344445336655666655
112333112234152334152244555644566666
112222111132444332454633455636555666
112222311142314442334545335555666666
122222111324153344153344555364566666
122223111233114253664553664453664455
122222111233143335143655444655466665
122222111123444133444335666635665555
112233122233114233514666554466555446
112223415523415223415533415663446666
122233121233111233445556445656445666
111122333112344442345422365555666665
111112314422344225346625346665336555
111222331122331442534446535646555666
122333124453122453124453166455166665
111112133332444432454632555662556662
111222311224315524335554336654666644
122223111223114453444553466553666653
111222111232433332445356455556446666
112233122233144253114453666455666455
122223114233154263154463154463555666
111122311224352254355554333444666666
111123441123444223554233556263556666
112223122333112334154444555546566666
112223111223441523455553445633466666
111111222233422335444335465555466666
111222122233144433144335646655666555
112222132244133344113544663555666655
112233122233124433144455145555666666
111111222223444253644553664553666533
122223112333142335144445146665666555
111233122243112543662543666543655544
123333122343122244155446115466555666
111122311422354442354542355566336666
111112331442335442355542356542666662
122222113425133455133455134445666666
112222111122333333444445646655666555
111112312222333244335554665554666644
112223122433124443144563155563556666
111123411223444223564423566663555563
123333122233111224515444555464566666
122233123334125634125664115664555644
111222311124333324563624566664555544
111122113322433522433555466665444665
122222111132443135443335644655666655
111112133222334242354446354666555566
111112334122344222344455335555666666
122223142333142353145555146665144666
111222131142335442355642355644356666
122334123334122534125554165544166666
111111233334223534225554265654666644
111112331222342256344456345556345666
111112133222333422553466554466554466
112223411123415523455523446563466663
111112122222334444356644355666335556
111112341222344252344555346655336666
122222111123413333444435466555666655
111112134442334442536622533662555566
111111222233422335443365466665446555
122223121423111433544443555563566666
111111223334233444253446256666255556
111112133222432255433555436656444666
112333112233112234566244556664555644
111111222222334455334555334445666666
122222113342113344516334566664555564
122233122334125344115344155646556666
122223112423154433154436154636555666
111233411223412233445263445666555566
111111222333224443256443556643555666
122222111233441153455553444533666666
111112133222443552433652436655446665
111112312222333442553446553446556666
112222112233411533455533446556446666
111122113332333222445666445666445555
123334125344125334125554122654166666
111122113222443332544433546666555566
111122333112334222344555446655466665
111122341142344442355552366552336666
122223111223145333145663445666445556
122223122333144433145446115566555666
111122112223442333443355445555666666
111112133332443322444552664552666655
122223114223154463154663154463555663
112333122223111233444455464555666665
111233112243155243556243556243666644
111233411235412235422335444655666665
111122312222314444335466335466555566
111112331422344422345552346555366666
111122311442334422334552364655666655
112234112334112334522344556664555666
112333112333112224556624555644566644
112222113322145333145553446556446666
111222113222133444533464553466555666
122223124423144333144355165555166666
111222111232444233544633554663555666
122223111223114533444533465555466666
111111222334252334253364555664566644
122333112223112443144443555566556666
122223112243115443155443556463566663
111223144223142253144453666653665553
122223111223144443154643556663555663
122222111324155334155334655344666664
122334112334122334125644155646555666
122333122234111234156634555664556644
111122133332133222445555446665446665
111122331122334522334555444465666665
111111222333244443254433256666555566
122222111123144443545433555533666666
111112334122344552344522346555366666
111222312245311245344445366655336665
111123122223124433554443556643556666
111222331112333322444555446565466665
122333122433122434155444165555166666
112222134422134444135666135566335556
111111222233452233455663445563445666
112222311122331445334445364555666665
112222111223451553455533444433666666
111112341222344526334526344566355566
111222131222331444333554555564666664
112223114423511423555423564433566666
122223124423111453144453655553666663
111122131222333342555346544446556666
111222134552134452134452334556366666
111112133222433252433555446556446666
122222134425134555134556134466133666
111122131422334422333445666545666555
122334112344122334152364156664555566
112223112323112333444455445555666666
122233112333122443115544555544666666
112233112223114233444443555666555666
112223114233114223544463546663555566
112222111132444432455536453336556666
111112344412335442335542355562666662
112233412223412533411553444555666666
112233112233112233445555445566446666
111122133322143322544366544466555566
111111223333223344522444566664555566
111123412223415523466523446553466653
112222111332143352443355446665466655
122222133244133564133564155564156664
112222111232133333444444566666555556
122222112334113344133554555544666666
112223112423512443514443555533666666
122334122334122334115544616554666655
111112133332334442544222546666555566
122233112233412533411555466655444666
112222111233415233455553444563466666
112333122233112443152444555546566666
111112344122342225344455335556366666
111122133222134442335466355446555666
122222111332143335146635446665446555
111222331242351142355444355546366666
123334125334125534126554126654126664
111111222222334444333454355555666666
122222113324133344153644155646555666
111112334122344422334525364555666665
111111233334223344522644552664555666
112222113224133554135554633544666664
111112333142333442555442555642666662
111123141423444423555523566523666623
112222122333143355144355144455666666
111222113224513244553334566634556664
122223112423155443156443156463556663
123334122234112334112564555564566664
122223111233114233544663544466555566
111222131122333332444455465555466666
122333122333112244114444556666555566
112222133442113442513446533666555566
111222112232415533455533446563446666
122333122223111443144453646655666555
111222131222331444344455336655666655
112222113342113442533444536666555566
111222133332134322144555444665666655
111112334122344522344552334655666665
122222132444133554113544133555666666
122223111223114433555443565443566666
111222331222431566431556433566444556
122333122433124443124455116655666655
122333112223111233444555466665446655
122334122334112334112444555566556666
111122112223455523454533444533666666
112222111132455332445633445636455666
111111222333223343255444556446556666
111223411223441223445553466553666653
111123114423566423556423556423566423
122222123334133544113554155564666664
111112344412344422333322555555666666
111222131422134442334455633655666655
111222312245312445314445366665336655
111233111233442223444423556666555566
111222314222314555314555344466336666
122223112233411153445553446553466666
111111222333223345264345664445666555
122222111332411333444535644555666665
122222113244513446513346513346555666
122222111123144333444335455555666666
111122331222341245344445366555366665
122222113244113354133554636654666554
122233111223114233544443546666555566
112333112334512344512244555264566666
111233412233412335412255466655446665
111223122233124333154444555564566666
111122133332143322444425645555666665
111233122223114423444433555566556666
112223411233411233445253455556466666
122222123444113554163354166354666355
111222131242133442335444355555666666
122233112233114233144445664555666655
111122131322433332444452455555666666
112222112332411333444453646655666555
111122122223143333443555445565466666
111222131122433325444335446655666655
112222112324153344153664553664553664
111222311242331244333544555546566666
123333123434122444122455116655666655
111111222233425333425356445556446666
111222112223144433445553466553666653
122333112233112434152444555646556666
112233111223144253644253664453666555
122223111123144423544433555553666666
111222131224133524633554663544666554
122233142333142355142555144566146666
112223112233112333445666445666445555
122222111123441533446553446653666553
111112331422344422355442355556366666
111233441233411235442235642655666655
111112314222334442533442536666555566
111122112222344444333354636555666655
111122311222344442333544635555666665
112334122344122344112334555566556666
112222111223451333455553456663444666
111112133332444352464352664552666552
123444123445123455123335122665166665
122222132455133445113345613645666645
122233111223411523444533455566456666
112223112223415533414533444555666666
111222311124333224553344555644566666
122233112223111453666453664453644555
111111222222334445334545334555666666
122222133244113444133345166555666655
122223112423114443144533555553666666
111122112222344445334645336665366555
122222111112333444355444365555366666
122222111342113344553446553346556666
111122311222333245364445366445666555
122223142243144443115333165555666665
111222133332113322444555446665466655
111233114233414253444253666255666255
111122311422355422355444355664336666
122233122443124433114453166655666555
112223112443112243556643566643555643
122233124233114233154444155666555666
112222133322113444513644553646555666
112233112333122234155544665554666644
111123444123444123566623565623555623
111223145523144523145523445623666663
112233122334123344125554166554666654
122222112334511134555334665534666644
112333122223114233144455644555666665
111222311124333224353444555646556666
111223122233124533164553664455666445
122223124323144333114445165555666665
111122314122334452334552344555666666
111112312222333244355544356644556666
112223145223145523145663145633445666
122233122234113334516644516664555564
112333112333122444152244555664556666
111123141223542223544433546663555666
122223114233144233154443155666555666
111222131224133324533444555664556666
111111223444223445233455263355666665
111222111223455523453333455666444666
111112331442354442355542365562366662
111112331222334442355642356644555666
122222133244135544135554136564136666
112233112233122334144444555556566666
112222112324113344533664535664555664
111222131122334425366445364455366655
112222111233144253445553644653666653
111223114253414253444253666253666553
111233111233422233442556455556446666
111111223444223454233354236655666655
112223112333142533142566445556445666
112223122423114443144333555556566666
122222111332141355443355443665466665
111223122233142335144435644655666655
112233111233412223444553446555666665
112222112332133334144444555566556666
122333142233144235114255614455666665
112223412223415553415653415633446666
111222131222133444553344555346566666
111112133332443552443552466652466652
112222111232413333445553466555446666
111112344122334225334425364655666655
111233112223142423444433555555666666
111112313422333425344425666425666555
112233111223415223445563445663455666
122222133324133544135544155646156666
111122133322134332544662544466555566
122222132444135554133564135564136666
111233122233114223544663554466555466
112233142223144423154433155566556666
111111222333422233455536455566444666
112233122233124453144453145555666666
122222111233114443554663554663554663
112222311244311244333546355546556666
111223141523145523445223455663466663
122233142223144533144553146555166666
111123412223412253446553446653666553
112233411223451123455523456563446666
112223142223144433144553155553666666
111222131224331244533344555546566666
111111222234255334255534665334666644
111223141233144233442235646555666655
122333122233124553144655144655146666
111122134422135422335444355556366666
111222111233442253445553455633466666
122223142523145553145653146633144666
111122331122333224534444555646556666
111112333312343422544462554662555666
111122131442333422334442566666555556
111222112232133334536444556644555666
111112312222333245633445664455666455
112233122333122435166445166455664455
122333122223114433511444555564566666
112333112223112423444453666455666555
112222311224331444331544365555666665
111122113332333222444455464655666655
122233121223111333445566444566455566
111122112223444423456433556663555663
112222134242134444135566135556335666
111112312222333424354444356666555566
111122331122344422356444356666355556
122223112243154443154333154666555666
122222111324133334155534555444666666
111122334112344452334452636652666555
123333124353124455124555124666124666
112222113322133445163445663455666455
111112134422334442335542355552666666
111222131222331455366455364445366645
122333142223145523145553144566146666
111112312222332445366445366445366555
122223142233143335144665146655146655
111222113322415332445536455536446666
111112133322433222443556455556446666
112222112344512334516634555634566634
111222133232143332144556445566455666
111111233333222443225544665554666654
122333122433112443112445666545666555
122222123444113334113344566666555556
122222133324113344155354165554666664
112223411123451223455553456663446663
122222112333413335411665466655444655
112333112323412223415566445666445556
111111233334233444255554256564226666
112233122333112435612445664445666555
111122112223455523456533456663444663
111122344112344552345552345662336666
111222311222314445334455334665666655
123333122234112434112444555666555666
111223411233441253642253644553666655
111223111423544423566423556423556663
112222132442133344113354666654665555
111222331122333124356664556664555444
122223112323114333144444566666555556
111222111342533342535342555644666664
111234111234222234553334566644555666
111111222222333455344455346455366666
111222122233113333444555446565466665
111122314222314442334455365555366666
111222331224351624351644356664355564
111233122243125243155543656543666644
112233112243152643152643556643556644
111223111233445223445263455663455666
122222111233145333145366445666445556
122223111423551423551463544463566663
112333122223111233444445666645665555
112222133324133424113444566666555556
111111233344223444223345266665665555
111111233344223554223354626654666554
111222112232133333444566444566555566
112333122223111233444455464655666655
122222112334153364153364156664555644
123444123445123465123665123655123665
122223114223514333514443516646555666
111111222222344444345666355566333556
111222133324113224553364555664566644
112334112344112334552634552664552666
111122131224332244356664355664355564
111111222233442333442535465555466666
111122131322433325444325464655666655
122222123333111133444556455566445666
122333112223411123455563445566445666
123333122334112224155444155646556666
111111222223455253445553644433666663
122333112233122434154444155666555666
111112122222333334355644556644556664
122223124243114443115433555563566666
111222331442331422351444355666555666
122223114233114233154443554666555666
112223112233114233554636554666554446
111122131222433352443655443665466655
111122131422533422533444553664556666
122333142333142225144665144655166655
111122134122334225344445336655666655
122333112233111223455556445566444666
112223144223114233144335645555666665
112222111132443332433555466565446665
111112333212333222445666445666445555
111222311242314442335466355466355566
112222111232415333445553444553666666
112223114223154423154463555463566663
111123411423444423556623556623556623
111112133322333422554442555446566666
111111222223455523444533465563466663
122222123445133445163445163355166665
112222122333113344155346554446556666
111222113322413325433665466655444655
111122131222433255443655433655446666
111122331222331452344455344555666666
111122333112343422344425664555666655
111222111233445223455333445556466666
112222111322143333444355445555666666
122333122435112435112435664445666655
111233441233441233451266452266555566
122222111132144533444553466553666653
111122314422314552334552344556366666
112333112233142223144566444566555566
122233111223411233444435466665665555
122222111233415533415533444556466666
122222133324115334115534666554666544
122233124235124435114435166435666655
112223122423154433154663154463555666
122223122443155543111543666543666543
122222111342133344155344555364566666
111112133222443332455362445666455566
122222123333114435144435164655666655
111223144223142233145553445553666666
111111234444233334225364255566255666
122222112334516634516334516634555644
112222133224113334155634556644556664
111112333122332224535544555644666664
111112333122433222443555445556466666
122223111223113333444555466655446665
111122333112443322453662455666445556
111222341222341155345556344566334666
122234122334123334111544555564566666
122222111123444133444335666535666555
112222122344111334555534655634666634
111222133222113333444455455556466666
111111223334255534255334225444666666
111122331124533324566324566624555644
111122312224312554336654366554366544
111123412223415233455233445556466666
112222112233114443544433556636555666
111222113422133442533344566664555566
111111223444233334222344555556566666
112223112233112333445566444566455566
111233411223412223444563455563556666
111123441123422223455553466653466653
112223112223114443544463555663556663
112222122334113334155634556664556644
111122311422335442355442355646356666
111222131122433562435566433566444556
111123122223124333544443555646556666
112233111223441233444235466665665555
111111222223245533445336455536446666
111222133322114325444335445555666666
122233112333122443154444155555666666
111112313222333322444555466655446665
112222112332113333444455666455666455
111123411223422233455563455563446666
111111222223444233554663544663555663
111111222223444233554463556463556663
111222122233144443145333645555666665
111122113222333442353544555544666666
112222122344113334133444556666555566
112222112333112333444555464665466655
111222112232145533444553644553666663
122333112334122234155444156664555666
111122314222314425344655334655366665
111112333312455332445552444562666662
122222111123415533445533455636446666
112222113442113342553444553666553666
111123411223452263452663455663445563
111112314422334442354622356666355556
122223111423115423555443556443666663
111111233334255334225544265544266666
122223111243115243555443554433666666
111112134442533442533642553662556662
122222123334111334515534555664666644
111222331122331442335444665554666655
112222112233413333415566445556445666
112222311422314444315646335666355556
111233122223114423554663554463554666
122333123334122554125554116544666664
122223111223141453444453666553666553
122222123333144335144655146655146665
122222111234511334553334566644556664
112223112223114553644553664453666453
112223411253441253461253466653466553
112222112332144433144435666535666555
111223112233412335442355446665466655
111112344142334442355552356652366662
111112132222333424355444355554666666
123344125334125534125534125664126666
111222311244315224355664335644355666
111112312222344442355446355666335566
122222123333113455163445166445666455
123333122435122435112445616445666655
111122314225314625334625344665346655
122223124423144453114553166653666553
111123415223415523445223445533666666
123333124433122444125466125556155666
111222331242351142355446354466355666
111112341452344452333452366552666652
111223111233442223445533445555666666
122233112333412253411555444665466665
122233114233514236514236514446555666
122223144423144423115533155636556666
122344112345112345122345666345666355
122222113332143556143556143556444666
112233122223114443514663544663555566
122233122333124536144556145566144566
111111223334233344255564256564256664
111122113222433332435555446665446665
122233122443125543155543156443166666
112222133332111332444555466655446665
111111233344253334256644255664225566
112233122243114243154443555553666666
111111222233455223455553466633444666
112222111122333445363455366455666445
112222113232133334155544665554666644
111122112222333345663345664445664555
111122113322333224355664555644566644
111122132222133344533544555544666666
112222112324133334153444555646556666
112222122333144353114355444655666665
111112313322333452664452644452666555
122222112333113344153644555664556664
111122132222133445334445636455666655
111122133332143432444452666652665555
122222112333145333145566144566445566
112333122433112443122544555554666666
122344122334122344155334156666155566
112223112243112443556643556443556663
112222132425134455134465136465336665
111122333122343125443625444655666655
111222331112333422344455666445666555
122233122233114533144555164445666665
122233122233144433114555164455666665
122223111223411533466533446555446665
122222111132441333444433555555666666
112233122233144233154446155466555666
123333124443122543112544162555666665
122222132334133344111554555544666666
111222112232144333445533455566456666
111222133342134442135642535646555666
111222111324553324555324653344666664
122333142223144233144566145566155566
111122311224333244536244536664555566
111123412223412523444553455533666666
123333122344122344112554616654666555
112222111332144432544633554636555666
111123411223445223445263455663556663
111112331222333242534444555546566666
111122314122334452344452336555666665
111112331222333422553444554466556666
111112334142344442333552555562666662
111122113332333422444425666455666555
122233122234153334155544155644166666
111223411123444423455223665553666653
112334152234152234152334155564666664
112333412333412256412256415556445666
111122311222333244533644556664555664
112333112223112233444455666455666455
112233122223144333144455164655666655
111222331224531124533444553664556666
111122331122344442335462355466555666
112222133324113324156364556664555644
112222111223413333445553644455666665
111222331122433152436555436655444666
122223123333124434115444515666555666
112333122333112224514444555564566666
111233122233122334156444556664555664
111112133222333442356442556644555666
111122112222344444345666335566335556
111112333142334442344522666552666555
111222331122433152433556445556446666
122223124233144433114453615555666665
123333122233122444155644155646155666
122222121344111344533334555664556666
122223124443125543115443615553666663
122222132444133334115534155664556666
112222111123455523456553446633446663
112233144223154223154433155466556666
111112334412354222354442355556366666
122333124433125443125644125666155566
111222133242113442333544666554666555
111233122223112333444445466665665555
111122131422333442344452355555666666
112344112344112345222345666355666355
111223114423154223554233544663556666
111111222344252334256334556364556664
122233112233112443144453646555666655
122223144423154423155463155563166663
111123411223422233444433555556566666
112223114233154223154433554666554666
111112132222333244334445666545666555
112233112333112344552244555446566666
122233124235144235114335144655666665
122222123445113445163345163345666655
112233112223114423554443556643556666
112222312244315544315554315664336666
111222311124333224335554665554666644
122222111132133333444444555556566666
122233111233411223444443555566556666
111222111223444233445553646653666553
112333112334512344512446522466555666
112222112332143333144444555566556666
112222113442513342513344553646556666
111112333412334442534542555522666666
122333122333142255145555144666144666
111111222334522234555334565344666664
123333122234112234155544156446556666
112222133332113432514444556646555666
111111233344222344253344256666555566
111222111232455236455536453336444666
111112133332432222434555444555666666
111111222233422553444453664553666653
123334122354123354122554166654166654
111122314122334552334452634455666665
112333122223114233414566444566555566
122222133442133444113354616555666655
111111223333224435244635244655666655
112333122223114233514446554646555666
112222112323411333444443566666555556
111233122223142553145553444453666666
112233122233111243556643566644555644
111112312222334442333544555564566666
122222111323145333145663445566445566
112333142223145233145256145556446666
122223111223415333415553444655466666
112222113224153664153664553664553344
111223112233145236445236445536455666
112233122223111443555433544466556666
111222131222331444334445636555666655
111222331112334442344452366555666655
112333122333124455124445124555666666
112223142333142233145556145556446666
122333124433122443125466155466155566
122222111112333334354444555646556666
123333122334122244155554165654166664
111123441123445523445523655623666623
111233111233444223544223546666555566
111123444123445123545223555263666663
111122133332144332544442556662555666
111222131442133422335444355666555666
111222132224133344153664553664555664
112233122223111333444445466555666655
112222113332144432144335645555666665
111222133232113332456666455556444456
111112334512344522344552345562366666
112333112333112224552444555664566664
111123122223142333444553445555666666
111111233334233444255546255646225666
112222122334155334156334156644556664
112333412223411233415266445666455556
111112333142333442554442556662556662
111233112233142335442255444655666665
112222311124333124553344555544666666
123333122334125554122554166544166664
111223411123444523645523646523666553
111112344122344222334555334665666655
122334122344112334112344555666555666
112223112223144443155543555643666663
122223111223441153445553446553666663
112222312442311145333445663455666655
111112133422334452344552345552666666
122234125334125334125534115544666666
122222113332113444133554665554666654
111223141223144223544633554663555666
123334122334122344125546155546156666
111122331224331524336524666554665544
111123141223445223445623455663556663
112233122334152344152344156664555666
111112122222344445346455336655336665
112233114233144235142235446665666555
111111233333222453244455244555666666
112233112333122243155544555664666644
112223112223411553444533465553466666
111222112234155234555334653344666664
111112331442344442355552335522666666
112222112333412333415555444655466666
122223144223144433155433156666155566
122222133324133344111554666654665554
111223114423144223445523666553666553
112222111322133333455555444656446666
112222111132333332444555466665446655
111222311422331425364445364655366655
111112133322332224355554556644666644
111111233333223444255446225466555666
122223122333111443155543555444666666
122223111123455123445333455566446666
112222122333113343154444555564566666
111222131242331244354446356666355556
122223112333412353411555444465666665
111233412233415223415523444555666666
111122311222334442334445636555666655
122233114223144253144553145553666666
112223411523415523415523444533666666
123444123334123544123555126565126666
112333112233142553142255444655466666
112222311224331444351564355564356666
111222111332333322444555445565466666
112223411233441223541663544663555566
112223112443122443155543655543666663
111233114253144253644253646253666255
122223124233144443111543665553666655
111233142233142235144235445555666666
112344122334123344125345125555666666
112233111233122233455555454666444666
112333112243152443152243555446566666
111112133222334422344555344555666666
112222111322133333444444555566556666
111222331122344125344455334665666655
122223112233144443145543166553666655
122222133442133444113354165555666665
122344112344512334512634512636555666
111222314442311422335446335666555566
111112334122354442355442356662355666
111233142233144223144423555556566666
111112122222333444355466335466555466
111223142223144423144333555666555666
111233111223444223455233445666555666
111112333312443322455662445562455666
112222113332411352443355444665666655
122333124443122433124455166655166655
111122331222331425634455636445666455
112333112233114223444525466555466665
111222311242331245334445634555666665
111122133222133452334455666445666455
111112333122333442554462554662554666
122344152344152344152336152366155666
111111222223423333444435646655666555
111222112232144333544463546663555566
112333122435122435124435144555666666
122222111123415533455633455663444666
111222111223444323544333546666555566
112222111232143335443665443655466655
112233122233114235144435644555666665
111112331222433252433555446655446666
112333112223112233455555445666444666
112223112223144333145553446655466665
111222111233444233455233455566456666
111122113222443325443355644355666665
112223412523411523441553446653666653
112222133224133334155554165544666664
111111233333234444222254555554666666
112233112234112334552344555644566666
111222131422134442533446533666555566
111111223333244353244455224665666655
112222133322144333154444155666555666
112222112324113334553444553664556666
122223124333124335164445166645166555
122223144223114433144533165555666665
111122112222344445333345666345666555
111112333142533342554442556462566662
112222112332411333444553664455666655
111222112233142335446635446635466555
122222111132444133455533455536466666
111111222222334555334445344655366666
112222111332133332455555445666444666
111111222223444523455533456633456666
112223142223144453145553146653666653
123333123443122244152664155664155566
122223111223441133544463546663555566
122222132445134445134555133365166666
111122112223444423554433566633555666
111112344412345522345226345666335566
112333112334112344522264556664555664
112222314422311445331445366555366665
122333142233142253144455145556166666
122222123333144433145446115666555566
111122331222331442355544365554666664
112222133322114333144555445565466666
111111222233455223455563446563446663
112222111332133332444556455566445666
111111233334235434255444225666255666
122222121333111344555344566344556666
112233114223144423144523555553666666
122233122333112435144445146555666665
112222113342113342533644555644556666
122223112323411333441555466565446665
112222111322133334553444655554666664
122233112223114443155543556443566666
122233122435124435144335114665666655
122222112344511364551364533364556664
122222111324113344555334566344556666
111222133322113324553444554466556666
122233122233111433155444556664556664
122222111233144443144333555666555666
111112132222332444334445366655666555
111111223334233444223454255555666666
111222131322133332445555446565446666
112222113244113244333445635555666665
112222112324511334563334566664555644
111233114233154233554222544466556666
111233141223144233444223566666555556
111111222344233345236345266445666555
112333122333142225146665146665444555
111112344122334422344526335566555666
111112314422355442355542366542336666
122222113244133334135554166654666554
112333112223411523445523455566446666
112333112333112244552444552646556666
122223124423114433154453155553666666
111122131322333322444455446665666555
111222113332413332444562455566455666
112222122344113334155534556634566664
111223112243512243556443556443566663
111222113332415322455336445666445566
112222311224351154355554366644336664
112333112443122433122455664455666655
111111233445223445233445223665666655
111123144123554223544423566623556663
111111222333242553244553445563466666
111223412223412553416553446553466663
122333142223145253145553144456166666
122222111324113344563334566664555564
112333112333112444222455666445666555
111222113322413332444435455555666666
111112334412344552344552335522666666
112223114223144233144335664555666655
111122133122433552443552443556466666
122333122234125534155634156644156664
123333122243152243154444155556166666
111122112223442533444553646653666553
111111223333223444223544555554666666
111112313322333222444555644455666665
122222111233145553144553444533666666
122223124423144333154453155556166666
122223124423144333144355115555666666
111112331222334252344555345566446666
122222133332133444115454155554666666
122223112233111333444555446555466666
122223123333123455114455144455666666
112333122343122443124455166455666655
122222123455133445134455134665136666
112223142223144433155443156663555666
111122131442333452364452364552666655
122223111123144423554443555663566663
111222133442133422133445666545666555
123444123444123555123335126665126665
111112314442344222345662335566355566
122233124233124435144635146665166555
112233122233124433154444155566556666
111222312242311444334455633555666665
122222123333111143544443554666555666
111222113442513462533462553466553466
111112341422344422334526335566555666
111222314422311425364455366455336665
122333122233144235144445116665666555
112222133332133452114455666445666455
111123441123544623546623546623555623
122222123334113444113345666545666555
112333122333112244515244555564666664
111223142233142553142653446653466655
112223412523411523441553446653666653
112222113332133432144445666545666555
111122341225341225346665344655334665
111122331122344442355442365555366666
111112331222344522345556345656344666
112233112223142433144443555566556666
112223112333122334155544556644566664
122222133342111344513364555664556664
112333112343112243562244566664555564
112222133332113432154444555646556666
111233144233114233544266542266555566
111112132222333332444555446655466665
111112333142334442344222555566556666
122333112223411233415555444556466666
112233122333112243514446554466555666
112233142223145523145563145663445666
122233112334122534115534666544666554
112333122233111223445556445656445666
111122112222333334553664566644555644
112223122233143335146555146665444665
122223111223411533444553445553666666
122223112233114433515443555544666666
111222331242311442355446335466555666
111112312222334425633455636455666445
112233112223114233444553446655666655
111222331124351224355564355664366644
111233412233412253416253446655466655
112333122333122244114444555666555666
112222113232133334155664555644566644
122222111112334555344665344655334666
111222113332133452636452666455644455
111222111223455523455533444463666663
123333122334152444152464152666155566
112223122423144443114333555666555666
122222111132444133544433556663555666
111112312222332455336445636445666455
111112122222334444333344555555666666
112223111223451263455563445663445663
111222131242133442335444535666555666
111112134222334452344652364655366655
111111233344223345223445266645666555
111111222223442533455563456563446663
112222312244311144333544366555666655
111222111332333322444445666645665555
112222113342113542333544666554666554
122233112333122344115444555546566666
122222112333411135446635466635446555
122222121344111334553334566664555664
112334122334122354125354165554666664
111122311224332244355564356664355664
112222112324133334156634555644556664
111112134422334422335442355566556666
122222133332134444134554165555166666
112222113332413332415556455656444666
111222134225134425134445336555366666
112234511234512234512334555364666664
111122113342333342554442566642555666
122233111243115243555243565643666644
123333122344122345124445116555666665
111122112223442333445553455563466666
111111222333442233452563455566445666
112222311142333142334444556666555566
111111233333222345266445264455666455
122333123334122544112544616554666655
122344122334125634125634115634555666
112222113322133334155554655444666664
111111233333244453226455266445266655
111222314222314445314545333555666666
111112132222433332444435646655666555
112222113224133444135544633555666665
111122112222334445336645336445666555
111122334112334422334442555556566666
111222133224133254133554666554666544
123333123344122245166245116445666555
112222113224513334513634556644556664
122333122234111234155534555664666644
111222311422315442355644355664335666
122222132455134445134655134665133666
111112133332443522453526455526446666
122233111223441123544463546663555566
122233122233111133444555644455666665
112223144223154233154436155436556666
112222312244314445314655316655336665
111122113322333342554442566644555666
111122113332445322445362455366455666
122222111332141333544436544666555566
112223411123444123445523665553666653
111222131322133324555344566664556644
122222132444133444133355116665666555
122222134424133444133355115555666666
111123444123544123554223566233556666
112222112233114433544463546663555566
111122133124335224335524555644666664
122223124323114333144555144665666655
122223124433124335144435165555166666
111222111222344555344655334656334666
111222311124333524365524366554666544
112222311112344442334546355566355666
