111111233444223345263345266645266555
123333122233122444155554156644156666
122333112243112243144443555666555666
111122113332444322544326554366555666
111123122223123333445666455566444556
111111233344234444233566222566555566
112333412335412635412665412655442665
111222133422113442553344556346556666
112333412223412523411553466655446665
122222111123144553445563455663466633
122222111123441333455363445566455666
123333122223124443114455164555666665
112222132425133455163445163345666645
111111233333234444225466255466255566
112222311224311554333354666554666544
111111223444253334253534255564266666
122333122233111234551664566664555444
112222111122333444335466355466555466
122222123334113334511444555466556666
112233144233144235144235166255666655
111112122222333444353346555446556666
111122313122333224536444556644555666
122233111223411253444553445553666666
111222112232133334555434566444556666
111111233333244355224445266645266655
122233122233144435116435616445666555
111122333112334452366452664452664555
111223144423144223154233556636555666
111122333112333422544442556646555666
111122331122333324555624555644666644
111222112232144333445363445566555666
112222122344133344113344555566556666
112333122233114235614255664445666455
111112133322434332444522465555666665
111112134442335422355462355462356666
111222311242314442355544356556336666
112222111122333444533664553644555666
111112314222344225344555346655336666
111111223334223444233454255555666666
123333124355124345124445122665166665
122234155234152234155334165344166666
111122334112334222334444566666555556
122333122233111243551444555544666666
111122312224315624355644355664335664
111222113422313442333444556666555566
123333122233122445116445616445666555
111111223344223334522634556664555664
122333122343112443112544555546566666
122334122334152234155534156664156664
122223144423144423115333155566556666
122333122344112354162354166654665554
111122133222133424533444556664555666
111222132244132444135664335566355566
123333122433122444112544615555666665
122223112233144333144445166655666555
122223142233145533145553144566146666
122223114423114423514433555536566666
111111222333244355246355246365446665
122333122233114243144445166555666655
111111222344223334523344556646555666
112223412223415333415536415666445566
122223111223143333144444566666555556
111222311222314444355466355466335566
112222112332113344555344565344566666
112333122344123344122564155564556666
111122314122334422354446355556356666
111123141423444423552223555633566666
111122313122333342555542565644666644
112223111223441233444533645555666665
111112333312435552435222445666445666
112223112223415533415563445663445666
111222113322133332455566445566444566
112233114223114223444533466555666655
111233111243552243555243566243666644
111112331442533342535442555642666662
111111223334223444223344555556566666
122222111112333455344445334555666666
111112333312435552436652444652466652
112223112433112453662453664453664555
111122334112534422533426534466555666
122333142335142535142555142666144666
111112132222334255334445634645666655
111222311224331254355554335664666644
122334152234152234156334156644155666
111122133122334422536444536664555566
112222113342113342533444566664555566
112222311224315644315664335564355664
111122112222344455344455333655366666
122223121233111333455566445566444566
122333112233111234555244556444566666
111122132222133333445556445656445666
111111222223245533445553466653446663
111111222233425553425653445663446663
112223112323142333144555664445666655
112222113324511324533344556664556664
111122113322433332444442555555666666
111112134552334552344552334422666666
122223112423144453145453165553666663
122333123343122244115446515466555666
111222113332133322444555444565666665
111222131244331224355554355644366666
111222133222113334555344566644556664
111222113224133244333544666545666555
112222311242311544335564355664356664
111222131222133455334445364455666665
111112333312444322544362546662555566
122223123333123445116445166455666455
112222113232113333445566444566455566
111223114233144253664253664253664555
122334123334122354125554165564166664
122233142233142433144456155556156666
111111233334223344225444255666555666
112333122334112234512544555544666666
111111222222344444345555333665366665
122223122433111433144435646655666555
112222311242331144533446553466555666
111123145523145523445223465233466666
122222123333133444111544665554666655
112222311124331524335554365544666664
122222123334153634155634156644155664
111222131422134442334545366555366665
111234511234512234522334556344566666
122233114223154423154433154666555666
111122331222331244354444355555666666
111222133422133442135466535466555466
111223112233122333455555444566446666
111112134442333342536442556662555662
122223112433512463514463514463555666
111122344112344422345526355556336666
111223112233122433555443544466556666
111122311222333244344445366665665555
122223121233111453444453646553666655
112333112443112543662543662544662555
122222113324111344555334565634566664
111112133222333242355444556644556666
111122113322444322554333544666555666
112222112342113344553664553364556664
122222111132143333443555446565466665
111112313222333322444555464665466655
111122311222333342553444555544666666
111112313422333442354442555662556666
122222123333144335144445166665166555
111222131242331244355444365555366666
122222133244133334155544156546156666
111122112223445523455533456663446663
112223111233412233455563445666445566
122223122333144533146555146655144666
111122311442333422344425355555666666
111233112233122233444555664445666655
122223111233141233444553466555466665
111122133224133224335544555446566666
111111233333222223444455464655666655
111112133222443322445336455556456666
111122133122333422344455666445666555
112333112333412566412556422556444566
112222311142335142355544356644356666
111222311122334552334566344566445566
111222331112333422344455644655666655
111122334122334122334445666645665555
111122132222134455336445336445666655
112234112234115234555234665534666634
112222113342113542333544555544666666
122223122333111344551364556664556644
122223111223441333441355465555466666
123333122433124445122445116555666665
111111223334223344253554255564666664
112333112333112222444445646555666655
111111233444223444223566233566555566
111223112223414253444553646553666653
122223142253145553145653146633144666
111222133224113324555334566644556664
112333142355142335142255146265446666
122234122234155334155344156364156666
122222112333111333444455644655666655
111122113322333322455666445566444556
111122133222133442553344555564666664
122333123343122444112554166554666655
112222112233411553444453666453666553
122223144223114453164453165553666653
122222111342513346513446533466555466
112222112324113344533344556646555666
111222111332444332444332555556566666
111222314225314255314655334665344666
111122122223144443546633545663555663
111122113322333224534444555466556666
112233412223412333411555466565446665
122223144233144233114453615555666665
122333122433122453144455164655166665
122233122243114443115463555463556666
111111233333222223455555444566446666
111233111233442223455523444555666666
111112133442333342555442565422566666
111122333112433522443552644455666665
111223141233142235442335466665466555
123334123334125554125654126654126664
111122132224135524335544335564666664
111233112223144223444453666653665555
111112333312332222444444556666555566
111112333312435522434552444552666666
123333122234112234155554165544666664
122344123344123554123354126655166665
112234122234111234553334566644555666
122223114233114233514463554466555666
111122122223133333455556454656444666
122233111234115234555234565634666644
122223111233114233444536445566555666
122223111223144443144553666533666555
122233111223441123445553446653666655
111111222233224443554663554463556663
112222112332144335144335644555666665
111112133222433352435552446655446666
122222123333113443511466544466555566
112223111423154423554423554633566666
112223112443122443155443655553666663
112222112334112334555534556634666644
122233112233111233444555444655666665
123444123334123354122554125556166666
111122133124532224533344556644556666
111122314122344225334555364465366665
122223112423155443156643156643556643
123333122334124444122554116655666655
111111222333222334555534554444666666
122233123334122344111445666645665555
122222123444113344153364155366555666
112223122243114443144553666653665553
122222134255134555134566134466133466
111222133442113452663452633455666455
111222132244133254136654336554666554
112223411223451123455563456563446663
111123411223452233452336455566445666
111222131422134452334555344665366665
111111222222334444334455366655366655
112333122433122453112455664445666655
122233123333122455111445664445666655
111222311242331244333445666645665555
122334112334112334512244555554666666
111112133342335342555442556642666642
111122333112334552344452666452666455
111122112223444423556443556663556633
122222111324151334553344555364666664
111112313322333222445556455566444666
122333112223411123445553445655466666
111233141233541223544423555426566666
111233112234152234552334556644566664
111222112232415333455633445666445566
122233111233114253664253644455666455
111233114233144233544266545226555666
111222131242133442533344555646556666
111122113324333324555624555624666644
122333122334122344155444165555166666
112222122333111443554463544663555666
122223111423114423444553555533666666
112233112223112333445666445666445555
122233122233144435114435164555666665
111122341122344422334566334566555566
112222113322114335444335446655666655
111234512234512234512334566634556664
111223122223114443444333555566556666
111222311142333442335442555646556666
122234123334122334111544555564566666
122223142233144443154663155563155666
112222111322133333444444555556566666
122333122433122435111445664455666655
111222331112333322444455666455666455
112222113232113333445556445566445666
111112341222344442355462335566355666
111111223334222334526634556664555644
111112133222435522435566433556444666
112222111233144233444563455563556666
122233122433124433155446155466155666
122222113332111433444453466555666655
112333112333412225412655466655444665
111233112223412523445563445663455666
111122314125334425344425336625666655
111112331442334442536642536662555562
112334112234115234665234665234665554
122223144223114443511433555563566666
111223411123444223544523555533666666
111222131242133342334444555555666666
111222112232413335443355644455666665
111112333412334442534642555622556666
112222111132443332444433555555666666
111112331222333442354442555466556666
122223112333142335146655146655444665
111233114233414253444253662255666655
122223124233144443115543155663556666
111222111222333345633445664445666555
112233112243112243555543566543666644
112222311224331144333444555556566666
122223124433124433155463115466555666
112223412223411133444536455536556666
111222133322133324155554655444666664
112222133224113444513664533664555566
122223122443144443155563156663155663
122233112234155234155334165544666664
111222131224331244334445366655666555
122333122233112443511444555664556666
111122133224153324553324556644566664
122333112333122244115554665554666644
111222111332444432543332546666555566
111122134122334442355442356666355566
122222133442134455134455136665136665
111112334412354442355542355622366666
111122113422333442353462554466555666
111112133222334522334555644445666665
111222111332445332445332445666555666
122222112333144335146535146555446666
122222132444133546133546135546155666
112333142233142223145555146665446665
122223111223451133455553466653444666
111222133332114352444352664455666655
111112312222333332444555664445666655
122233112333112443512444555466556666
122222111324153344153664553364556664
111122133222133424553444553664556666
122233122243111443154433555466556666
122223112333112343154444554666555666
122222123333133444154446155666155566
112333122343122344125554165554666664
112222311124313524333544665554666654
123333122343125444125664125564155666
122222134442134546134556135566133566
111122133124553224553324566344566664
122222133332134434156444156666155556
111112344412355442355542366522336666
111223114523164523664523644523664553
111222113322133442335446555446556666
111233111233222243555643565644566644
112222111223415333455663445563445666
111112133442334452344552366552666652
112223122233114433155436554466554666
111112344122334422344552336655666655
123333123344124445122245166655166655
112222112324113344533644535664555666
122233122443124453114453166653666555
122233111233114253444253455556466666
112222312244311144333554636654666555
112222311224315444315466355466335566
111111222223244533445563455663456663
112223112423152433154433554466556666
122222132444133354113354166654666555
111112132222333342355444555664566664
111222331222311444356644355664355566
111112331222433552443352466655446665
111112314442344452336652366652365552
122222112333411133455553446655446666
111222131222331455366445364445366655
112222111232413335433555444455666666
111222314422315442315446335566355666
111122133322143225443355444555666666
111122133122433225435555436665444666
112222311422311445334455334655666665
111122112223444233455333445555666666
112222112333142433144443555666555666
111112312222333442344455364655666655
111112312222332444333445666645665555
122222111123143333443555466555446666
122233112223411553415553444453666666
122333122334112234511444555564566666
111111222233425253445553446533466666
112222133422133444133454155555666666
122222111112333334356644556664555644
122223121233111333444455644655666655
122223142523144553114553144563666663
112222111322441335433355444665666655
112222113342133342153446555446556666
111234151234152234552234556634666634
112222111123444423543333546666555566
122333112333122445162455166455666445
122222111332113334556634556444556664
111222122233145553144553446533466666
112223112223144453164453666453665553
111222113322143332445366455556445666
111222111222334455344445366655336665
122333122333124555124655114665444666
123333124355124345124445126665126665
111112333142335542366542665542665442
111222131222331445333455666445666455
111122311442334422344526355566355666
111112331422344422333442566666555556
112223114233154233154236554466554666
112222112233411553446653466653446553
111222132242133344155364555364566664
111222111232455233455553466633444666
111123144423155423554423566223566663
122344123334123544123554126655166665
112223112333112234555534556444666664
122222123334153364155364156664155644
111111223444223544233554233655666665
122222113342155344155334165534666664
111112312222333342534444555554666666
111222113222133344555334555664666644
112223411223411523455533444553666666
112222111322143335446335446665466555
111123144523145523445523645223666663
111222311242314442334456355556356666
122233122234155334115344155564666664
122233112243512443511443555463566666
122334112234512634512634516634555664
112222111223133333445555455666444666
112222122334113334156364556664555644
112333122233114235144255664445666655
111222341125341225344445333665666655
112233112223112333444445666645665555
122222134425133455133455136445166666
112333142233144223114425664555666655
111122131322433322443555445565466666
111112134222334252344555346655346666
111111233344253344253446255666225566
111222133322113332445666445556445566
122222111132441333444353466655666555
112333112333112224555244555664666644
123334122334122234115664515664555664
112223122333123344155446155446556666
111122112222333345364445366455666455
111112341442344452355552366652336662
123333122343122544112554616654666554
111222132232133334155544655544666664
122222133332134444135454155556166666
111112331222344225344445366555366665
111112333312433552455552444622466666
112333122234155234115234655544666664
112223122233144433114453664555666655
123334123334122444125664125566155566
112233122243114243514443556663555666
112233112333142235144255446655466665
112222112324113334563364566664555544
112223122333123344115554666544666554
111111223333233444222455666445666555
111223142223144523145553445653666663
111112341222342255345555344666334666
111233141233142253442653462655466655
122223112423144433144563155563556666
112222132244133334113554666554666554
111112314422344425366425366625336555
111222122233145533144553445563466666
111111222233243333245555444655466666
123444123344122345126355126355166665
112233122233112334155444556644556666
122333112234122534166534165554666544
112233142553142553142563142563446666
111123441123455223445223465553666663
112222113224133334134444566666555556
111222311442331422334445366655666555
111222311242351244355554356664336664
111112344412345552344552366562336662
111111233334253534255554222664666644
112223114223114423554633544636555666
111112133332444322445326545626555666
111111222233455233455236445536446666
122222111123145553445533446563466663
122333112223411123455553446556446666
122223111123144423445533646553666655
112222122333114433144435646555666655
111111233444233444233566225566255566
111122133442133422534462534666555566
122223123333123455144455114465666665
122222113234153334156634156644555664
123333124335124455122445162455166666
111111222333242333244444555566556666
111122112222344444333354365555666665
111111222223244443556643566643555633
122223114223144433145433155566556666
122222111323441333441563445566555666
111223112233412553462653466653444655
111112333312334422544462545662555666
112222113332415332415366445556445666
111123414123444423556623566623555623
123333122233114225144555145566446666
111123144223145523444523666523666553
111123411223444223445523655553666663
111223112223144233445563455563456666
122223122443154443155643155663156663
123333124343124444122555126655166665
111222112232413333445553466555446666
112222312425311455314445334665366665
111112331422334422533426554466555666
111122133342133442535422555446566666
122222111123444133554443555533666666
112233112223142433144435645555666665
111122132222133334553444566664555664
111222113332133422553444566644555666
122222113342115344155334555344666666
112222113322145336145536445536445666
112222133224113344513444553666555666
111111223344223344223445663555666655
111112334412534442533642536622555666
112222112342133344135554635554666664
111222331142351542355542335644666664
112222111324153324555344553344666666
112233411223441223441553466653666555
122223122433111433144435664555666655
111111233444223444223355266355666655
122222123333113344115544555544666666
112333412223411223415553444555666666
111112341222344442333342555566556666
112222111122344445346555346665333665
111122333112344422345442355666555666
123333124443122443112455612555666665
111222311122344452344455366555336666
112233111233142235442635446655466655
122333122233144253146655144665146655
112222122344153334155334165554666664
112222111232144333554443555643566666
112333112333112444552466522446555666
111222133224135424135444335666555666
112233112234115234555234655634666644
111111222233425533425533445566446666
112223144233114253144253664553666655
122222111324131344533364555664556664
111233122223114423555443555443666666
122333122443122433111444555566556666
111123144423154423555423565223666663
111112344412335442355542356522366666
122222123333144453144553114655666665
111222131242331244356444356666355556
122222113233413335411655466655444665
112223144423144523114523655553666663
112222112332411333444535466555466665
111122134222134452333455636445666655
112222113245133245134445334655666665
111123112223442233444553646653666555
111123112223445223445633455636455666
122223122333111435144435666455666455
111122133332133442554422554666554666
111112333312342222344455446665666555
123344122334123354125554125564166666
111123441123442223442553666533666555
111111233344233544235554226554266666
111223141233145223445253465553466666
122222123333111435661435644455666455
111111222223244333544433554666555666
112222122344113344515334555364566666
112222312245311445314455334665366665
122333122433124443125446115666555566
112233112333112434522444555466556666
122222111233144335144335446665666555
122233142223144333144555114665666655
112222311425311425366445336445366655
111222113332144352443352466555466665
111223112233412333442555455566446666
111222112233415233455533445666445666
122233122443124453114453616553666655
111122314122334422344555346655366665
111111222222344455333445363455666665
123444123334125344125366125666125556
122222123333111133444555445556466666
111122131224333324355524556664566644
111112133322444322543326544666555566
122223144423144423155563156663155663
112222111232133334555634556664566444
112222122334111334553344566644555666
122222112333144333154666154446555566
111223111223445523445523455633466666
112234122234123334155344156664555666
111112331422354442356442356662355566
111222311124333324553624566644555664
111233112223415233445236445566455666
111122133322143225443365446665466555
111222111322433332445355445556466666
111111222233223333445555644445666665
111111233344222334255534255544666666
112333122334152344152664152664555664
111222133332134552134452644455666665
111122341122344422334555364565366665
122222123333111334551444555446566666
122222113323111333455555444465466666
111123114423554423544223555263666663
111112133442333342554442555622566666
111112133322433222443555444565666665
111223411223415233455233445556466666
122222111233415533416553446553446666
111112341452344452333452636652666552
112222112342133344135344555646556666
111223112223142333544463545466555666
112222314225314555314556314446336666
122223111223441553461653466653446553
122233122233144335114455144665666655
122223112233144333145556145556446666
122222132455133445134455136456136666
111222331222311455334445344555666666
111111223333224443224553644655666655
111234122234125234155534556334666664
111123122223144233445553455563466666
112222113224513444513344553666553666
112222113322133334155444555464566666
122222111332441333451663455566445566
111112133332445332445552644652666652
111122113322333224536664556644555644
111222113332145332445632445666455566
122223112233411133444435666455666555
111222112223415553455653446663446633
122234123334122534165534165554166664
122222134425134455134665134655133666
122333112234511234515234555644666664
112222122333113344153664556664555644
122222111123144443554463555663566633
122334112234155234156234156634556664
112233412223411123444553455553666666
111122134122334442355442356666355566
122233112233114243514443554666555666
112223122233111333444555464455666665
111122341122344422355446335666355566
111111222223442333455533445666455666
122223111423114423555443565433566666
122333112233112443512446555446556666
111222131222331444335564355664556664
122223122433111433144453646555666655
122333112333142555142555142666444666
111112133332444532466532465552466652
111112331222433352443552466555446666
111112134442335442335542366552666652
111233114235414235444235666235666255
111122112223442333544633544666555566
122334112334122234155634156644555666
122333124443122443152643155666155566
112222132445132345133345166445666655
111122113222333342555344554446566666
122222113324133344113444566666555556
111122334122334122344445366655666555
112222312245314445314555314656336666
111112331222334255344256345556446666
111122331122333442355442556446556666
111122131342533342534442556642556666
122223111233441233441553445555666666
112222112233411533466553446653446655
111112334412533442553462553462566662
112333112333412555412255444265466666
122233112234112334155344556446556666
112222111322133333444555464455666665
122233112223144433114443555555666666
111111223334253334255544255446266666
112222312444312544311554366655336665
122233124333124435124445116555666665
111222311442351542355542335644366666
111223111233422235444335446655666655
111222311122334442355544335554666666
122222112344133354163354166554666554
112233112223415523415553444653466666
122223124423144433155433115666555666
112222132244133344133445155555666666
111122113322333324556624566664555444
122222112333144443145463155663555666
112233142333142536142556142566445566
111112333312342222344455666445666555
122223112423154443156443156633555666
122223112233411133444435466665665555
111222112232144333445663455663455566
111222311224351524355544336544366666
122333123334122244155444155566156666
122222123333133444155554165654166664
112223112423155423155443554463666663
112222112332113333444455446655666655
122233112233114235144635446665466555
122233124333124345124445166555166665
122333122333122455114455616445666645
112222133442113342513344555646556666
112222311122314444335546335646555666
111222131224331254366554336554666544
111222133222133445163455663455666445
111111233333222344225544665554666654
111223441223441123544623555663556663
122223124243144443115663155633555666
111123412223415523445523455633466666
111112314222344422333445355555666666
122233112333122344114444556666555566
122223111223411453444453665553666653
112234122234123334155534156554666664
112222113244113234553334566644555666
111122122223144433444533665553666655
112222111122334455344655344665336665
111222112232415533445553445633466666
112223122423144433144335166655666555
112222311224331144355446335646555666
111112133332433562445562455662445662
111223411223451223455553446563466663
112222134242134444135566135566335566
111222133244153244153264553664553666
111123112223442533442533644555666665
111122113342333542365542665542666544
112222111123444523465533466553466653
122233124333124453124455166455166665
111122131342333342566642565642555644
112233112334122334152544555544666666
111122331224331224533444555564566666
122233122243144443115543155663556666
111222112232144333544463555463556666
112222111332145532444533455536466666
122222113323111333444566445556455666
112345112345612345612345622345666345
112222112323145333145553445656446666
122222111112334555344465344665336665
123333122243124443125446115566555666
111111222333244433245443255566556666
122344123334123344125646125666155556
111233122223112443554443556643556666
111222133322134442133544555564566666
111112344512334552364452366452366652
122233122233144335164445164655166655
111112314222334522334555344455666666
111222311442314442334552336655666655
111112334212334222354446355546556666
111122133222133324553664566644555644
112333112433512443512244556264556666
112222311224311444333454636655666555
112222314442311442331455633555666665
111112331222345522345555344466346666
111123112223422333445366455566445566
112223111423154423555423564433566666
111112334412344522345552345652366666
111222112223143333444355464555666665
111122314122344225344455333555666666
122333122343122443115444155555666666
112222132244133334115534666544666555
111111233344223334255544256554266666
111223112233145223445663445663455566
122233122334123354116554616554666544
111123144423154223554263554263566663
122222111112333334555534565644666644
122333112234152334152644155664556664
111123122223124533444553464653666655
122222133442133455113445163455666665
122222123333111133444445466555666655
111223122243155243154443556433566666
111222112223144433544336545366555666
122222111233114443566643566643555543
111122333112333222444555444665666655
111222113332133432555442566444556666
111111223344222344523334555664556666
111111234444234564235566233566223556
112344112334152334152234552664556666
122333112233112234516644556664555644
123333122343122445112455166445666655
111223411233414223444233556666555566
111112331322433352455552446562446666
111222131244132244333554355554666666
122223111123444123444553665553666653
122333142223142563144563145566145566
122222133332134536144566144566145556
111111222334225534625334665534666544
111222111232444432455333455663556666
111112133322445362455362455362445666
111223441233411235466235466235466555
111222133222133344153544555564666664
111123144123445223455223456633556666
111111222333223343255444556644556666
112222112333412553415533445666445666
122233122243111143554443556643556666
112333112334112344522244555554666666
122223122433144433145553145655166666
111112312222334442344546355566355666
112223144423145223145633145663555666
112222122333145553144563145563446666
111223112223142333444435465555666665
111222113222133334566634565664555444
111222314225314625314655334665344665
111223122223143333144455446555666665
122222133244113334115354665554666654
111222331112333442355642556644556664
111122133322134422534466535446555666
112222314452314452316455316465336665
122222112344113334155534556634566664
111112333212334222354444556664555666
111112333312433522446522466555446665
111234122234122334155344556364556666
111222111222333345363445666455664455
122233111233412235416635466655444655
111222111332443322444335466555666655
111122133322145332445532445556466666
112222111322413355443355446355466666
112222113322411333455536445666445566
111111222233442233444536455536556666
112222133322113445133445666455666455
111222311142355542354442355646336666
111223122223144443145553646653666553
122333112333122245164445166445666555
111122112222334455334445633645666655
112222111332133342553444556644556666
111122131322333342444442555555666666
122222112333144533145553146655446666
111222131224331524355544355446366666
112233122223114433155463554466554666
122233124233154233154444155666155666
111222311122333324536444566664555564
112333112433122435122445664455666655
123333123344124445124555122655166666
111223111423566423556423556423566443
112233411223411223455533466555446666
122223124233114433154443156666555566
112233142223144423154433155566556666
111223122243124443154633554636555666
122222132455134465134465133465136665
111122113332443552433522446555466666
111233412223411223444533455566556666
111222133242133244153644553646555666
112222112332113333445566455566444566
111122133124335524335224665554666644
123333122334152224155554166544166664
112223142223143333144455164655666655
111122112223444233544633546663555566
122222113342111344553334555544666666
111122113332433222434555444665666655
111112331222333322445555446665446665
122222123333143536145566145556144466
112222111233144233544463555463556666
111122133122334442354642354666555566
122222111332141355443335444655666665
111111233333224443224555264455666665
111111223333422233442566445566455566
111123141223444223445233555563566666
111222131224133524336544366554666554
112222311442311452333455366445666655
111111233333234444222544266555666655
122233111223144523144533644555666665
122234123334123444123455166665166555
122233114233114253144253664455666655
111122131222333324535444555664566664
111122311224335224355544335564666664
111222331244351244351244355556366666
112222311142331542355544356564366664
111223112233412233444553464655666655
122222111323113333444555464655466665
122233111243512243514443566643555666
111222131242134442533466533466555566
111122341152344652344652346652336655
112223122333112343155544556444566666
111112312222332444334455634655666655
111112341222344452334552364555366666
112222312244314445311455333655666665
111222133224153324153344556644556666
112222113322113334556364566664555444
122334122334112344152344155666555666
111122133122443322453366455566445566
111223141223144223444533555553666666
111222113324133224553344566644555666
122223142423144453114553616553666653
123333123344124445122455125556166666
111112344412344222345266355666335556
122223144233154263154463154663155566
111111233344222344522364555364556666
111222133242133245136445636445666555
122233122233111133444445455555666666
111222131242531342533344555664566664
122222133332133444114454155555666666
122333122233142553146655144655144666
111112133322443222453356455556446666
111111222234523334523634566644555664
111111222222334444334545365555366666
122223112233144333144555164455666665
122222111324115334665334655534666544
111112312222342555344445334655366666
112222111123455523445663455663446633
112222314242314444311556355556336666
111123122223144253445553644553666663
122233142233142453144453116555666665
111222131244135224335554365544366666
112222111232144433546433546663555566
122222113332111333444455446655666655
122233112433122433154446155546556666
112233112433122433124444555566556666
112222113322411335444335445555666666
111111222222344455334445633355666665
112223144223114423514433556663555666
111123112223422333445563455666445566
111222113442133542333542555544666666
122333112333112444122544666545666555
111122133222143552443355443655466666
112223112233411235466335446665446555
111222131244331224355444355556366666
111112344412333422335422555466556666
111223112223144423554443655553666663
111112132222433325444335466655466655
111122133224132244335544355664556666
111112122222344445346645336655336655
122222113332411355416335466655444665
122223124423114453144553166553666653
112222113324153324156344556364556664
111111222333442223445633455666455566
111223411233441223544263554663555666
122333112233112443512444555554666666
111111223344253334255634256644255666
111122113222443552443555433365466666
112222112233411563455563455663444663
122222111112333455344445346665366655
122223111223441133445336455666455566
112222111132444432456433556633555666
111111223333222343255544555664666644
111122113442533422533442536646555666
111222311242331442355544355664356666
112223145523144523144523145563666663
112222311224331154635554633554666644
111123411523444523445523665523666623
122222133342113444133544155566556666
122333112223145523145553144566446666
122333122223144433145466145566155566
112333122223144233144455164555666665
112222112233113333444444556666555566
122223112423114443516443556633555666
122223142523146553146653146653144653
111112333312435552435562446562446662
122333122344112334152644156664555566
122222123344133344113544166555666655
111223141233541236544236544236555666
111233112234512234552334566644556664
111111222334233334255444255646556666
111122313142333342555642565642566644
111223451123451623456623455623445663
122223114423511423551433566443556666
111222111222334444334545366555366665
111222331122331452344455366445666655
122222112334133334155544165554666664
111222131242134442333544355566556666
122222133424133444135466135566155566
112233112233114233444255664455666655
122222133442135444135466135556135666
122223112333142553145563145566444666
122223142333142355144356145556146666
112223111233412233445553445556466666
112233112233142233144455644555666665
122333122234112334115564555664566644
112233112233144223145663445566455566
112222112333112333445555444665466665
111222311242331245366445336445666555
122334123334122234115554155544666666
111223411233412233452663455666445556
122222123444133344135364115566555666
122222113244113334513634556664555664
122222111324511334555344563364566664
112223411123451223455553466533446666
112222133332144352145356145556446666
111112333122433225443255446555466666
122334123334122354125554155664166664
111222131222134555334445366445366665
122233144223144423154633156666155556
111112132222333342534444554666555666
122233122334123344155564156564156664
111112333122433222435555466655444666
122223124443124443115663155563556663
112233112223114233444443555566556666
122333112333112445612455662445666455
122222133244134444133355155556166666
122222113332411335416355466665444655
111111222333422533442553466655446665
122223111123445123445333455556466666
111112133332445332455562445562466662
122223124433124553144453165553166666
122222123344133344153446155566155666
112222112333112433555443565444566666
112223111223415523455533444536466666
111222311244312244333554636654666555
111111223344255334225534625534666664
112233411223412233415553455656446666
111112333312345222345526445666445566
122344112334112334122344566666555556
112223111233412253444553445553666666
122223123333124443115444515666555666
111223112223415253445553466533446666
111222113332145332445532455666445666
112222111122333444553466533466555466
111112334122344442333542666552666555
122233111223114233554443554666554666
112333112433112453662455662455662445
112222111223144433445633545663555666
111112133222332244355444356646555666
111112331422333442553422554466556666
111233411233414233444225666255666555
122233111233412233414555444665666655
112222111232143333445553446555466666
112222311422311444354466355556335666
111123142223145223645553644453666653
112222113232113334556364566664555444
112222111223415533455553466633444666
111122314122334425344625346655366655
111123112223445223445553446653666653
123333122223142553144555144456166666
123333122243122443155644115646555666
111122312224312554335554336654666644
122222111112333344355554355664666644
122222111123144443544333555536566666
112222311224311554333354665554666644
111122133124333224355524655544666664
112223145223145233145553144453666666
111122131222433255436665433655444665
111112314452334452334552634552666662
111222131244331224355554336554666664
122222113332113455613445663455666445
112222134422135444135456135556336666
122333112233112443152446554466555666
112233112233411223444553464655666655
111223122233124443154433555466556666
122222132445133345133445116455666665
112233112223114233444553664455666655
112222112323114333444553446555666665
112233111223415233445236445666455566
122222113324111344555334555634666664
112223122443125543155543156643666643
122222111123145563445663455633445663
122233121223111333455555446656444666
122333112443112443152443552666555666
111233122233122334155544666544666554
