12221332113344564456775677568888
12221332113344554456775687768886
12221332113344554456785678867786
12221332113344554456775678667888
12221332113344554456775678867886
12221332113344554456775677668888
12221332113344554456775677868886
12221332113344554455666677778888
12221332113344554455666678887778
12221332113344554455666677787888
12221332113344554455666677887788
12221332113344554455666788678877
12221332113344554455667786678887
12221332113344554455666786778887
12221332113344554455677766678888
12221332113344554455677768876688
12221332113344554455677766876888
12221332113344554455677766786888
12221332113344554455678867786678
12221332113344554455677767886688
12221332113344554455677867786688
12221332113344554455667768876887
12221332113344554455667867786788
12221332113344554455667767786888
12221332113344554455667768776888
12221332113344554455666767778888
12221332113344554455666768778887
12221332113344554455666768878877
12221332113344554455667766878887
12221332113344554455667766778888
12221332113455346554666477778888
12221332113455346554666478887778
12221332113455346554666477787888
12221332113455346554666477887788
12221332113455346554667486778887
12221332113455346554677466778888
12221332113455346554677468776888
12221332113455346554678467886778
12221332113455346554677467886788
12221332113455346554677467786888
12221332113455346554667467778888
12221332113455346554667468778887
12221332113455346544657766878887
12221332113455346544657768876887
12221332113455346544657867786788
12221332113455346544657767786888
12221332113455346544657766778888
12221332113455346544657768776888
12221332113455346574657466778888
12221332113455346574657467786888
12221332113455346574657468776888
12221332113456345664556477778888
12221332113456345664556478887778
12221332113456345664556477787888
12221332113456345664556477887788
12221332113456345664576457778888
12221332113456345664576457887788
12221332113456345644566757778888
12221332113456345644566758778887
12221332113456345644566758878877
12221332113456345644567756878887
12221332113456345644567756778888
12221332113456345674567456778888
12221332113456345664567457778888
12221332113456345664567458778887
12221332113455345664576477687888
12221332113455345644566677778888
12221332113455345644566678887778
12221332113455345644566677787888
12221332113455345644566677887788
12221332113455345644566788678877
12221332113455345644567766878887
12221332113455345644567786678887
12221332113455345644567766778888
12221332113455345644566786778887
12221332113455345674567466778888
12221332113455345664567486778887
12221332113455345664566477778888
12221332113455345664566478887778
12221332113455345664566477787888
12221332113455345664566477887788
12221332113455345544666677778888
12221332113455345544666678887778
12221332113455345544666677787888
12221332113455345544666677887788
12221332113455345544666788678877
12221332113455345544667786678887
12221332113455345544666786778887
12221332113455345544677766678888
12221332113455345544677768876688
12221332113455345544677766876888
12221332113455345544677766786888
12221332113455345544678867786678
12221332113455345544677767886688
12221332113455345544677867786688
12221332113455345544667768876887
12221332113455345544667867786788
12221332113455345544667767786888
12221332113455345544667768776888
12221332113455345544666767778888
12221332113455345544666768778887
12221332113455345544666768878877
12221332113455345544667766878887
12221332113455345544667766778888
12221332113455345564666477778888
12221332113455345564666478887778
12221332113455345564666477787888
12221332113455345564666477887788
12221332113455345564766477687888
12221332113455345564766476887788
12221332113455345564776476687888
12221332113455345564776478667888
12221332113455345564776477668888
12221332143314445555666677778888
12221332143314445555666678887778
12221332143314445555666677787888
12221332143314445555666677887788
12221332143314445555666788678877
12221332143314445555667786678887
12221332143314445555666786778887
12221332143314445555677766678888
12221332143314445555677768876688
12221332143314445555677766876888
12221332143314445555677766786888
12221332143314445555678867786678
12221332143314445555677767886688
12221332143314445555677867786688
12221332143314445555667768876887
12221332143314445555667867786788
12221332143314445555667767786888
12221332143314445555667768776888
12221332143314445555666767778888
12221332143314445555666768778887
12221332143314445555666768878877
12221332143314445555667766878887
12221332143314445555667766778888
12221332143314445556775687768886
12221332143314445556785678867786
12221332143314445556775678667888
12221332143314445556775678867886
12221332143314445556775677668888
12221332143314445556775677868886
12221332143314445566755677768888
12221332143314445566755678867788
12221332143314445566755677867888
12221332143314445566758675867788
12221332143314445567856785678867
12221332143314445566756875687788
12221332143314445566756675887788
12221332143314445556756677768888
12221332143314445556756678867788
12221332143314445556756677867888
12221332143314445556758678867786
12221332143314445556758677867886
12221332143314445556756677687888
12221332143314445666555677778888
12221332143314445666555678887778
12221332143314445666555677787888
12221332143314445666555677887788
12221332143314445666557685778887
12221332143314445666577655778888
12221332143314445666577658775888
12221332143314445666578657885778
12221332143314445666577657885788
12221332143314445666577657785888
12221332143314445666557657778888
12221332143314445666557658778887
12221332143314445667556785678887
12221332143314445667586758675887
12221332143314445667556758678887
12221332143314445666556785778887
12221332143314445666576857885778
12221332143314445666576857785788
12221332143314445666556757778888
12221332143314445666556758778887
12221332143314445666556758878877
12221332143314445677566755678888
12221332143314445677566758675888
12221332143314445677568756875688
12221332143314445677566756875888
12221332143314445678567856785678
12221332143314445677567856785688
12221332143314445677567756685888
12221332143314445677567756885688
12221332143314445667567756875888
12221332143314445667568756875887
12221332143314445667567756785888
12221332143314445666567755878887
12221332143314445666567758875887
12221332143314445666567857785788
12221332143314445666567757785888
12221332143314445666567755778888
12221332143314445666567758775888
12221332143314445667566755778888
12221332143314445667566755878887
12221332143314445667566758775888
12221332143314445667566758875887
12221332143314445566578657867788
12221332143314445566577657768888
12221332143314445567566758678887
12221332143314445567586758678867
12221332143314445567566756778888
12221332143314445567566756878887
12221332143314445566566757778888
12221332143314445566566758778887
12221332143314445566566758878877
12221332143314445566576857687788
12221332143314445566576657778888
12221332143314445566576657887788
12221332143314445556566677778888
12221332143314445556566678887778
12221332143314445556566677787888
12221332143314445556566677887788
12221332143314445556577688768876
12221332143314445556576677768888
12221332143314445556576677867888
12221332143314445556578677867886
12221332143314445556576677687888
12221332143314445556577677668888
12221332143314445556577677868886
12221332143314445556577687768886
12221332143314445566557677768888
12221332143314445566557688768877
12221332143314445567556786678887
12221332143314445567556788678867
12221332143314445566556788678877
12221332143314445566556677778888
12221332143314445566556678887778
12221332143314445566556677787888
12221332143314445566556677887788
12221332143314456645766577758888
12221332143314456645766578857788
12221332143314456645766577857888
12221332143314456645765576887788
12221332143314456645768576857788
12221332143314456745677566758888
12221332143314456745677568756888
12221332143314456745675567786888
12221332143314456745675567886788
12221332143314456745678567856788
12221332143314456745677567856888
12221332143314456645675567778888
12221332143314456645675567887788
12221332143314456645678567857788
12221332143314456645677567758888
12221332143314456645665577778888
12221332143314456645665578887778
12221332143314456645665577787888
12221332143314456645665577887788
12221332143314456645667577758888
12221332143314456645667588758877
12221332143314554465666577778888
12221332143314554465666578887778
12221332143314554465666577787888
12221332143314554465666577887788
12221332143314554465766577687888
12221332143314554465766576887788
12221332143314554465776576687888
12221332143314554465776578667888
12221332143314554465776577668888
12221332143314556445666577778888
12221332143314556445666578887778
12221332143314556445666577787888
12221332143314556445666577887788
12221332143314556445667586778887
12221332143314556445677566778888
12221332143314556445677568776888
12221332143314556445678567886778
12221332143314556445677567886788
12221332143314556445677567786888
12221332143314556445667567778888
12221332143314556445667568778887
12221332143314556475647566778888
12221332143314556475647567786888
12221332143314556475647568776888
12221332143314564456755677768888
12221332143314564456755678867788
12221332143314564456755677867888
12221332143314564456775678567888
12221332143314564456775677568888
12221332143314567456745677568888
12221332143314567456745678567888
12221332143314554456775687768886
12221332143314554456785678867786
12221332143314554456775678667888
12221332143314554456775678867886
12221332143314554456775677668888
12221332143314554456775677868886
12221332143314556457645766778888
12221332143314556457645766878887
12221332143314556457645768776888
12221332143314556457645768876887
12221332143314554455666677778888
12221332143314554455666678887778
12221332143314554455666677787888
12221332143314554455666677887788
12221332143314554455666788678877
12221332143314554455667786678887
12221332143314554455666786778887
12221332143314554455677766678888
12221332143314554455677768876688
12221332143314554455677766876888
12221332143314554455677766786888
12221332143314554455678867786678
12221332143314554455677767886688
12221332143314554455677867786688
12221332143314554455667768876887
12221332143314554455667867786788
12221332143314554455667767786888
12221332143314554455667768776888
12221332143314554455666767778888
12221332143314554455666768778887
12221332143314554455666768878877
12221332143314554455667766878887
12221332143314554455667766778888
12221332143314556455647766878887
12221332143314556455647768876887
12221332143314556455647867786788
12221332143314556455647767786888
12221332143314556455647766778888
12221332143314556455647768776888
12221332143314456455666577778888
12221332143314456455666578887778
12221332143314456455666577787888
12221332143314456455666577887788
12221332143314456455667586778887
12221332143314456455677566778888
12221332143314456455677568776888
12221332143314456455678567886778
12221332143314456455677567886788
12221332143314456455677567786888
12221332143314456455667567778888
12221332143314456455667568778887
12221332143314456475677566758888
12221332143314456475677568756888
12221332143314456475677567856888
12221332143314456475667567758888
12221332143314456455665786778887
12221332143314456455675867886778
12221332143314456455675867786788
12221332143314456455665767778888
12221332143314456455665768778887
12221332143314456455665768878877
12221332143514354455666677778888
12221332143514354455666678887778
12221332143514354455666677787888
12221332143514354455666677887788
12221332143514354455666788678877
12221332143514354455667786678887
12221332143514354455666786778887
12221332143514354455677766678888
12221332143514354455677768876688
12221332143514354455677766876888
12221332143514354455677766786888
12221332143514354455678867786678
12221332143514354455677767886688
12221332143514354455677867786688
12221332143514354455667768876887
12221332143514354455667867786788
12221332143514354455667767786888
12221332143514354455667768776888
12221332143514354455666767778888
12221332143514354455666768778887
12221332143514354455666768878877
12221332143514354455667766878887
12221332143514354455667766778888
12221332143514354465666577778888
12221332143514354465666578887778
12221332143514354465666577787888
12221332143514354465666577887788
12221332143514354465766577687888
12221332143514354465766576887788
12221332143514354465776576687888
12221332143514354465776578667888
12221332143514354465776577668888
12221332143514356445666577778888
12221332143514356445666578887778
12221332143514356445666577787888
12221332143514356445666577887788
12221332143514356445667586778887
12221332143514356445677566778888
12221332143514356445677568776888
12221332143514356445678567886778
12221332143514356445677567886788
12221332143514356445677567786888
12221332143514356445667567778888
12221332143514356445667568778887
12221332143514356455647766878887
12221332143514356455647768876887
12221332143514356455647867786788
12221332143514356455647767786888
12221332143514356455647766778888
12221332143514356455647768776888
12221332143514356475647566778888
12221332143514356475647567786888
12221332143514356475647568776888
12221342134413345555666677778888
12221342134413345555666678887778
12221342134413345555666677787888
12221342134413345555666677887788
12221342134413345555666788678877
12221342134413345555667786678887
12221342134413345555666786778887
12221342134413345555677766678888
12221342134413345555677768876688
12221342134413345555677766876888
12221342134413345555677766786888
12221342134413345555678867786678
12221342134413345555677767886688
12221342134413345555677867786688
12221342134413345555667768876887
12221342134413345555667867786788
12221342134413345555667767786888
12221342134413345555667768776888
12221342134413345555666767778888
12221342134413345555666768778887
12221342134413345555666768878877
12221342134413345555667766878887
12221342134413345555667766778888
12221342134413345556775687768886
12221342134413345556785678867786
12221342134413345556775678667888
12221342134413345556775678867886
12221342134413345556775677668888
12221342134413345556775677868886
12221342134413345566755677768888
12221342134413345566755678867788
12221342134413345566755677867888
12221342134413345566758675867788
12221342134413345567856785678867
12221342134413345566756875687788
12221342134413345566756675887788
12221342134413345556756677768888
12221342134413345556756678867788
12221342134413345556756677867888
12221342134413345556758678867786
12221342134413345556758677867886
12221342134413345556756677687888
12221342134413345666555677778888
12221342134413345666555678887778
12221342134413345666555677787888
12221342134413345666555677887788
12221342134413345666557685778887
12221342134413345666577655778888
12221342134413345666577658775888
12221342134413345666578657885778
12221342134413345666577657885788
12221342134413345666577657785888
12221342134413345666557657778888
12221342134413345666557658778887
12221342134413345667556785678887
12221342134413345667586758675887
12221342134413345667556758678887
12221342134413345666556785778887
12221342134413345666576857885778
12221342134413345666576857785788
12221342134413345666556757778888
12221342134413345666556758778887
12221342134413345666556758878877
12221342134413345677566755678888
12221342134413345677566758675888
12221342134413345677568756875688
12221342134413345677566756875888
12221342134413345678567856785678
12221342134413345677567856785688
12221342134413345677567756685888
12221342134413345677567756885688
12221342134413345667567756875888
12221342134413345667568756875887
12221342134413345667567756785888
12221342134413345666567755878887
12221342134413345666567758875887
12221342134413345666567857785788
12221342134413345666567757785888
12221342134413345666567755778888
12221342134413345666567758775888
12221342134413345667566755778888
12221342134413345667566755878887
12221342134413345667566758775888
12221342134413345667566758875887
12221342134413345566578657867788
12221342134413345566577657768888
12221342134413345567566758678887
12221342134413345567586758678867
12221342134413345567566756778888
12221342134413345567566756878887
12221342134413345566566757778888
12221342134413345566566758778887
12221342134413345566566758878877
12221342134413345566576857687788
12221342134413345566576657778888
12221342134413345566576657887788
12221342134413345556566677778888
12221342134413345556566678887778
12221342134413345556566677787888
12221342134413345556566677887788
12221342134413345556577688768876
12221342134413345556576677768888
12221342134413345556576677867888
12221342134413345556578677867886
12221342134413345556576677687888
12221342134413345556577677668888
12221342134413345556577677868886
12221342134413345556577687768886
12221342134413345566557677768888
12221342134413345566557688768877
12221342134413345567556786678887
12221342134413345567556788678867
12221342134413345566556788678877
12221342134413345566556677778888
12221342134413345566556678887778
12221342134413345566556677787888
12221342134413345566556677887788
12221342134413546355666577778888
12221342134413546355666578887778
12221342134413546355666577787888
12221342134413546355666577887788
12221342134413546355667586778887
12221342134413546355677566778888
12221342134413546355677568776888
12221342134413546355678567886778
12221342134413546355677567886788
12221342134413546355677567786888
12221342134413546355667567778888
12221342134413546355667568778887
12221342134413546357665786578887
12221342134413546357655766778888
12221342134413546357655766878887
12221342134413546357655768776888
12221342134413546357655768876887
12221342134413546357685768576887
12221342134413546357665768578887
12221342134413546355665786778887
12221342134413546355675867886778
12221342134413546355675867786788
12221342134413546355665767778888
12221342134413546355665768778887
12221342134413546355665768878877
12221342134513456345666577778888
12221342134513456345666578887778
12221342134513456345666577787888
12221342134513456345666577887788
12221342134513456345667586778887
12221342134513456345677566778888
12221342134513456345677568776888
12221342134513456345678567886778
12221342134513456345677567886788
12221342134513456345677567786888
12221342134513456345667567778888
12221342134513456345667568778887
12221342134413456355666577778888
12221342134413456355666578887778
12221342134413456355666577787888
12221342134413456355666577887788
12221342134413456355667586778887
12221342134413456355677566778888
12221342134413456355677568776888
12221342134413456355678567886778
12221342134413456355677567886788
12221342134413456355677567786888
12221342134413456355667567778888
12221342134413456355667568778887
12221342134413456375677566758888
12221342134413456375677568756888
12221342134413456375677567856888
12221342134413456375667567758888
12221342134413456355665786778887
12221342134413456355675867886778
12221342134413456355675867786788
12221342134413456355665767778888
12221342134413456355665768778887
12221342134413456355665768878877
12221332134413545554666677778888
12221332134413545554666678887778
12221332134413545554666677787888
12221332134413545554666677887788
12221332134413545554666788678877
12221332134413545554667786678887
12221332134413545554666786778887
12221332134413545554677766678888
12221332134413545554677768876688
12221332134413545554677766876888
12221332134413545554677766786888
12221332134413545554678867786678
12221332134413545554677767886688
12221332134413545554677867786688
12221332134413545554667768876887
12221332134413545554667867786788
12221332134413545554667767786888
12221332134413545554667768776888
12221332134413545554666767778888
12221332134413545554666768778887
12221332134413545554666768878877
12221332134413545554667766878887
12221332134413545554667766778888
12221332134413546654765576887788
12221332134413546654765876587788
12221332134413546554665786778887
12221332134413546554675867886778
12221332134413546554675867786788
12221332134413546554665767778888
12221332134413546554665768778887
12221332134413546554665768878877
12221332134413546754675567786888
12221332134413546754675567886788
12221332134413546754675867586788
12221332134413546554657766878887
12221332134413546554657768876887
12221332134413546554657867786788
12221332134413546554657767786888
12221332134413546554657766778888
12221332134413546554657768776888
12221332134413546654655767778888
12221332134413546654655768778887
12221332134413546654655768878877
12221332134413546654675567778888
12221332134413546654675567887788
12221332134413546654675867587788
12221332134413546654665577778888
12221332134413546654665578887778
12221332134413546654665577787888
12221332134413546654665577887788
12221332134413546654665788578877
12221332134513456645764576887788
12221332134513456445666577778888
12221332134513456445666578887778
12221332134513456445666577787888
12221332134513456445666577887788
12221332134513456445667586778887
12221332134513456445677566778888
12221332134513456445677568776888
12221332134513456445678567886778
12221332134513456445677567886788
12221332134513456445677567786888
12221332134513456445667567778888
12221332134513456445667568778887
12221332134513456745674567786888
12221332134513456745674567886788
12221332134513456645674567778888
12221332134513456645674567887788
12221332134513456645664577778888
12221332134513456645664578887778
12221332134513456645664577787888
12221332134513456645664577887788
12221332134413456645766577758888
12221332134413456645766578857788
12221332134413456645766577857888
12221332134413456645765576887788
12221332134413456645768576857788
12221332134413456745677566758888
12221332134413456745677568756888
12221332134413456745675567786888
12221332134413456745675567886788
12221332134413456745678567856788
12221332134413456745677567856888
12221332134413456645675567778888
12221332134413456645675567887788
12221332134413456645678567857788
12221332134413456645677567758888
12221332134413456645665577778888
12221332134413456645665578887778
12221332134413456645665577787888
12221332134413456645665577887788
12221332134413456645667577758888
12221332134413456645667588758877
12221332134413445555666677778888
12221332134413445555666678887778
12221332134413445555666677787888
12221332134413445555666677887788
12221332134413445555666788678877
12221332134413445555667786678887
12221332134413445555666786778887
12221332134413445555677766678888
12221332134413445555677768876688
12221332134413445555677766876888
12221332134413445555677766786888
12221332134413445555678867786678
12221332134413445555677767886688
12221332134413445555677867786688
12221332134413445555667768876887
12221332134413445555667867786788
12221332134413445555667767786888
12221332134413445555667768776888
12221332134413445555666767778888
12221332134413445555666768778887
12221332134413445555666768878877
12221332134413445555667766878887
12221332134413445555667766778888
12221332134413445556775687768886
12221332134413445556785678867786
12221332134413445556775678667888
12221332134413445556775678867886
12221332134413445556775677668888
12221332134413445556775677868886
12221332134413445566755677768888
12221332134413445566755678867788
12221332134413445566755677867888
12221332134413445566758675867788
12221332134413445567856785678867
12221332134413445566756875687788
12221332134413445566756675887788
12221332134413445556756677768888
12221332134413445556756678867788
12221332134413445556756677867888
12221332134413445556758678867786
12221332134413445556758677867886
12221332134413445556756677687888
12221332134413445666555677778888
12221332134413445666555678887778
12221332134413445666555677787888
12221332134413445666555677887788
12221332134413445666557685778887
12221332134413445666577655778888
12221332134413445666577658775888
12221332134413445666578657885778
12221332134413445666577657885788
12221332134413445666577657785888
12221332134413445666557657778888
12221332134413445666557658778887
12221332134413445667556785678887
12221332134413445667586758675887
12221332134413445667556758678887
12221332134413445666556785778887
12221332134413445666576857885778
12221332134413445666576857785788
12221332134413445666556757778888
12221332134413445666556758778887
12221332134413445666556758878877
12221332134413445677566755678888
12221332134413445677566758675888
12221332134413445677568756875688
12221332134413445677566756875888
12221332134413445678567856785678
12221332134413445677567856785688
12221332134413445677567756685888
12221332134413445677567756885688
12221332134413445667567756875888
12221332134413445667568756875887
12221332134413445667567756785888
12221332134413445666567755878887
12221332134413445666567758875887
12221332134413445666567857785788
12221332134413445666567757785888
12221332134413445666567755778888
12221332134413445666567758775888
12221332134413445667566755778888
12221332134413445667566755878887
12221332134413445667566758775888
12221332134413445667566758875887
12221332134413445566578657867788
12221332134413445566577657768888
12221332134413445567566758678887
12221332134413445567586758678867
12221332134413445567566756778888
12221332134413445567566756878887
12221332134413445566566757778888
12221332134413445566566758778887
12221332134413445566566758878877
12221332134413445566576857687788
12221332134413445566576657778888
12221332134413445566576657887788
12221332134413445556566677778888
12221332134413445556566678887778
12221332134413445556566677787888
12221332134413445556566677887788
12221332134413445556577688768876
12221332134413445556576677768888
12221332134413445556576677867888
12221332134413445556578677867886
12221332134413445556576677687888
12221332134413445556577677668888
12221332134413445556577677868886
12221332134413445556577687768886
12221332134413445566557677768888
12221332134413445566557688768877
12221332134413445567556786678887
12221332134413445567556788678867
12221332134413445566556788678877
12221332134413445566556677778888
12221332134413445566556678887778
12221332134413445566556677787888
12221332134413445566556677887788
12221332133414445555666677778888
12221332133414445555666678887778
12221332133414445555666677787888
12221332133414445555666677887788
12221332133414445555666788678877
12221332133414445555667786678887
12221332133414445555666786778887
12221332133414445555677766678888
12221332133414445555677768876688
12221332133414445555677766876888
12221332133414445555677766786888
12221332133414445555678867786678
12221332133414445555677767886688
12221332133414445555677867786688
12221332133414445555667768876887
12221332133414445555667867786788
12221332133414445555667767786888
12221332133414445555667768776888
12221332133414445555666767778888
12221332133414445555666768778887
12221332133414445555666768878877
12221332133414445555667766878887
12221332133414445555667766778888
12221332133414445556775687768886
12221332133414445556785678867786
12221332133414445556775678667888
12221332133414445556775678867886
12221332133414445556775677668888
12221332133414445556775677868886
12221332133414445566755677768888
12221332133414445566755678867788
12221332133414445566755677867888
12221332133414445566758675867788
12221332133414445567856785678867
12221332133414445566756875687788
12221332133414445566756675887788
12221332133414445556756677768888
12221332133414445556756678867788
12221332133414445556756677867888
12221332133414445556758678867786
12221332133414445556758677867886
12221332133414445556756677687888
12221332133414445666555677778888
12221332133414445666555678887778
12221332133414445666555677787888
12221332133414445666555677887788
12221332133414445666557685778887
12221332133414445666577655778888
12221332133414445666577658775888
12221332133414445666578657885778
12221332133414445666577657885788
12221332133414445666577657785888
12221332133414445666557657778888
12221332133414445666557658778887
12221332133414445667556785678887
12221332133414445667586758675887
12221332133414445667556758678887
12221332133414445666556785778887
12221332133414445666576857885778
12221332133414445666576857785788
12221332133414445666556757778888
12221332133414445666556758778887
12221332133414445666556758878877
12221332133414445677566755678888
12221332133414445677566758675888
12221332133414445677568756875688
12221332133414445677566756875888
12221332133414445678567856785678
12221332133414445677567856785688
12221332133414445677567756685888
12221332133414445677567756885688
12221332133414445667567756875888
12221332133414445667568756875887
12221332133414445667567756785888
12221332133414445666567755878887
12221332133414445666567758875887
12221332133414445666567857785788
12221332133414445666567757785888
12221332133414445666567755778888
12221332133414445666567758775888
12221332133414445667566755778888
12221332133414445667566755878887
12221332133414445667566758775888
12221332133414445667566758875887
12221332133414445566578657867788
12221332133414445566577657768888
12221332133414445567566758678887
12221332133414445567586758678867
12221332133414445567566756778888
12221332133414445567566756878887
12221332133414445566566757778888
12221332133414445566566758778887
12221332133414445566566758878877
12221332133414445566576857687788
12221332133414445566576657778888
12221332133414445566576657887788
12221332133414445556566677778888
12221332133414445556566678887778
12221332133414445556566677787888
12221332133414445556566677887788
12221332133414445556577688768876
12221332133414445556576677768888
12221332133414445556576677867888
12221332133414445556578677867886
12221332133414445556576677687888
12221332133414445556577677668888
12221332133414445556577677868886
12221332133414445556577687768886
12221332133414445566557677768888
12221332133414445566557688768877
12221332133414445567556786678887
12221332133414445567556788678867
12221332133414445566556788678877
12221332133414445566556677778888
12221332133414445566556678887778
12221332133414445566556677787888
12221332133414445566556677887788
12221332133415546654765476887788
12221332133415546754675467786888
12221332133415546754675467886788
12221332133415546654675467778888
12221332133415546654675467887788
12221332133415546654665477778888
12221332133415546654665478887778
12221332133415546654665477787888
12221332133415546654665477887788
12221332133415445554666677778888
12221332133415445554666678887778
12221332133415445554666677787888
12221332133415445554666677887788
12221332133415445554666788678877
12221332133415445554667786678887
12221332133415445554666786778887
12221332133415445554677766678888
12221332133415445554677768876688
12221332133415445554677766876888
12221332133415445554677766786888
12221332133415445554678867786678
12221332133415445554677767886688
12221332133415445554677867786688
12221332133415445554667768876887
12221332133415445554667867786788
12221332133415445554667767786888
12221332133415445554667768776888
12221332133415445554666767778888
12221332133415445554666768778887
12221332133415445554666768878877
12221332133415445554667766878887
12221332133415445554667766778888
12221332133415445564756677768888
12221332133415445564756678867788
12221332133415445564756677867888
12221332133415445564756876687788
12221332133415445564756677687888
12221332133415446554665786778887
12221332133415446554675867886778
12221332133415446554675867786788
12221332133415446554665767778888
12221332133415446554665768778887
12221332133415446554665768878877
12221332133415446574657765876888
12221332133415446574657765786888
12221332133415446554657766878887
12221332133415446554657768876887
12221332133415446554657867786788
12221332133415446554657767786888
12221332133415446554657766778888
12221332133415446554657768776888
12221332133415445564566677778888
12221332133415445564566678887778
12221332133415445564566677787888
12221332133415445564566677887788
12221332133415445564566788678877
12221332133415445564576677768888
12221332133415445564576677867888
12221332133415445564576677687888
12221332133415445564566786778887
12221332133415645564756477687888
12221332133415647564756475687888
12221332133415645564566477778888
12221332133415645564566478887778
12221332133415645564566477787888
12221332133415645564566477887788
12221332133415645564576477687888
12221332133415445546756677768888
12221332133415445546756678867788
12221332133415445546756677867888
12221332133415445546758678867786
12221332133415445546758677867886
12221332133415445546756677687888
12221332133415446547655766778888
12221332133415446547655766878887
12221332133415446547655768776888
12221332133415446547655768876887
12221332133415446547657765876888
12221332133415446547658765876887
12221332133415446547657765786888
12221332133415445546566677778888
12221332133415445546566678887778
12221332133415445546566677787888
12221332133415445546566677887788
12221332133415445546577688768876
12221332133415445546576677768888
12221332133415445546576677867888
12221332133415445546578677867886
12221332133415445546576677687888
12221332133415445546577677668888
12221332133415445546577677868886
12221332133415445546577687768886
12221332133415545544666677778888
12221332133415545544666678887778
12221332133415545544666677787888
12221332133415545544666677887788
12221332133415545544666788678877
12221332133415545544667786678887
12221332133415545544666786778887
12221332133415545544677766678888
12221332133415545544677768876688
