11221223144354435563756677867888
11221223144354435563756876687788
11221223144354435563756677687888
11221223144354435663556677778888
11221223144354435663556678887778
11221223144354435663556677787888
11221223144354435663556677887788
11221223144354435663556788678877
11221223144354435663576657778888
11221223144354435663576657887788
11221223144354435663576857687788
11221223144354435673567756678888
11221223144354435663567756878887
11221223144354435663567756778888
11221223144354435663566757778888
11221223144354435663566758778887
11221223144354435663566758878877
11221223144354435563566677778888
11221223144354435563566678887778
11221223144354435563566677787888
11221223144354435563566677887788
11221223144354435563566788678877
11221223144354435563576677768888
11221223144354435563576677867888
11221223144354435563576677687888
11221223144354435563566786778887
11221324132433445555666677778888
11221324132433445555666678887778
11221324132433445555666677787888
11221324132433445555666677887788
11221324132433445555666788678877
11221324132433445555667786678887
11221324132433445555666786778887
11221324132433445555677766678888
11221324132433445555677768876688
11221324132433445555677766876888
11221324132433445555677766786888
11221324132433445555678867786678
11221324132433445555677767886688
11221324132433445555677867786688
11221324132433445555667768876887
11221324132433445555667867786788
11221324132433445555667767786888
11221324132433445555667768776888
11221324132433445555666767778888
11221324132433445555666768778887
11221324132433445555666768878877
11221324132433445555667766878887
11221324132433445555667766778888
11221324132433445556775687768886
11221324132433445556785678867786
11221324132433445556775678667888
11221324132433445556775678867886
11221324132433445556775677668888
11221324132433445556775677868886
11221324132433445566755677768888
11221324132433445566755678867788
11221324132433445566755677867888
11221324132433445566758675867788
11221324132433445567856785678867
11221324132433445566756875687788
11221324132433445566756675887788
11221324132433445556756677768888
11221324132433445556756678867788
11221324132433445556756677867888
11221324132433445556758678867786
11221324132433445556758677867886
11221324132433445556756677687888
11221324132433445666555677778888
11221324132433445666555678887778
11221324132433445666555677787888
11221324132433445666555677887788
11221324132433445666557685778887
11221324132433445666577655778888
11221324132433445666577658775888
11221324132433445666578657885778
11221324132433445666577657885788
11221324132433445666577657785888
11221324132433445666557657778888
11221324132433445666557658778887
11221324132433445667556785678887
11221324132433445667586758675887
11221324132433445667556758678887
11221324132433445666556785778887
11221324132433445666576857885778
11221324132433445666576857785788
11221324132433445666556757778888
11221324132433445666556758778887
11221324132433445666556758878877
11221324132433445677566755678888
11221324132433445677566758675888
11221324132433445677568756875688
11221324132433445677566756875888
11221324132433445678567856785678
11221324132433445677567856785688
11221324132433445677567756685888
11221324132433445677567756885688
11221324132433445667567756875888
11221324132433445667568756875887
11221324132433445667567756785888
11221324132433445666567755878887
11221324132433445666567758875887
11221324132433445666567857785788
11221324132433445666567757785888
11221324132433445666567755778888
11221324132433445666567758775888
11221324132433445667566755778888
11221324132433445667566755878887
11221324132433445667566758775888
11221324132433445667566758875887
11221324132433445566578657867788
11221324132433445566577657768888
11221324132433445567566758678887
11221324132433445567586758678867
11221324132433445567566756778888
11221324132433445567566756878887
11221324132433445566566757778888
11221324132433445566566758778887
11221324132433445566566758878877
11221324132433445566576857687788
11221324132433445566576657778888
11221324132433445566576657887788
11221324132433445556566677778888
11221324132433445556566678887778
11221324132433445556566677787888
11221324132433445556566677887788
11221324132433445556577688768876
11221324132433445556576677768888
11221324132433445556576677867888
11221324132433445556578677867886
11221324132433445556576677687888
11221324132433445556577677668888
11221324132433445556577677868886
11221324132433445556577687768886
11221324132433445566557677768888
11221324132433445566557688768877
11221324132433445567556786678887
11221324132433445567556788678867
11221324132433445566556788678877
11221324132433445566556677778888
11221324132433445566556678887778
11221324132433445566556677787888
11221324132433445566556677887788
11221324132433545554666677778888
11221324132433545554666678887778
11221324132433545554666677787888
11221324132433545554666677887788
11221324132433545554666788678877
11221324132433545554667786678887
11221324132433545554666786778887
11221324132433545554677766678888
11221324132433545554677768876688
11221324132433545554677766876888
11221324132433545554677766786888
11221324132433545554678867786678
11221324132433545554677767886688
11221324132433545554677867786688
11221324132433545554667768876887
11221324132433545554667867786788
11221324132433545554667767786888
11221324132433545554667768776888
11221324132433545554666767778888
11221324132433545554666768778887
11221324132433545554666768878877
11221324132433545554667766878887
11221324132433545554667766778888
11221324132433546654765576887788
11221324132433546654765876587788
11221324132433546554665786778887
11221324132433546554675867886778
11221324132433546554675867786788
11221324132433546554665767778888
11221324132433546554665768778887
11221324132433546554665768878877
11221324132433546754675567786888
11221324132433546754675567886788
11221324132433546754675867586788
11221324132433546554657766878887
11221324132433546554657768876887
11221324132433546554657867786788
11221324132433546554657767786888
11221324132433546554657766778888
11221324132433546554657768776888
11221324132433546654655767778888
11221324132433546654655768778887
11221324132433546654655768878877
11221324132433546654675567778888
11221324132433546654675567887788
11221324132433546654675867587788
11221324132433546654665577778888
11221324132433546654665578887778
11221324132433546654665577787888
11221324132433546654665577887788
11221324132433546654665788578877
11221324132453345554666677778888
11221324132453345554666678887778
11221324132453345554666677787888
11221324132453345554666677887788
11221324132453345554666788678877
11221324132453345554667786678887
11221324132453345554666786778887
11221324132453345554677766678888
11221324132453345554677768876688
11221324132453345554677766876888
11221324132453345554677766786888
11221324132453345554678867786678
11221324132453345554677767886688
11221324132453345554677867786688
11221324132453345554667768876887
11221324132453345554667867786788
11221324132453345554667767786888
11221324132453345554667768776888
11221324132453345554666767778888
11221324132453345554666768778887
11221324132453345554666768878877
11221324132453345554667766878887
11221324132453345554667766778888
11221324132453345564756677768888
11221324132453345564756678867788
11221324132453345564756677867888
11221324132453345564756876687788
11221324132453345564756677687888
11221324132453345664556677778888
11221324132453345664556678887778
11221324132453345664556677787888
11221324132453345664556677887788
11221324132453345664556788678877
11221324132453345664576657778888
11221324132453345664576657887788
11221324132453345664576857687788
11221324132453345674567756678888
11221324132453345664567756878887
11221324132453345664567756778888
11221324132453345664566757778888
11221324132453345664566758778887
11221324132453345664566758878877
11221324132453345564566677778888
11221324132453345564566678887778
11221324132453345564566677787888
11221324132453345564566677887788
11221324132453345564566788678877
11221324132453345564576677768888
11221324132453345564576677867888
11221324132453345564576677687888
11221324132453345564566786778887
11221324132453445366557677768888
11221324132453445366557688768877
11221324132453445366578657867788
11221324132453445366577657768888
11221324132453445367556786678887
11221324132453445367556788678867
11221324132453445367566758678887
11221324132453445367586758678867
11221324132453445367566756778888
11221324132453445367566756878887
11221324132453445366556788678877
11221324132453445366566757778888
11221324132453445366566758778887
11221324132453445366566758878877
11221324132453445366576857687788
11221324132453445366556677778888
11221324132453445366556678887778
11221324132453445366556677787888
11221324132453445366556677887788
11221324132453445366576657778888
11221324132453445366576657887788
11221324132453645364556677778888
11221324132453645364556678887778
11221324132453645364556677787888
11221324132453645364556677887788
11221324132453645364556788678877
11221324132453645364566757778888
11221324132453645364566758778887
11221324132453645364566758878877
11221324132453645364576657778888
11221324132453645364576657887788
11221324132453645364576857687788
11221322133344445555666677778888
11221322133344445555666678887778
11221322133344445555666677787888
11221322133344445555666677887788
11221322133344445555666788678877
11221322133344445555667786678887
11221322133344445555666786778887
11221322133344445555677766678888
11221322133344445555677768876688
11221322133344445555677766876888
11221322133344445555677766786888
11221322133344445555678867786678
11221322133344445555677767886688
11221322133344445555677867786688
11221322133344445555667768876887
11221322133344445555667867786788
11221322133344445555667767786888
11221322133344445555667768776888
11221322133344445555666767778888
11221322133344445555666768778887
11221322133344445555666768878877
11221322133344445555667766878887
11221322133344445555667766778888
11221322133344445556775687768886
11221322133344445556785678867786
11221322133344445556775678667888
11221322133344445556775678867886
11221322133344445556775677668888
11221322133344445556775677868886
11221322133344445566755677768888
11221322133344445566755678867788
11221322133344445566755677867888
11221322133344445566758675867788
11221322133344445567856785678867
11221322133344445566756875687788
11221322133344445566756675887788
11221322133344445556756677768888
11221322133344445556756678867788
11221322133344445556756677867888
11221322133344445556758678867786
11221322133344445556758677867886
11221322133344445556756677687888
11221322133344445666555677778888
11221322133344445666555678887778
11221322133344445666555677787888
11221322133344445666555677887788
11221322133344445666557685778887
11221322133344445666577655778888
11221322133344445666577658775888
11221322133344445666578657885778
11221322133344445666577657885788
11221322133344445666577657785888
11221322133344445666557657778888
11221322133344445666557658778887
11221322133344445667556785678887
11221322133344445667586758675887
11221322133344445667556758678887
11221322133344445666556785778887
11221322133344445666576857885778
11221322133344445666576857785788
11221322133344445666556757778888
11221322133344445666556758778887
11221322133344445666556758878877
11221322133344445677566755678888
11221322133344445677566758675888
11221322133344445677568756875688
11221322133344445677566756875888
11221322133344445678567856785678
11221322133344445677567856785688
11221322133344445677567756685888
11221322133344445677567756885688
11221322133344445667567756875888
11221322133344445667568756875887
11221322133344445667567756785888
11221322133344445666567755878887
11221322133344445666567758875887
11221322133344445666567857785788
11221322133344445666567757785888
11221322133344445666567755778888
11221322133344445666567758775888
11221322133344445667566755778888
11221322133344445667566755878887
11221322133344445667566758775888
11221322133344445667566758875887
11221322133344445566578657867788
11221322133344445566577657768888
11221322133344445567566758678887
11221322133344445567586758678867
11221322133344445567566756778888
11221322133344445567566756878887
11221322133344445566566757778888
11221322133344445566566758778887
11221322133344445566566758878877
11221322133344445566576857687788
11221322133344445566576657778888
11221322133344445566576657887788
11221322133344445556566677778888
11221322133344445556566678887778
11221322133344445556566677787888
11221322133344445556566677887788
11221322133344445556577688768876
11221322133344445556576677768888
11221322133344445556576677867888
11221322133344445556578677867886
11221322133344445556576677687888
11221322133344445556577677668888
11221322133344445556577677868886
11221322133344445556577687768886
11221322133344445566557677768888
11221322133344445566557688768877
11221322133344445567556786678887
11221322133344445567556788678867
11221322133344445566556788678877
11221322133344445566556677778888
11221322133344445566556678887778
11221322133344445566556677787888
11221322133344445566556677887788
11221322133344456645766577758888
11221322133344456645766578857788
11221322133344456645766577857888
11221322133344456645765576887788
11221322133344456645768576857788
11221322133344456745677566758888
11221322133344456745677568756888
11221322133344456745675567786888
11221322133344456745675567886788
11221322133344456745678567856788
11221322133344456745677567856888
11221322133344456645675567778888
11221322133344456645675567887788
11221322133344456645678567857788
11221322133344456645677567758888
11221322133344456645665577778888
11221322133344456645665578887778
11221322133344456645665577787888
11221322133344456645665577887788
11221322133344456645667577758888
11221322133344456645667588758877
11221322133344556445666577778888
11221322133344556445666578887778
11221322133344556445666577787888
11221322133344556445666577887788
11221322133344556445667586778887
11221322133344556445677566778888
11221322133344556445677568776888
11221322133344556445678567886778
11221322133344556445677567886788
11221322133344556445677567786888
11221322133344556445667567778888
11221322133344556445667568778887
11221322133344556475647566778888
11221322133344556475647567786888
11221322133344556475647568776888
11221322133344567456745677568888
11221322133344567456745678567888
11221322133344556457645766778888
11221322133344556457645766878887
11221322133344556457645768776888
11221322133344556457645768876887
11221322133344556455647766878887
11221322133344556455647768876887
11221322133344556455647867786788
11221322133344556455647767786888
11221322133344556455647766778888
11221322133344556455647768776888
11221322133344456455666577778888
11221322133344456455666578887778
11221322133344456455666577787888
11221322133344456455666577887788
11221322133344456455667586778887
11221322133344456455677566778888
11221322133344456455677568776888
11221322133344456455678567886778
11221322133344456455677567886788
11221322133344456455677567786888
11221322133344456455667567778888
11221322133344456455667568778887
11221322133344456475677566758888
11221322133344456475677568756888
11221322133344456475677567856888
11221322133344456475667567758888
11221322133344456455665786778887
11221322133344456455675867886778
11221322133344456455675867786788
11221322133344456455665767778888
11221322133344456455665768778887
11221322133344456455665768878877
11221322133345554445666677778888
11221322133345554445666678887778
11221322133345554445666677787888
11221322133345554445666677887788
11221322133345554445666788678877
11221322133345554445667786678887
11221322133345554445666786778887
11221322133345554445677766678888
11221322133345554445677768876688
11221322133345554445677766876888
11221322133345554445677766786888
11221322133345554445678867786678
11221322133345554445677767886688
11221322133345554445677867786688
11221322133345554445667768876887
11221322133345554445667867786788
11221322133345554445667767786888
11221322133345554445667768776888
11221322133345554445666767778888
11221322133345554445666768778887
11221322133345554445666768878877
11221322133345554445667766878887
11221322133345554445667766778888
11221322133345554465746677768888
11221322133345554465746678867788
11221322133345554465746677867888
11221322133345554465746876687788
11221322133345554465746677687888
11221322133345554665446677778888
11221322133345554665446678887778
11221322133345554665446677787888
11221322133345554665446677887788
11221322133345554665446788678877
11221322133345554665476647778888
11221322133345554665476647887788
11221322133345554665476847687788
11221322133345554675467746678888
11221322133345554665467746878887
11221322133345554665467746778888
11221322133345554665466747778888
11221322133345554665466748778887
11221322133345554665466748878877
11221322133345554465466677778888
11221322133345554465466678887778
11221322133345554465466677787888
11221322133345554465466677887788
11221322133345554465466788678877
11221322133345554465476677768888
11221322133345554465476677867888
11221322133345554465476677687888
11221322133345554465466786778887
11221322133345564456745677768888
11221322133345564456745678867788
11221322133345564456745677867888
11221322133345564756475647768888
11221322133345564456475677768888
11221322133345564456475677867888
11221322133345554456746677768888
11221322133345554456746678867788
11221322133345554456746677867888
11221322133345554456748678867786
11221322133345554456748677867886
11221322133345554456746677687888
11221322133345554657466748678887
11221322133345554657467746678888
11221322133345554657466746778888
11221322133345554657466746878887
11221322133345554456466677778888
11221322133345554456466678887778
11221322133345554456466677787888
11221322133345554456466677887788
11221322133345554456477688768876
11221322133345554456476677768888
11221322133345554456476677867888
11221322133345554456478677867886
11221322133345554456476677687888
11221322133345554456477677668888
11221322133345554456477677868886
11221322133345554456477687768886
11221322133345664556445677778888
11221322133345664556445678887778
11221322133345664556445677787888
11221322133345664556445677887788
11221322133345664556475647778888
11221322133345664556475647887788
11221322133345664576457645778888
11221322133345664556457647778888
11221322133345664556457648778887
11221322133345674567456745678888
11221322133345664567456745778888
11221322133345664567456745878887
11221322133345664566455747778888
11221322133345664566455748778887
11221322133345664566455748878877
11221322133345664566457745878887
11221322133345664566457745778888
11221322133345564566457647778888
11221322133345564566457648778887
11221322133345564576457647768888
11221322133345564566456747778888
11221322133345564566456748778887
11221322133345564566456748878877
11221322133345554566447677768888
11221322133345554566447688768877
11221322133345554566478647867788
11221322133345554566477647768888
11221322133345554567446786678887
11221322133345554567446788678867
11221322133345554567466748678887
11221322133345554567486748678867
11221322133345554567466746778888
11221322133345554567466746878887
11221322133345554566446788678877
11221322133345554566466747778888
11221322133345554566466748778887
11221322133345554566466748878877
11221322133345554566476847687788
11221322133345554566446677778888
11221322133345554566446678887778
11221322133345554566446677787888
11221322133345554566446677887788
11221322133345554566476647778888
11221322133345554566476647887788
11221322133345564556446677778888
11221322133345564556446678887778
11221322133345564556446677787888
11221322133345564556446677887788
11221322133345564556447677768888
11221322133345564556447688768877
11221322133345564556476647778888
11221322133345564556476647887788
11221322133345564556478647867788
11221322133345564556477647768888
11221322133344554665476577687888
11221322133344554675467566778888
11221322133344554665467586778887
11221322133344554665466577778888
11221322133344554665466578887778
11221322133344554665466577787888
11221322133344554665466577887788
11221322133344564556475677768888
11221322133344564556475677867888
11221322133344564756475677568888
11221322133344564556456677778888
11221322133344564556456678887778
11221322133344564556456677787888
11221322133344564556456677887788
11221322133344564556457677768888
11221322133344564556457688768877
11221322133344554556466677778888
11221322133344554556466678887778
11221322133344554556466677787888
11221322133344554556466677887788
11221322133344554556477688768876
11221322133344554556476677768888
11221322133344554556476677867888
11221322133344554556478677867886
11221322133344554556476677687888
11221322133344554556477677668888
11221322133344554556477677868886
11221322133344554556477687768886
11221322133344554657465766778888
11221322133344554657465766878887
11221322133344554657465786678887
11221322133344554655466677778888
11221322133344554655466678887778
11221322133344554655466677787888
11221322133344554655466677887788
11221322133344554655466788678877
11221322133344554655467766878887
11221322133344554655467786678887
11221322133344554655467766778888
11221322133344554655466786778887
11221322133344454555666677778888
11221322133344454555666678887778
11221322133344454555666677787888
11221322133344454555666677887788
11221322133344454555666788678877
11221322133344454555667786678887
11221322133344454555666786778887
11221322133344454555677766678888
11221322133344454555677768876688
11221322133344454555677766876888
11221322133344454555677766786888
11221322133344454555678867786678
11221322133344454555677767886688
11221322133344454555677867786688
11221322133344454555667768876887
11221322133344454555667867786788
11221322133344454555667767786888
11221322133344454555667768776888
11221322133344454555666767778888
11221322133344454555666768778887
11221322133344454555666768878877
11221322133344454555667766878887
11221322133344454555667766778888
11221322133344454665776578657888
11221322133344454665776577658888
11221322133344454655666577778888
11221322133344454655666578887778
11221322133344454655666577787888
11221322133344454655666577887788
11221322133344454655667586778887
11221322133344454655766577687888
11221322133344454655766576887788
11221322133344454655667567778888
11221322133344454655667568778887
11221322133344454675667567758888
11221322133344454655665786778887
11221322133344454655765876687788
11221322133344454655665767778888
11221322133344454655665768778887
11221322133344454655665768878877
11221322133344454665665577778888
11221322133344454665665578887778
11221322133344454665665577787888
11221322133344454665665577887788
11221322133344454665667577758888
11221322133344454665667588758877
11221322133344454665765576887788
11221322133344454665768576857788
11221322133344454665766577758888
11221322133344454665766578857788
11221322133344454665766577857888
11221322133344554465666577778888
11221322133344554465666578887778
11221322133344554465666577787888
11221322133344554465666577887788
11221322133344554465766577687888
11221322133344554465766576887788
11221322133344554465776576687888
11221322133344554465776578667888
11221322133344554465776577668888
11221322133344564456755677768888
11221322133344564456755678867788
11221322133344564456755677867888
11221322133344564456775678567888
11221322133344564456775677568888
11221322133344554456775687768886
11221322133344554456785678867786
11221322133344554456775678667888
11221322133344554456775678867886
11221322133344554456775677668888
11221322133344554456775677868886
11221322133344554455666677778888
11221322133344554455666678887778
11221322133344554455666677787888
11221322133344554455666677887788
11221322133344554455666788678877
11221322133344554455667786678887
11221322133344554455666786778887
11221322133344554455677766678888
11221322133344554455677768876688
11221322133344554455677766876888
11221322133344554455677766786888
11221322133344554455678867786678
11221322133344554455677767886688
11221322133344554455677867786688
11221322133344554455667768876887
11221322133344554455667867786788
11221322133344554455667767786888
11221322133344554455667768776888
11221322133344554455666767778888
11221322133344554455666768778887
11221322133344554455666768878877
11221322133344554455667766878887
11221322133344554455667766778888
11221322133455346554666477778888
11221322133455346554666478887778
11221322133455346554666477787888
11221322133455346554666477887788
11221322133455346554667486778887
11221322133455346554677466778888
11221322133455346554677468776888
11221322133455346554678467886778
11221322133455346554677467886788
11221322133455346554677467786888
11221322133455346554667467778888
11221322133455346554667468778887
11221322133455346544657766878887
11221322133455346544657768876887
11221322133455346544657867786788
11221322133455346544657767786888
11221322133455346544657766778888
11221322133455346544657768776888
11221322133455346574657466778888
11221322133455346574657467786888
11221322133455346574657468776888
11221322133456345664556477778888
11221322133456345664556478887778
11221322133456345664556477787888
11221322133456345664556477887788
11221322133456345664576457778888
11221322133456345664576457887788
11221322133456345644566757778888
11221322133456345644566758778887
11221322133456345644566758878877
11221322133456345644567756878887
11221322133456345644567756778888
11221322133456345674567456778888
11221322133456345664567457778888
11221322133456345664567458778887
11221322133455345664576477687888
11221322133455345644566677778888
11221322133455345644566678887778
11221322133455345644566677787888
11221322133455345644566677887788
11221322133455345644566788678877
11221322133455345644567766878887
11221322133455345644567786678887
11221322133455345644567766778888
11221322133455345644566786778887
11221322133455345674567466778888
11221322133455345664567486778887
11221322133455345664566477778888
11221322133455345664566478887778
11221322133455345664566477787888
11221322133455345664566477887788
11221322133455345544666677778888
11221322133455345544666678887778
11221322133455345544666677787888
11221322133455345544666677887788
11221322133455345544666788678877
11221322133455345544667786678887
11221322133455345544666786778887
11221322133455345544677766678888
11221322133455345544677768876688
11221322133455345544677766876888
11221322133455345544677766786888
11221322133455345544678867786678
11221322133455345544677767886688
11221322133455345544677867786688
11221322133455345544667768876887
11221322133455345544667867786788
11221322133455345544667767786888
11221322133455345544667768776888
11221322133455345544666767778888
11221322133455345544666768778887
11221322133455345544666768878877
11221322133455345544667766878887
11221322133455345544667766778888
11221322133455345564666477778888
11221322133455345564666478887778
11221322133455345564666477787888
11221322133455345564666477887788
11221322133455345564766477687888
11221322133455345564766476887788
11221322133455345564776476687888
11221322133455345564776478667888
11221322133455345564776477668888
11221322134433545554666677778888
11221322134433545554666678887778
11221322134433545554666677787888
11221322134433545554666677887788
11221322134433545554666788678877
11221322134433545554667786678887
11221322134433545554666786778887
11221322134433545554677766678888
11221322134433545554677768876688
11221322134433545554677766876888
11221322134433545554677766786888
11221322134433545554678867786678
11221322134433545554677767886688
11221322134433545554677867786688
11221322134433545554667768876887
11221322134433545554667867786788
11221322134433545554667767786888
11221322134433545554667768776888
11221322134433545554666767778888
11221322134433545554666768778887
11221322134433545554666768878877
11221322134433545554667766878887
11221322134433545554667766778888
11221322134433546654765576887788
11221322134433546654765876587788
11221322134433546554665786778887
11221322134433546554675867886778
11221322134433546554675867786788
11221322134433546554665767778888
11221322134433546554665768778887
11221322134433546554665768878877
11221322134433546754675567786888
11221322134433546754675567886788
11221322134433546754675867586788
11221322134433546554657766878887
11221322134433546554657768876887
11221322134433546554657867786788
11221322134433546554657767786888
11221322134433546554657766778888
11221322134433546554657768776888
11221322134433546654655767778888
11221322134433546654655768778887
11221322134433546654655768878877
11221322134433546654675567778888
11221322134433546654675567887788
11221322134433546654675867587788
11221322134433546654665577778888
11221322134433546654665578887778
11221322134433546654665577787888
11221322134433546654665577887788
11221322134433546654665788578877
11221322134453345554666677778888
11221322134453345554666678887778
11221322134453345554666677787888
11221322134453345554666677887788
11221322134453345554666788678877
11221322134453345554667786678887
11221322134453345554666786778887
11221322134453345554677766678888
11221322134453345554677768876688
11221322134453345554677766876888
11221322134453345554677766786888
11221322134453345554678867786678
11221322134453345554677767886688
11221322134453345554677867786688
11221322134453345554667768876887
11221322134453345554667867786788
11221322134453345554667767786888
11221322134453345554667768776888
11221322134453345554666767778888
11221322134453345554666768778887
11221322134453345554666768878877
11221322134453345554667766878887
11221322134453345554667766778888
11221322134453345564756677768888
11221322134453345564756678867788
11221322134453345564756677867888
11221322134453345564756876687788
11221322134453345564756677687888
11221322134453345664556677778888
11221322134453345664556678887778
11221322134453345664556677787888
11221322134453345664556677887788
11221322134453345664556788678877
11221322134453345664576657778888
11221322134453345664576657887788
11221322134453345664576857687788
11221322134453345674567756678888
11221322134453345664567756878887
11221322134453345664567756778888
11221322134453345664566757778888
11221322134453345664566758778887
11221322134453345664566758878877
11221322134453345564566677778888
11221322134453345564566678887778
11221322134453345564566677787888
11221322134453345564566677887788
11221322134453345564566788678877
11221322134453345564576677768888
11221322134453345564576677867888
11221322134453345564576677687888
11221322134453345564566786778887
11221322134453645364556677778888
11221322134453645364556678887778
11221322134453645364556677787888
11221322134453645364556677887788
11221322134453645364556788678877
11221322134453645364566757778888
11221322134453645364566758778887
11221322134453645364566758878877
11221322134453645364576657778888
11221322134453645364576657887788
11221322134453645364576857687788
11221322134533456645764576887788
11221322134533456445666577778888
11221322134533456445666578887778
11221322134533456445666577787888
11221322134533456445666577887788
11221322134533456445667586778887
11221322134533456445677566778888
11221322134533456445677568776888
11221322134533456445678567886778
11221322134533456445677567886788
11221322134533456445677567786888
11221322134533456445667567778888
11221322134533456445667568778887
11221322134533456745674567786888
11221322134533456745674567886788
11221322134533456645674567778888
11221322134533456645674567887788
11221322134533456645664577778888
11221322134533456645664578887778
11221322134533456645664577787888
11221322134533456645664577887788
11221322134563456345664577778888
11221322134563456345664578887778
11221322134563456345664577787888
11221322134563456345664577887788
11221322134563456345674567778888
11221322134563456345674567887788
11221322134433456645766577758888
11221322134433456645766578857788
11221322134433456645766577857888
11221322134433456645765576887788
11221322134433456645768576857788
11221322134433456745677566758888
11221322134433456745677568756888
11221322134433456745675567786888
11221322134433456745675567886788
11221322134433456745678567856788
11221322134433456745677567856888
11221322134433456645675567778888
11221322134433456645675567887788
11221322134433456645678567857788
11221322134433456645677567758888
11221322134433456645665577778888
11221322134433456645665578887778
11221322134433456645665577787888
11221322134433456645665577887788
11221322134433456645667577758888
11221322134433456645667588758877
11221322134453465346556677778888
11221322134453465346556678887778
11221322134453465346556677787888
11221322134453465346556677887788
11221322134453465346557677768888
11221322134453465346557688768877
11221322134453465346576657778888
11221322134453465346576657887788
11221322134453465346578657867788
11221322134453465346577657768888
11221322134433445555666677778888
11221322134433445555666678887778
11221322134433445555666677787888
11221322134433445555666677887788
11221322134433445555666788678877
11221322134433445555667786678887
11221322134433445555666786778887
11221322134433445555677766678888
11221322134433445555677768876688
11221322134433445555677766876888
11221322134433445555677766786888
11221322134433445555678867786678
11221322134433445555677767886688
11221322134433445555677867786688
11221322134433445555667768876887
