11123312342234445666567755778888
11123312342234445666567758775888
11123312342234445667566755778888
11123312342234445667566755878887
11123312342234445667566758775888
11123312342234445667566758875887
11123312342234445566578657867788
11123312342234445566577657768888
11123312342234445567566758678887
11123312342234445567586758678867
11123312342234445567566756778888
11123312342234445567566756878887
11123312342234445566566757778888
11123312342234445566566758778887
11123312342234445566566758878877
11123312342234445566576857687788
11123312342234445566576657778888
11123312342234445566576657887788
11123312342234445556566677778888
11123312342234445556566678887778
11123312342234445556566677787888
11123312342234445556566677887788
11123312342234445556577688768876
11123312342234445556576677768888
11123312342234445556576677867888
11123312342234445556578677867886
11123312342234445556576677687888
11123312342234445556577677668888
11123312342234445556577677868886
11123312342234445556577687768886
11123312342234445566557677768888
11123312342234445566557688768877
11123312342234445567556786678887
11123312342234445567556788678867
11123312342234445566556788678877
11123312342234445566556677778888
11123312342234445566556678887778
11123312342234445566556677787888
11123312342234445566556677887788
11123312342234456645766577758888
11123312342234456645766578857788
11123312342234456645766577857888
11123312342234456645765576887788
11123312342234456645768576857788
11123312342234456745677566758888
11123312342234456745677568756888
11123312342234456745675567786888
11123312342234456745675567886788
11123312342234456745678567856788
11123312342234456745677567856888
11123312342234456645675567778888
11123312342234456645675567887788
11123312342234456645678567857788
11123312342234456645677567758888
11123312342234456645665577778888
11123312342234456645665578887778
11123312342234456645665577787888
11123312342234456645665577887788
11123312342234456645667577758888
11123312342234456645667588758877
11123312342234554465666577778888
11123312342234554465666578887778
11123312342234554465666577787888
11123312342234554465666577887788
11123312342234554465766577687888
11123312342234554465766576887788
11123312342234554465776576687888
11123312342234554465776578667888
11123312342234554465776577668888
11123312342234556445666577778888
11123312342234556445666578887778
11123312342234556445666577787888
11123312342234556445666577887788
11123312342234556445667586778887
11123312342234556445677566778888
11123312342234556445677568776888
11123312342234556445678567886778
11123312342234556445677567886788
11123312342234556445677567786888
11123312342234556445667567778888
11123312342234556445667568778887
11123312342234556475647566778888
11123312342234556475647567786888
11123312342234556475647568776888
11123312342234564456755677768888
11123312342234564456755678867788
11123312342234564456755677867888
11123312342234564456775678567888
11123312342234564456775677568888
11123312342234567456745677568888
11123312342234567456745678567888
11123312342234554456775687768886
11123312342234554456785678867786
11123312342234554456775678667888
11123312342234554456775678867886
11123312342234554456775677668888
11123312342234554456775677868886
11123312342234556457645766778888
11123312342234556457645766878887
11123312342234556457645768776888
11123312342234556457645768876887
11123312342234554455666677778888
11123312342234554455666678887778
11123312342234554455666677787888
11123312342234554455666677887788
11123312342234554455666788678877
11123312342234554455667786678887
11123312342234554455666786778887
11123312342234554455677766678888
11123312342234554455677768876688
11123312342234554455677766876888
11123312342234554455677766786888
11123312342234554455678867786678
11123312342234554455677767886688
11123312342234554455677867786688
11123312342234554455667768876887
11123312342234554455667867786788
11123312342234554455667767786888
11123312342234554455667768776888
11123312342234554455666767778888
11123312342234554455666768778887
11123312342234554455666768878877
11123312342234554455667766878887
11123312342234554455667766778888
11123312342234556455647766878887
11123312342234556455647768876887
11123312342234556455647867786788
11123312342234556455647767786888
11123312342234556455647766778888
11123312342234556455647768776888
11123312342234456455666577778888
11123312342234456455666578887778
11123312342234456455666577787888
11123312342234456455666577887788
11123312342234456455667586778887
11123312342234456455677566778888
11123312342234456455677568776888
11123312342234456455678567886778
11123312342234456455677567886788
11123312342234456455677567786888
11123312342234456455667567778888
11123312342234456455667568778887
11123312342234456475677566758888
11123312342234456475677568756888
11123312342234456475677567856888
11123312342234456475667567758888
11123312342234456455665786778887
11123312342234456455675867886778
11123312342234456455675867786788
11123312342234456455665767778888
11123312342234456455665768778887
11123312342234456455665768878877
11123312345234524455666677778888
11123312345234524455666678887778
11123312345234524455666677787888
11123312345234524455666677887788
11123312345234524455666788678877
11123312345234524455667786678887
11123312345234524455666786778887
11123312345234524455677766678888
11123312345234524455677768876688
11123312345234524455677766876888
11123312345234524455677766786888
11123312345234524455678867786678
11123312345234524455677767886688
11123312345234524455677867786688
11123312345234524455667768876887
11123312345234524455667867786788
11123312345234524455667767786888
11123312345234524455667768776888
11123312345234524455666767778888
11123312345234524455666768778887
11123312345234524455666768878877
11123312345234524455667766878887
11123312345234524455667766778888
11123312345234524456775687768886
11123312345234524456785678867786
11123312345234524456775678667888
11123312345234524456775678867886
11123312345234524456775677668888
11123312345234524456775677868886
11123312345234526455647766878887
11123312345234526455647768876887
11123312345234526455647867786788
11123312345234526455647767786888
11123312345234526455647766778888
11123312345234526455647768776888
11123312345234526457645766778888
11123312345234526457645766878887
11123312345234526457645768776888
11123312345234526457645768876887
11123312344234526455666577778888
11123312344234526455666578887778
11123312344234526455666577787888
11123312344234526455666577887788
11123312344234526455667586778887
11123312344234526455677566778888
11123312344234526455677568776888
11123312344234526455678567886778
11123312344234526455677567886788
11123312344234526455677567786888
11123312344234526455667567778888
11123312344234526455667568778887
11123312344234526457665786578887
11123312344234526457655766778888
11123312344234526457655766878887
11123312344234526457655768776888
11123312344234526457655768876887
11123312344234526457685768576887
11123312344234526457665768578887
11123312344234526455665786778887
11123312344234526455675867886778
11123312344234526455675867786788
11123312344234526455665767778888
11123312344234526455665768778887
11123312344234526455665768878877
11123312344234425555666677778888
11123312344234425555666678887778
11123312344234425555666677787888
11123312344234425555666677887788
11123312344234425555666788678877
11123312344234425555667786678887
11123312344234425555666786778887
11123312344234425555677766678888
11123312344234425555677768876688
11123312344234425555677766876888
11123312344234425555677766786888
11123312344234425555678867786678
11123312344234425555677767886688
11123312344234425555677867786688
11123312344234425555667768876887
11123312344234425555667867786788
11123312344234425555667767786888
11123312344234425555667768776888
11123312344234425555666767778888
11123312344234425555666768778887
11123312344234425555666768878877
11123312344234425555667766878887
11123312344234425555667766778888
11123312344234425556775687768886
11123312344234425556785678867786
11123312344234425556775678667888
11123312344234425556775678867886
11123312344234425556775677668888
11123312344234425556775677868886
11123312344234425566755677768888
11123312344234425566755678867788
11123312344234425566755677867888
11123312344234425566758675867788
11123312344234425567856785678867
11123312344234425566756875687788
11123312344234425566756675887788
11123312344234425556756677768888
11123312344234425556756678867788
11123312344234425556756677867888
11123312344234425556758678867786
11123312344234425556758677867886
11123312344234425556756677687888
11123312344234425666555677778888
11123312344234425666555678887778
11123312344234425666555677787888
11123312344234425666555677887788
11123312344234425666557685778887
11123312344234425666577655778888
11123312344234425666577658775888
11123312344234425666578657885778
11123312344234425666577657885788
11123312344234425666577657785888
11123312344234425666557657778888
11123312344234425666557658778887
11123312344234425667556785678887
11123312344234425667586758675887
11123312344234425667556758678887
11123312344234425666556785778887
11123312344234425666576857885778
11123312344234425666576857785788
11123312344234425666556757778888
11123312344234425666556758778887
11123312344234425666556758878877
11123312344234425677566755678888
11123312344234425677566758675888
11123312344234425677568756875688
11123312344234425677566756875888
11123312344234425678567856785678
11123312344234425677567856785688
11123312344234425677567756685888
11123312344234425677567756885688
11123312344234425667567756875888
11123312344234425667568756875887
11123312344234425667567756785888
11123312344234425666567755878887
11123312344234425666567758875887
11123312344234425666567857785788
11123312344234425666567757785888
11123312344234425666567755778888
11123312344234425666567758775888
11123312344234425667566755778888
11123312344234425667566755878887
11123312344234425667566758775888
11123312344234425667566758875887
11123312344234425566578657867788
11123312344234425566577657768888
11123312344234425567566758678887
11123312344234425567586758678867
11123312344234425567566756778888
11123312344234425567566756878887
11123312344234425566566757778888
11123312344234425566566758778887
11123312344234425566566758878877
11123312344234425566576857687788
11123312344234425566576657778888
11123312344234425566576657887788
11123312344234425556566677778888
11123312344234425556566678887778
11123312344234425556566677787888
11123312344234425556566677887788
11123312344234425556577688768876
11123312344234425556576677768888
11123312344234425556576677867888
11123312344234425556578677867886
11123312344234425556576677687888
11123312344234425556577677668888
11123312344234425556577677868886
11123312344234425556577687768886
11123312344234425566557677768888
11123312344234425566557688768877
11123312344234425567556786678887
11123312344234425567556788678867
11123312344234425566556788678877
11123312344234425566556677778888
11123312344234425566556678887778
11123312344234425566556677787888
11123312344234425566556677887788
11123312332244445555666677778888
11123312332244445555666678887778
11123312332244445555666677787888
11123312332244445555666677887788
11123312332244445555666788678877
11123312332244445555667786678887
11123312332244445555666786778887
11123312332244445555677766678888
11123312332244445555677768876688
11123312332244445555677766876888
11123312332244445555677766786888
11123312332244445555678867786678
11123312332244445555677767886688
11123312332244445555677867786688
11123312332244445555667768876887
11123312332244445555667867786788
11123312332244445555667767786888
11123312332244445555667768776888
11123312332244445555666767778888
11123312332244445555666768778887
11123312332244445555666768878877
11123312332244445555667766878887
11123312332244445555667766778888
11123312332244445556775687768886
11123312332244445556785678867786
11123312332244445556775678667888
11123312332244445556775678867886
11123312332244445556775677668888
11123312332244445556775677868886
11123312332244445566755677768888
11123312332244445566755678867788
11123312332244445566755677867888
11123312332244445566758675867788
11123312332244445567856785678867
11123312332244445566756875687788
11123312332244445566756675887788
11123312332244445556756677768888
11123312332244445556756678867788
11123312332244445556756677867888
11123312332244445556758678867786
11123312332244445556758677867886
11123312332244445556756677687888
11123312332244445666555677778888
11123312332244445666555678887778
11123312332244445666555677787888
11123312332244445666555677887788
11123312332244445666557685778887
11123312332244445666577655778888
11123312332244445666577658775888
11123312332244445666578657885778
11123312332244445666577657885788
11123312332244445666577657785888
11123312332244445666557657778888
11123312332244445666557658778887
11123312332244445667556785678887
11123312332244445667586758675887
11123312332244445667556758678887
11123312332244445666556785778887
11123312332244445666576857885778
11123312332244445666576857785788
11123312332244445666556757778888
11123312332244445666556758778887
11123312332244445666556758878877
11123312332244445677566755678888
11123312332244445677566758675888
11123312332244445677568756875688
11123312332244445677566756875888
11123312332244445678567856785678
11123312332244445677567856785688
11123312332244445677567756685888
11123312332244445677567756885688
11123312332244445667567756875888
11123312332244445667568756875887
11123312332244445667567756785888
11123312332244445666567755878887
11123312332244445666567758875887
11123312332244445666567857785788
11123312332244445666567757785888
11123312332244445666567755778888
11123312332244445666567758775888
11123312332244445667566755778888
11123312332244445667566755878887
11123312332244445667566758775888
11123312332244445667566758875887
11123312332244445566578657867788
11123312332244445566577657768888
11123312332244445567566758678887
11123312332244445567586758678867
11123312332244445567566756778888
11123312332244445567566756878887
11123312332244445566566757778888
11123312332244445566566758778887
11123312332244445566566758878877
11123312332244445566576857687788
11123312332244445566576657778888
11123312332244445566576657887788
11123312332244445556566677778888
11123312332244445556566678887778
11123312332244445556566677787888
11123312332244445556566677887788
11123312332244445556577688768876
11123312332244445556576677768888
11123312332244445556576677867888
11123312332244445556578677867886
11123312332244445556576677687888
11123312332244445556577677668888
11123312332244445556577677868886
11123312332244445556577687768886
11123312332244445566557677768888
11123312332244445566557688768877
11123312332244445567556786678887
11123312332244445567556788678867
11123312332244445566556788678877
11123312332244445566556677778888
11123312332244445566556678887778
11123312332244445566556677787888
11123312332244445566556677887788
11123312332244456645766577758888
11123312332244456645766578857788
11123312332244456645766577857888
11123312332244456645765576887788
11123312332244456645768576857788
11123312332244456745677566758888
11123312332244456745677568756888
11123312332244456745675567786888
11123312332244456745675567886788
11123312332244456745678567856788
11123312332244456745677567856888
11123312332244456645675567778888
11123312332244456645675567887788
11123312332244456645678567857788
11123312332244456645677567758888
11123312332244456645665577778888
11123312332244456645665578887778
11123312332244456645665577787888
11123312332244456645665577887788
11123312332244456645667577758888
11123312332244456645667588758877
11123312332244556445666577778888
11123312332244556445666578887778
11123312332244556445666577787888
11123312332244556445666577887788
11123312332244556445667586778887
11123312332244556445677566778888
11123312332244556445677568776888
11123312332244556445678567886778
11123312332244556445677567886788
11123312332244556445677567786888
11123312332244556445667567778888
11123312332244556445667568778887
11123312332244556475647566778888
11123312332244556475647567786888
11123312332244556475647568776888
11123312332244567456745677568888
11123312332244567456745678567888
11123312332244556457645766778888
11123312332244556457645766878887
11123312332244556457645768776888
11123312332244556457645768876887
11123312332244556455647766878887
11123312332244556455647768876887
11123312332244556455647867786788
11123312332244556455647767786888
11123312332244556455647766778888
11123312332244556455647768776888
11123312332244456455666577778888
11123312332244456455666578887778
11123312332244456455666577787888
11123312332244456455666577887788
11123312332244456455667586778887
11123312332244456455677566778888
11123312332244456455677568776888
11123312332244456455678567886778
11123312332244456455677567886788
11123312332244456455677567786888
11123312332244456455667567778888
11123312332244456455667568778887
11123312332244456475677566758888
11123312332244456475677568756888
11123312332244456475677567856888
11123312332244456475667567758888
11123312332244456455665786778887
11123312332244456455675867886778
11123312332244456455675867786788
11123312332244456455665767778888
11123312332244456455665768778887
11123312332244456455665768878877
11123312332245554445666677778888
11123312332245554445666678887778
11123312332245554445666677787888
11123312332245554445666677887788
11123312332245554445666788678877
11123312332245554445667786678887
11123312332245554445666786778887
11123312332245554445677766678888
11123312332245554445677768876688
11123312332245554445677766876888
11123312332245554445677766786888
11123312332245554445678867786678
11123312332245554445677767886688
11123312332245554445677867786688
11123312332245554445667768876887
11123312332245554445667867786788
11123312332245554445667767786888
11123312332245554445667768776888
11123312332245554445666767778888
11123312332245554445666768778887
11123312332245554445666768878877
11123312332245554445667766878887
11123312332245554445667766778888
11123312332245554465746677768888
11123312332245554465746678867788
11123312332245554465746677867888
11123312332245554465746876687788
11123312332245554465746677687888
11123312332245554665446677778888
11123312332245554665446678887778
11123312332245554665446677787888
11123312332245554665446677887788
11123312332245554665446788678877
11123312332245554665476647778888
11123312332245554665476647887788
11123312332245554665476847687788
11123312332245554675467746678888
11123312332245554665467746878887
11123312332245554665467746778888
11123312332245554665466747778888
11123312332245554665466748778887
11123312332245554665466748878877
11123312332245554465466677778888
11123312332245554465466678887778
11123312332245554465466677787888
11123312332245554465466677887788
11123312332245554465466788678877
11123312332245554465476677768888
11123312332245554465476677867888
11123312332245554465476677687888
11123312332245554465466786778887
11123312332245564456745677768888
11123312332245564456745678867788
11123312332245564456745677867888
11123312332245564756475647768888
11123312332245564456475677768888
11123312332245564456475677867888
11123312332245554456746677768888
11123312332245554456746678867788
11123312332245554456746677867888
11123312332245554456748678867786
11123312332245554456748677867886
11123312332245554456746677687888
11123312332245554657466748678887
11123312332245554657467746678888
11123312332245554657466746778888
11123312332245554657466746878887
11123312332245554456466677778888
11123312332245554456466678887778
11123312332245554456466677787888
11123312332245554456466677887788
11123312332245554456477688768876
11123312332245554456476677768888
11123312332245554456476677867888
11123312332245554456478677867886
11123312332245554456476677687888
11123312332245554456477677668888
11123312332245554456477677868886
11123312332245554456477687768886
11123312332245664556445677778888
11123312332245664556445678887778
11123312332245664556445677787888
11123312332245664556445677887788
11123312332245664556475647778888
11123312332245664556475647887788
11123312332245664576457645778888
11123312332245664556457647778888
11123312332245664556457648778887
11123312332245674567456745678888
11123312332245664567456745778888
11123312332245664567456745878887
11123312332245664566455747778888
11123312332245664566455748778887
11123312332245664566455748878877
11123312332245664566457745878887
11123312332245664566457745778888
11123312332245564566457647778888
11123312332245564566457648778887
11123312332245564576457647768888
11123312332245564566456747778888
11123312332245564566456748778887
11123312332245564566456748878877
11123312332245554566447677768888
11123312332245554566447688768877
11123312332245554566478647867788
11123312332245554566477647768888
11123312332245554567446786678887
11123312332245554567446788678867
11123312332245554567466748678887
11123312332245554567486748678867
11123312332245554567466746778888
11123312332245554567466746878887
11123312332245554566446788678877
11123312332245554566466747778888
11123312332245554566466748778887
11123312332245554566466748878877
11123312332245554566476847687788
11123312332245554566446677778888
11123312332245554566446678887778
11123312332245554566446677787888
11123312332245554566446677887788
11123312332245554566476647778888
11123312332245554566476647887788
11123312332245564556446677778888
11123312332245564556446678887778
11123312332245564556446677787888
11123312332245564556446677887788
11123312332245564556447677768888
11123312332245564556447688768877
11123312332245564556476647778888
11123312332245564556476647887788
11123312332245564556478647867788
11123312332245564556477647768888
11123312332244554665476577687888
11123312332244554675467566778888
11123312332244554665467586778887
11123312332244554665466577778888
11123312332244554665466578887778
11123312332244554665466577787888
11123312332244554665466577887788
11123312332244564556475677768888
11123312332244564556475677867888
11123312332244564756475677568888
11123312332244564556456677778888
11123312332244564556456678887778
11123312332244564556456677787888
11123312332244564556456677887788
11123312332244564556457677768888
11123312332244564556457688768877
11123312332244554556466677778888
11123312332244554556466678887778
11123312332244554556466677787888
11123312332244554556466677887788
11123312332244554556477688768876
11123312332244554556476677768888
11123312332244554556476677867888
11123312332244554556478677867886
11123312332244554556476677687888
11123312332244554556477677668888
11123312332244554556477677868886
11123312332244554556477687768886
11123312332244554657465766778888
11123312332244554657465766878887
11123312332244554657465786678887
11123312332244554655466677778888
11123312332244554655466678887778
11123312332244554655466677787888
11123312332244554655466677887788
11123312332244554655466788678877
11123312332244554655467766878887
11123312332244554655467786678887
11123312332244554655467766778888
11123312332244554655466786778887
11123312332244454555666677778888
11123312332244454555666678887778
11123312332244454555666677787888
11123312332244454555666677887788
11123312332244454555666788678877
11123312332244454555667786678887
11123312332244454555666786778887
11123312332244454555677766678888
11123312332244454555677768876688
11123312332244454555677766876888
11123312332244454555677766786888
11123312332244454555678867786678
11123312332244454555677767886688
11123312332244454555677867786688
11123312332244454555667768876887
11123312332244454555667867786788
11123312332244454555667767786888
11123312332244454555667768776888
11123312332244454555666767778888
11123312332244454555666768778887
11123312332244454555666768878877
11123312332244454555667766878887
11123312332244454555667766778888
11123312332244454665776578657888
11123312332244454665776577658888
11123312332244454655666577778888
11123312332244454655666578887778
11123312332244454655666577787888
11123312332244454655666577887788
11123312332244454655667586778887
11123312332244454655766577687888
11123312332244454655766576887788
11123312332244454655667567778888
11123312332244454655667568778887
11123312332244454675667567758888
11123312332244454655665786778887
11123312332244454655765876687788
11123312332244454655665767778888
11123312332244454655665768778887
11123312332244454655665768878877
11123312332244454665665577778888
11123312332244454665665578887778
11123312332244454665665577787888
11123312332244454665665577887788
11123312332244454665667577758888
11123312332244454665667588758877
11123312332244454665765576887788
11123312332244454665768576857788
11123312332244454665766577758888
11123312332244454665766578857788
11123312332244454665766577857888
11123312332244554465666577778888
11123312332244554465666578887778
11123312332244554465666577787888
11123312332244554465666577887788
11123312332244554465766577687888
11123312332244554465766576887788
11123312332244554465776576687888
11123312332244554465776578667888
11123312332244554465776577668888
11123312332244564456755677768888
11123312332244564456755678867788
11123312332244564456755677867888
11123312332244564456775678567888
11123312332244564456775677568888
11123312332244554456775687768886
11123312332244554456785678867786
11123312332244554456775678667888
11123312332244554456775678867886
11123312332244554456775677668888
11123312332244554456775677868886
11123312332244554455666677778888
11123312332244554455666678887778
11123312332244554455666677787888
11123312332244554455666677887788
11123312332244554455666788678877
11123312332244554455667786678887
11123312332244554455666786778887
11123312332244554455677766678888
11123312332244554455677768876688
11123312332244554455677766876888
11123312332244554455677766786888
11123312332244554455678867786678
11123312332244554455677767886688
11123312332244554455677867786688
11123312332244554455667768876887
11123312332244554455667867786788
11123312332244554455667767786888
11123312332244554455667768776888
11123312332244554455666767778888
11123312332244554455666768778887
11123312332244554455666768878877
11123312332244554455667766878887
11123312332244554455667766778888
11123312334244425555666677778888
11123312334244425555666678887778
11123312334244425555666677787888
11123312334244425555666677887788
11123312334244425555666788678877
11123312334244425555667786678887
11123312334244425555666786778887
11123312334244425555677766678888
11123312334244425555677768876688
11123312334244425555677766876888
11123312334244425555677766786888
11123312334244425555678867786678
11123312334244425555677767886688
11123312334244425555677867786688
11123312334244425555667768876887
11123312334244425555667867786788
11123312334244425555667767786888
11123312334244425555667768776888
11123312334244425555666767778888
11123312334244425555666768778887
11123312334244425555666768878877
11123312334244425555667766878887
11123312334244425555667766778888
11123312334244425556775687768886
11123312334244425556785678867786
11123312334244425556775678667888
11123312334244425556775678867886
11123312334244425556775677668888
11123312334244425556775677868886
11123312334244425566755677768888
11123312334244425566755678867788
11123312334244425566755677867888
11123312334244425566758675867788
11123312334244425567856785678867
11123312334244425566756875687788
11123312334244425566756675887788
11123312334244425556756677768888
11123312334244425556756678867788
11123312334244425556756677867888
11123312334244425556758678867786
11123312334244425556758677867886
11123312334244425556756677687888
11123312334244425666555677778888
11123312334244425666555678887778
11123312334244425666555677787888
11123312334244425666555677887788
11123312334244425666557685778887
11123312334244425666577655778888
11123312334244425666577658775888
11123312334244425666578657885778
11123312334244425666577657885788
11123312334244425666577657785888
11123312334244425666557657778888
11123312334244425666557658778887
11123312334244425667556785678887
11123312334244425667586758675887
11123312334244425667556758678887
11123312334244425666556785778887
11123312334244425666576857885778
11123312334244425666576857785788
11123312334244425666556757778888
11123312334244425666556758778887
11123312334244425666556758878877
11123312334244425677566755678888
11123312334244425677566758675888
11123312334244425677568756875688
11123312334244425677566756875888
11123312334244425678567856785678
11123312334244425677567856785688
11123312334244425677567756685888
11123312334244425677567756885688
11123312334244425667567756875888
11123312334244425667568756875887
11123312334244425667567756785888
11123312334244425666567755878887
11123312334244425666567758875887
11123312334244425666567857785788
11123312334244425666567757785888
11123312334244425666567755778888
11123312334244425666567758775888
11123312334244425667566755778888
11123312334244425667566755878887
11123312334244425667566758775888
11123312334244425667566758875887
11123312334244425566578657867788
11123312334244425566577657768888
11123312334244425567566758678887
11123312334244425567586758678867
11123312334244425567566756778888
11123312334244425567566756878887
11123312334244425566566757778888
11123312334244425566566758778887
11123312334244425566566758878877
11123312334244425566576857687788
11123312334244425566576657778888
11123312334244425566576657887788
11123312334244425556566677778888
11123312334244425556566678887778
11123312334244425556566677787888
11123312334244425556566677887788
11123312334244425556577688768876
11123312334244425556576677768888
11123312334244425556576677867888
11123312334244425556578677867886
11123312334244425556576677687888
11123312334244425556577677668888
11123312334244425556577677868886
11123312334244425556577687768886
11123312334244425566557677768888
11123312334244425566557688768877
11123312334244425567556786678887
11123312334244425567556788678867
11123312334244425566556788678877
11123312334244425566556677778888
11123312334244425566556678887778
11123312334244425566556677787888
11123312334244425566556677887788
11123312334255426544657766878887
11123312334255426544657768876887
11123312334255426544657867786788
11123312334255426544657767786888
11123312334255426544657766778888
11123312334255426544657768776888
11123312334255426547654766778888
11123312334255426547654766878887
11123312334255426547654768776888
11123312334255426547654768876887
11123312334254425546756677768888
11123312334254425546756678867788
11123312334254425546756677867888
11123312334254425546758678867786
11123312334254425546758677867886
11123312334254425546756677687888
11123312334254425647566758678887
11123312334254425647567756678888
11123312334254425647566756778888
11123312334254425647566756878887
11123312334254425546566677778888
11123312334254425546566678887778
11123312334254425546566677787888
11123312334254425546566677887788
11123312334254425546577688768876
11123312334254425546576677768888
11123312334254425546576677867888
11123312334254425546578677867886
11123312334254425546576677687888
11123312334254425546577677668888
11123312334254425546577677868886
11123312334254425546577687768886
11123312334256425644566757778888
11123312334256425644566758778887
11123312334256425644566758878877
11123312334256425644567756878887
11123312334256425644567756778888
11123312334256425647564756778888
11123312334256425647564756878887
11123312334254425466557677768888
11123312334254425466557688768877
11123312334254425466578657867788
11123312334254425466577657768888
11123312334254425467556786678887
11123312334254425467556788678867
11123312334254425467566758678887
11123312334254425467586758678867
11123312334254425467566756778888
11123312334254425467566756878887
11123312334254425466556788678877
11123312334254425466566757778888
11123312334254425466566758778887
11123312334254425466566758878877
11123312334254425466576857687788
11123312334254425466556677778888
11123312334254425466556678887778
11123312334254425466556677787888
11123312334254425466556677887788
11123312334254425466576657778888
11123312334254425466576657887788
11123312334255425446566677778888
11123312334255425446566678887778
11123312334255425446566677787888
11123312334255425446566677887788
11123312334255425446577688768876
11123312334255425446576677768888
11123312334255425446576677867888
11123312334255425446578677867886
11123312334255425446576677687888
11123312334255425446577677668888
11123312334255425446577677868886
11123312334255425446577687768886
11123312334255425644566677778888
11123312334255425644566678887778
11123312334255425644566677787888
11123312334255425644566677887788
11123312334255425644566788678877
11123312334255425644567766878887
11123312334255425644567786678887
11123312334255425644567766778888
11123312334255425644566786778887
11123312334255425647564766778888
11123312334255425647564766878887
11123312334255425647564786678887
11123312334255425544666677778888
11123312334255425544666678887778
11123312334255425544666677787888
11123312334255425544666677887788
11123312334255425544666788678877
11123312334255425544667786678887
11123312334255425544666786778887
11123312334255425544677766678888
11123312334255425544677768876688
11123312334255425544677766876888
11123312334255425544677766786888
11123312334255425544678867786678
