11223122231133344455464556675766777
11222113221433344355465554666677777
11233122331122344555445654666677777
11122312223144433354655546665767777
11233122231244314443566775567755667
12222112341133453344555467566677776
12222111123333344455645576457766677
11222113321333245566445564457677776
11222113421334253344566645776655777
11112122223333453664556645767457774
11112133223344234452645556777566677
11111222234255345533456634476677776
11222112231444344333555556666767777
11111222223344534465346653776577765
11222111223345563455634576347766477
12233122231113344555444656666577777
11123141235422354423554637576677766
11112331223332245566445564775647776
11111233332224324444556675667755677
11122133421354233542555446666767777
11111223442333422534555546777766667
11111222332245366453664536445577777
11122113224433244433566675567755677
11122331123334244442555665776657776
11112133223332245555466654476647777
11222314223145531445334657766577766
11122133221344233444555556777766667
11112133323322244456445567755677766
11111222223334453344555546666767777
11112133323342254426554665547677776
11112331223322453544555646666477777
11112314223444233542355556666677777
11233122331122344445466656655577777
12333122231124314444566675566755777
11112314223344235442356775566756677
12222111123344434455336657666577775
11112333124352243552455664477677766
11112313223332244555444657776577666
11222133421334215344556647556677776
12222123331114355543655446677466777
11233122331123455244566445667756777
11112331224333244452645576557766677
11112133423344253442555625766677776
12223112234133341555466554666747777
12222113321143344443566665577655777
11222112324133344356744567555677766
12223124331243311444566775567755667
12222113321334413444555675666756777
11112314423444233322566775666755577
11112314423344253342556625566677777
11122113324333245562445664755677776
11122112234523345336455564477677766
12222112331433314555644556647766777
11122131224335243355466654667547777
11122133321343256442566475664755777
11122132241324453364536645556677777
12222133321133451664566645774455777
12222123331143314444566675567755677
11112333124332244552466574655766777
11222133321343214455445556777766667
12222113321143355463544665466757777
11122331224315243556435564766647777
12222111123333344455445556667766777
11112331223332244556455664757647776
11222311223144534455334657766577766
11111222234253345533455664777647766
11122132241332456334566645677455777
11222112331425344553645736457766677
11223411234412354423566635576657777
12234123341234412354155556677766677
11223112234152345553467534677746667
11233112231224355643566475644756777
12222133321334511645776457664577645
12222111321443354443567735667755667
11122112234423354663546735467755677
12222133321113345566475564775644776
12222123331334411544555546777766667
12233112231142344453465556666577777
11111222223344433454365556667567777
11123122231442344553645736557766677
11122112223444435564335663556677777
12222123331334411445666456675577775
11222132321333415544655546677466777
12233112231142354443555465666677777
11112345123455234552346723467766677
11122312243124435554356543667766777
12223112231133344556455564466677777
11111222342233455334566745677456677
11112344123442233452365556666577777
11122134221342533455344556667766777
12222123331134561345666456774577745
11112314223442234455336557766577766
12233122231143315444556475666756777
11222111324443244533555365777677666
12222123441134415334555367756677766
11111222223444533445633756777566675
11122132221334456334566645556477777
12233122341253411534665546775466777
12222123331144315543554465777677666
11112312223344253346574465776655776
12222111324513345553466534466677777
11111233442334422354255567576677766
12223142231444315543155536677766677
11122112223344453364536645566757777
11111222234233344435664756677567755
12223122331133414444555556666677777
11222112331424354443566635676755777
12223112231133344455464576655766777
12222111321333456374567745667455674
11233112334122344425466556665577777
11111222232333344444555665776657776
11111233332222344555444567775677666
11122122231333345556445567446677776
11111234452344523345236552667766777
12222133421334413445166556675567777
11122314223142534465346653766577775
11112312223342534445346657766577765
11112314423544235542355623776677766
12222123441334413345155556667766777
11223112331223344455644556777566677
11122133221344253466534465777655776
11222112234133344453645576657766577
11222122331333415544556447566677776
11112333123422234445667456775566775
12333122331122415664556445664757777
12222112331143354443556465566677777
11123112234442345523456635566677777
11111222332443324443556665667755777
12333123341224412445167556675566777
12333122331245512445166456664577777
11122112223444435647356773566735567
11123112234223344443566675566755777
11112132223333244555645576447766677
11223144231422314433555665566677777
11222133221334513445666456764577775
11122331123345234452644556665767777
12233122331244315546155467754677766
11112331223444233442566665556757777
11234122341233412344556665557677776
11222113321443254336546665477655777
11112312223334253446554665746657777
11123112234223344453664556667577775
11222132421344513455334656666577777
11112133323342255442555446666677777
12222113425134651346533465574677776
11222311223314453446534665576657777
11123112234442344523555637756677766
11233112234122345563455664566747777
11222122331133345555456774666744677
11222113321443244433555665566677777
12223122331444315443155567775677666
11112333124435244352465526665767777
12233112231123345555446654766647777
12222111234133344453646556665577777
11112133224332243566455564756647777
11111233442234452346523665776655777
11111233332223425564556645766477774
11112133323322244445664556677567775
12223124331244315543165476655766777
11112312223333244455467754667566775
11122134421344233542365556665767777
11123122231233344455647756477566675
11222111324443255436754367553677766
11122331124333245552456664567647777
11111233342533425544225546666767777
11111223345233452344526645766657777
11222111223344433455364556667567777
12223122331133415554657746577466674
11112312223332455344567745667456677
12222111234513345536445367456677776
11112132223333244445645556657766777
11112122223333344444556675567756677
12223122331133451544555467774677666
12333122231244314455164657666577775
11222133321334215544556447566677776
12223112231444314453555536677766677
11223122331123344444556665776655777
12223112331423514435446556665767777
11222133321133244556455664457677776
11222133321133244444556665777655776
11223111234442344523555637566677776
11112122223334435346554465577677766
11112133224533245532465574666746777
11112333124322243555466654766547777
12223122331113344555444556666767777
11222113324143244433567775666755567
11111233342334425446257762576655776
11222122331133345555456674667744677
11111233332224352644556445766657777
11123142231422344553646536665577777
12222113321134453344556645576677776
11222311423314253344555465776677766
11222111324433244433555565777677666
11122131223342533445664456675567777
12222111231443344453555536777766667
12223124331244311443566665577655777
11112133324352243552445564777677666
11111233332224352444555467756677766
11233122231243314444556667555677776
12222123331443311444566665567755777
12223122431444311453667536675567775
11223122231444314543665736657765577
11222133321433214445677456777566655
11223111234522345553445637466677776
12333123431224412544155667556677776
11122133221333244445677456777566655
12223124431254311543555436666767777
12223112331123344445467556677566775
11111233442355423544235562766677776
11111222223334533645776457764576645
11112341223442536425364553677566777
11111223342334423445255556777766667
12233112331122345555445664776647776
11122112223345533445344556666677777
11122112234423344335466556677567775
11111233332444324456255562775677766
11111223342223455334566445566677777
11111222234425364553644536675367777
11222113245132453334556445766677776
12233123331224516445167456674567775
11112333124355243552465624666747777
11122311223455234555346663446677777
11222112321333345556447564475677766
11111223334233542255446554666677777
11111223332243325446554665747657776
12222113321443315436754467555677766
11122131223344233456744567755677566
11122131223333244455467554677566677
12233122331123451444555647566677776
12222113321433314445666456777567755
11222112231333344444566665567755777
11234122341223415334555546667766777
11111233342234422344556665667755777
11112122223345533456344567745677766
12222113321333414444555667755677766
12222113241333413544555467756677766
11111233342234425354255546667766777
11112132224335243356455564477677766
12222111324413544335643556677566777
11122122231433344435664556667577775
11222113221333455344655746577466677
11111223332334425546254465576677776
11112133323322244444555665576677776
12222113231133344556475564756647776
12233123341223411444555665756677776
12223112234113344435466556677567775
11122132221333453444555546666767777
11233122231442314453646556667577775
11222113321435244355463554677766677
12222111123444434566335567355677776
12223112331123344445645556677566777
11122112234442344333556665576657777
11122331423314235542556447566677776
11112133324335244452455526667766777
11222314423114233544355567576677766
11111233332223425664555647566477774
11222112324153345553456734667746677
12222113421334415334556645766657777
11223122331124344443555665576677776
12222113241133455334555647776477666
11222133221334413444555665577677766
11112133224432254336544665566757777
11111233342354423554255642766677776
12222112331443314435645556657766777
11233412234122341553465554666677777
11223111234422345553465734657766677
11111222232333344556445564756677776
11222112324133344443555567756677766
11112132223344253444536675667755677
12233112331122345555445674666746777
11233112231223344444555556777766667
11122113224533245336455664576647777
12233112331122344555445564666677777
11122134221344233445635556666577777
12222113231433314566445564775677756
12222111234513345633456774566745677
11223112331423544235644556666577777
12223122331444311443556665556677777
12222111324133546335466654467577775
12222123331134315444655476557766677
11222311223144435544335556666677777
11233122331223415544555446677766677
12233112331224314445674556777566675
11112333124533245562455624666747777
11233112234122344443555665666757777
11111222223345634456345563475677776
11233122231142344443555567775677666
12222123331113456634556645767457774
11222112231453344533445567775677666
11222122341333413444566665577655777
11111222332444324553645536657766777
11122132221333344555445657466677776
11111222234255344553465734677366677
11222113321334253446544765777655766
11122311223344233544655746657766577
11123411234422354423555536777766667
11222112321453344533445667556677776
11111233332344422455264556666577777
11223111234422354443567735667755667
11112133224332544325446657776577665
12223124431243314453166556675567777
12222133321113344555445654766677776
11112133423334254442566625776655777
11112122223344433445366556655767777
11111234442344523355223556666677777
11122133321332244445466656677577755
11111223332443324455246656665577777
11122312223144433546355465566677777
11123144231422354423555635766677776
12233122231443314555145657476677766
12222133321334415644156645566757777
11222311123334253444555546677766677
11223122231143356443566445566757777
11233122331223414444566665555677777
11222122331444314553647536675566777
11112312223342534465344657666577775
11112132223332453544555446677766677
11122122231333344444555665756677776
11112122223334433544555647566677776
11122122231444355433564375677756667
11112133223334255442566445677756677
12222111123333435554556646667477774
11111222223344433344555665566677777
12223122331143351466554465746657777
11112312223455234455344563776677766
11222311223144533445364556677566777
11122113324333245562455664457677776
11233122431224315443555467576677766
11111223332223344556445664755677776
11222311123444234455365573657766677
12223122331113344555445564777677666
11112133324443244532655726657766577
11111233332222344566445664555677777
11111222334422354443556637556677776
11123141234422344253667536675567775
11112132223332453644566645677455777
11222312453124531445334556677766677
11222122331143354443554665577677766
12223111234412344433556775666755677
11223112435124355243554436667766777
11111222342533425334655446657766777
11233142231422314553445556677766677
11111222223444433345366656677577755
11122331123442234555344556777766667
12223122431444315433156665556677777
11122112223444433334556675666755777
11123112234223344553644556677566777
12222133421344413455136656665577777
11122133321332244556445564775677766
12222112345133451334566445566677777
11111223442234423334556665557677776
11122311223333244556445567456677776
11112122223334453364555645666477777
11122331123442233444566775566755677
12222112331444314453667536675567775
12223112331123455534665547666477774
11122312243124433354655546675766777
11222312423144431546355563577677766
11122133221345233455444656666577777
11111233332223452664557645576477764
11112133223322453644566645567457777
11112331224333245552456674567746677
11233122331122345556456664576744777
11111233332224325544554465777677666
12333122231452314566145564456677777
11122131223333244566455674566745777
11223112331223344455445567756677766
11222311243312453444536665577657776
11122112234523345563455634776647776
12222112341133453364566645556477777
12223124231144314453666536555767777
11122122231433344435647556777566675
12233124331244312544165556666577777
12222132441334513445136656667577775
12222112331443514335647556477566677
11222133321143244435467756677566755
11111222223445637456374563745637756
11222311243312435544365546657766777
12233123331224514445145556777766667
12223124231143351443564775666755677
11112132224335243356445564756677776
11222112231443344453655536665767777
12222111123333345555445664766647777
12223122331144351463544675666755777
11112331223342534425664457666577775
11112132223332435444555546667766777
12222123331113456634564445667755777
11122314223144235446355563576677776
11111233342344423455265572657766677
11112331223342563425664457664577775
12222133321113344555446557466677776
11222112234133345553456574667746677
11112133323342244425466557666577775
11112312223344233455644576655766777
12223112431124356443566435667755777
11233142231442314423566675566755777
11122331123445234552345567476677766
11122113323332244445455556667766777
11112122223334456344563475667755677
12223122331143314455644556667567777
11222311223145533455364456674766777
11112333124332244526745567455677766
12223112234153341536455564476677776
11112334123344234422556667555677776
11222112321333345555466654676744777
11111223442334523445235556777766667
11111233332344422544255567756677766
11112314223342235446355465566677777
11111233332443526445264752677566775
11222132321333415444556645666757777
12222133321433514445146656667577775
11111222334225345553444536667766777
11111223332233425644556745667456777
12223112431124354443556635576677776
11222122331443314443556665567657777
11222112334123344435674756777566655
11122312223144533445366456665577777
12233122331123451444566475567756677
11222113224133344443555567576677766
11111223332223344455664556645767777
11112331223442533425644556665767777
12222111123344435564355643576677776
12222113321333415554554446777766667
11222314223144531455334556666677777
11233122431124355243654476557766677
11111233332243422444566665555677777
11223122331243314455644556666577777
11122132221333453444555467576677766
12333122231442314455145567756677766
11122113223332453644566645567457777
12222133241333411444566675667755577
11122311223444233345666457665577775
11122133321433244452466557666577775
11222112321433354366544675466755777
11222122331443314453664576555766777
11222112231443354336544665557677776
11122113324335244352455564776677766
11111222232455344553465334667766777
11222133321133244445674756777566655
11112133423344235442555526777766667
12222111321333453664566745677455774
11222113421334253346557465574677766
11112132223334235544655546677466777
11122112223333435544555446666767777
11122122231433354436544665777655776
11223112331224344443555665777657766
11222133321133245566455664577644777
12222113321433314455644756667567775
11111233332244322544665476557766577
11122314223144235446356663567755777
11222133221133344555644756477566677
12233122341233415544155546677766677
11122112223334533445664457666577775
11111222232433344553466574655766777
11222112231433344355446657666577775
11111223332223344455467754667566775
11123112234423344253465556657766777
12222123331334411554555647776477666
12222133321113344444566775566755677
11122112234442355443556635776377766
12222111321443354336547765477655766
12222123331133415544555446777766667
12222111321333453544555446677766677
11111222332233456364566645577457774
11222111234442345463556635566377777
11112331224333244452466557666577775
11122113223334234445647556677566775
12233122231143351466544465557677776
11122122231433344435645556657766777
12333122331244412455164556675766777
11112133323322244445647756677566755
11112133323322244444566675567755677
11122133321433244452664556667577775
12223112331123344555446554766677776
11222111223333435554656546667477774
11112133324453244532455627566677776
12223124231144314433556775666755677
11122132221333344444556665577657776
11233112435124352243554465666677777
11112122223334433444556665777655776
12222111234413345633456674566755777
11123122231233344555466654466577777
11123122231423344536455564577677766
11111233442233425364256645576657777
12222113321334516345666456744577775
11222311223145534445364753667566777
11112133323322244556475664755647776
12233122231114344443556665566757777
11222113221334433444556775667755667
11111222223334435344555467756677766
11222132241333413544555546667766777
11111222223344435446357763577655766
11223412334125341253446556665767777
11223122331123345555445664466677777
11222112321433544355463654666577777
12222113231433314555647756447566677
11111233332223425544554467566677776
11112133223344253642556445666757777
11222111234552345553466634766347777
12223122331113344556445664557677776
12222111234133345563455664576647777
12222111123444434566335563556677777
11111233332223456244566645556477777
11222113221435544335443657766577766
12222112331333415644556645667457777
12333122231442311444566775666755577
11223411234122345553456634576677776
11222122341333413554665546657467777
11222133321134255344657746557466677
12222112341133455334555446677766677
11222132241334415346553465577677766
11222122331133344445646556665577777
11122311243322453344556647556677776
11122133221334255344566445677756677
11122113323334256442564475666755777
11222111323333244445465556665767777
11222311123455234655346653446677777
12223112234156341563455634456677777
11122131224333243566455564456677777
11122113323332245556455764477647766
11111233342533425554226546667467777
11112133324433244522455567566677776
11233112331223452444556645667756777
11122311223332435644556445766657777
11222113321333244555445564666677777
11222112321443344453677536675566775
11112133224333244562475664755677756
11222133321133244445465556657766777
11112132223324534445366456677567775
11233122231123345555456774466746677
12233122341123415534655546667467777
11233122341223415534555647766477766
11222311123333245556444564775677766
12233112331122344555445654776677766
11222133221133344456477564755677566
11222111223333455364566645576477774
11111222342233453364556645566477777
11111234442344523335226656665577777
11122112234452345533455364777677666
11122131223334234444556665556677777
12222132441334413354155556677766677
11122112223333344566455564757647776
11111233342353425544225647756677766
12222113324133541355446554766677776
12333122231245314455164456667567777
11112132223333245556457564476647776
11122131223332453544555446667766777
11112331223342235444556645766657777
11122133321332245566455564477647776
12222111231444344553555637776377666
11222113221333344455464756677566775
11122311423344234452366556677567775
11112133223332244556445664755677776
11222113224133345553455664466677777
12233122331124351446555467574677766
11223122331423314456744567755677566
11222111234452344563455637576377766
11111223332243352444556475666756777
11111222223333345666455564775644777
11111222332244356643564435667755777
12222111123444434556355663576637777
11122112223344433554365546657766777
11223112331223345667456674556744577
11112132223332435544665446655767777
11222113221334563445637456674567775
11222122331143544435664356677567775
11223112234125344453455536667766777
11122112234523345336455764577647766
11222112231443354436547365577657766
12222113321143544435664356665577777
11122131243322453344556645576677776
11123411234222344533465776655766577
12222111321333345556445564466677777
11122341123455234452346573665766777
11111233332223452644556645766457777
12222113321133455344655476654766777
11122113223333244455466754677566775
11111222332243566435644356745567777
11122133221334253444566645556677777
11122131223334253644556645766457777
12222112331443315443554675666756777
12222123441133415334655546675766777
11111223334235342255444556777766667
11112314423442234525365553667766777
12233112234123341555466654677546777
11111222234233345563457664577645776
12223114235142351443555436666767777
11112132223332435554656546664477777
11112132223342533445644556665767777
12222111234143344453665536775566777
11222312423114433544635556657766777
11111233332234425444256665567657777
11122112234442344553655736577366677
11122112223444434566355673566735777
11111233332223425444555645666677777
11122131223333244444555665566677777
12222133421134413345666457665577775
11223122331123344555466554666747777
11112331224333244442566775666755577
12222133421334411344555665776657776
11112132223324433544665476555766777
11122122231444355443556335766677776
11122132241332455334655446577766677
12333122331224411544555645776677766
12223122331143351466544465576657777
11222311223314433444556775566756677
11223122231133344455664456675567777
11111223332244325543655446577766677
11222112231433344453466557666577775
11122112234423344536455367556677776
12233112231142354443546675667755677
12333123341244412245165556675766777
11222111324443245633456635566757777
11112122223333344555445654776677766
11122112223444533445335556677766677
11122312223144433544365576657766577
11111222234442354433555365766677776
12222133321133414444555667556677776
12233112341223415534655446657766777
11122311223344235444355556667766777
12222133321443311444556667555677776
12222134421344413335166656655577777
11111222232333344455664756647567775
11111223334223345266456674556745777
11223122231443315443555465666677777
11122132221333344455446656667577775
11112334123342234442566665557657777
12222113324113345553445564666677777
11233112334125342255446554666677777
11112313223332244444555565776677766
12222111234133344453664556677567775
11111223332223344445466657665577775
12233122331124315544554465776677766
11111233442234423354255556677766677
11122331224315243355444556666767777
11112133323322244445645556677566777
11222314223144431455335556677766677
12234122341123415334556645776657776
11122133221342533455664576445766777
12222111234133345563456664577645777
11112333123344244452665526557766777
11111223345233452234556745667466777
11233122231123344456744567555677766
12223112234115346653465534665747777
11223122331423314455644756667567775
12233122331244315644156745567756677
12233112431224314443555556666767777
11122122231433344553644556667567777
12222123341133451344566645556677777
12222111234133345536445664556677777
11122113324332243566455764557647776
11112331223332244444566775566755677
12222111321333453444555546666677777
11112333123432254426544665577657776
11111223332443324556244567755677766
11222312243144431546335665557677776
12222132441344413355163756667567775
11223411234122345563455634566677777
11111222223334563345664456747567775
11111222234423344453666536765577775
11222134221344413455633556665767777
11122132221344433344555665756677776
11111222232455344453465536677366777
11112132223344233544555647566677776
12223112234153341536445664755677776
11222113321433244435647556677566775
11111223332223344555644556477766677
12233112331122344555466554677746677
11122112223455634456334567345677776
11122312223144433445365556677566777
11222312243154431554335546666767777
11112133323322244445645556666577777
11122113223334234444566665777655577
11222112321333455634566645674457777
11222113224133344453465576657766577
11223112234123344435664556677567775
11222122331143354443554665776657776
11222112231333345556445664457677776
11112314223344234452365576655766777
12222113231133345555444564766677776
11222133421344213344555556666767777
11122131223344233444556665567657777
11112132223334234444566665555677777
12223112331124344443555556666767777
11123122231442344533645556675766777
11222132441325413354635546675766777
11112122223333435664556645564477777
11223412234112344533455556677766677
11223122331243314444555675666756777
11122112223333435554655446667467777
11222132421334413544635776655766577
11122133321334254442555467566677776
12222133241133415344555546777766667
11122133421344253342555465766677776
11122331124332243555455664776647776
11233112231423354266544465777655776
11122122231444344333555665577677766
11223412234112344553455637576677766
11123122231244355543565436674766777
11122112234442354433556635667756777
11122314223144233456734567555677766
11222113421534255346533465774677766
12233112431224314443556665577657776
12223123331244315444155667556677776
11222311123334235444655746557766677
11223122231444314543555536666767777
11223122331425314453445556666767777
11222312443124431554365573657766677
12223112431124354443555637576677766
12222112331453314553644576645766777
11112133323322245555446754467766677
11122131243322435554366546665477777
11233112234122345663455664576745777
11112133223344234442556665566757777
11222133221344513345664456667577775
11222112321433344453466556667577775
11222111223334435554366546675467777
12222112331143355443564775647756667
12233112431124355243555467774677666
11234112345123452234556345667766777
12222133321343511445664456667577775
11122122231433344443555556677766677
12233122231443315444155556677766677
11111222332244344433566665677755577
12222133241133451364555647576477766
11112312223345233455664756447566777
11222311123333244456455564576677776
11223112431224354443566735667755677
11222112231443344335455556677766677
11111223342333425554266546665477777
11222113221334533445666457664577775
11112333123322244567455674566745677
11111223345234452334526645776657776
12222123331113344445466556665577777
12222133421134413344566665557657777
11111233442234423354255556667766777
11222112324153344533455564666677777
11112133223322434444555667755677766
11111222334522345553467534677746667
12222111123334435554355647766477766
11122133241322433564775647556477566
11112133323322245555456774667744667
12222133321113345555466654776644777
11233122431224314443555556677766677
11123112234223344553446557766577766
12222133421334413544155556666677777
12222133421134451364553645766657777
11222112331425344553445536666767777
11111222332233455344554467576677766
11123114234442354223566635576657777
12334122341233412554155647576677766
11111222223333455364755647756477664
11111223332233424444566665577655777
11222122331133344555445667456677776
11122113324443244332566665576755777
12233123331224415446157465576657776
11122112223444435554356773566736677
11122112223444434555335567366677776
11222111324333244535445556777766667
11112331423444235462356625576657777
12222133321343514455144657766577766
11111222332244355463544635766657777
12233124431244312543165556665767777
11223112231423344435465556677566777
11112133223322434444556675667755677
11123112234423344253466556655767777
11111222345623456234566345673457777
11123122231243344453664556667577775
11122331124335244352445556777766667
11233112431224352443555465766677776
12222133321134415344655476655766777
11122112223344434455336556665767777
11123141234442354223556735667756677
11122112223333455344564475666756777
12222113321435514355443654666677777
11111222334425364253644536775566777
12233123341234412445166656675577775
11112122223333435554675546777466674
12223124231143351443554665776657776
11222133321343214445645556677566777
12233112331223415444655546675766777
12333123431224411244566675667755577
11112132224352543555433664766647777
11233122231243314445674756777566655
11112333123344255422544665766657777
12233122231113345566456664557744777
12223142231444311543655536675766777
11223122331233415664555645776477764
11112132223333244455465554677766677
11233122231425314553644556477766677
11122112223344453334555645666677777
12234122341523415334156647556677776
12233112331224315544555446666767777
11222111324433244533645556777566677
11123112234422344533465776655766577
11122112234452345533445536677766677
11122311243322433544665546557766777
11223112331223344555445657476677766
11111233332244352244566475666755777
12222123331133415444556475567766677
11222122331443315443554665777657766
11233112231422344443555556677766677
12233112231124354443546665576657777
11112133324353245552445624776677766
11122131324333244452465576657766577
11222311223314453644536645776655777
11112312223444234545365553666677777
11112133224322543355445564776677766
11122132221334566345663456774577745
12233112231123345566455564446677777
11111222232333344445666456655577777
12222112334113344435647556675566777
11122131223344235466354465557677776
11112344123342233452664557666577775
11111233332443524455224556667766777
11222311123444233344555665777657766
11112313223334244442555556666767777
11111223332334425444255556666767777
12222133321344413445165556675766777
11112132224325643356437564775647756
11112331223444233442555556667766777
11122112223333344456744567555677766
11111223332243352444554675666756777
11112334123445233452664526665577777
11222113221435544356433564775677766
11123122231243344443556665557677776
12222111123455534445366453666737777
11234112341223455234655346657766777
11112133223322435554556746667467774
11111233342355423554265642666477777
11112331423344235442556625666757777
11122131324333245552455664666747777
11112344123342233442566665777655577
11223112231423354463547665476655777
11222133321133244445645556666577777
11111233332344522445624556677566777
11112132223344233445664556777566775
11222112334123344553445567775677666
11111223442234423334555665576677776
11111222334523345263455664577647776
11222111323333244555644556477766677
12222111234153345533455664766647777
12333124431224312445166657665577775
12223123331234511445644556675766777
11112312223342453444536665777655776
11122134221342563475634756347566775
11222311223145534455334567746677766
11122113223332435554556646664477777
12223112231133344445664556775566777
11112334123444233422556775667755667
12222111321433344563745667455677756
11223112331422344453467556677566775
11112134223344233442556665776655777
12222112331133344555444556677766677
11112312223334235544655546677466777
11222133321433214444556675667755677
11222112324133344553445556677766677
12233112331122345556444567475677766
11111222232443354336546665477655777
12222133241133415344655746557766677
11122312223144434455367553677566677
11222113221333344555445564777677666
11122133321432244356445567556677776
11111222232333345556445564466677777
11111223332233424444555567775677666
11111233332444324555246572665766777
11123122231243344443555556667766777
11222133241332413554555446666677777
12222123441334413354166556665577777
11122113223332453444556745567766677
11112122223333344445664556667577775
11122132221344453446533665556677777
11222113224133345553456574467766677
11222311223144435464355663755677776
11111233332222344444555675666756777
11122133321443244432555665666757777
11112312223334253446554465777657766
11111222223333456344564475667755677
11233112331222344566455664556747777
12233122431244315443155556777766667
12222113421334513645736457764577665
11222111323333244555446554766677776
11111222332243344435467556675566777
11122122231443344453666536655577777
11222133221133345556455664776644777
11122311223444233445635556677566777
12333122331122415564555647776477664
12233112231442315443555465776677766
11222133421334213544665546655767777
12222112334113344443566665556757777
11111222342333423544665546557766777
11122131223333244444555565666677777
12222111123345563455634456374766777
11222133221133344555444556777766667
11112133223332244444555565777677666
11111223442235462354633546775566777
12222111123344435464356673566755777
12223112231133344455664456675567777
12222112334133341556445567456677776
11122132221333453444566475567756677
12233112231423314445667456675567775
11111222332423344435664556777566775
11111223342233425344556645776657776
11123142231422354433546665556677777
11112132223324433544555645766677776
11122133321432244355455564666677777
11222122331443314453645576557766677
11223122331123344555444656666577777
12223122331143314456445567556677776
11112122223333434444555565776677766
11122122231433344435455556677766677
11233122331223415564556645664477777
11111223332433524445245556777766667
11222112321333344455466554666577777
12233122231143351446544665566757777
11112122223345534455364453677766677
11111223332433524445266457766577765
11111223334222344453465556665767777
11222112324133544435664356777566775
12223144231442311453665536775566777
11122311223342533455664456674567777
11112331223334244442566775566755677
11111222234253345563456634566747777
11111222332453324553445567476677766
11222133241332413444555665756677776
12333122431124315244555645666677777
12222133321143351444555467756677766
12223142331425314453145567756677766
12222123451334513445134556777766667
12223144231442311433556665667755777
11122122231433344536745667455677756
11111222223444433334566665677755577
11111222234452345553465634666377777
12234122341233411354666546655577777
12222111123333344444555556667766777
11122132221333345556457564776644776
11222133221433514635446654667577775
11112312223333245556475564777644766
11122132241332456334566445667755777
11112312223332453544555467774677666
11222112231444355543655436666377777
11122131224355243556433564776647776
12333123431224412546155465577677766
12233122231113344556455564766647777
11233122331122344556455664576647777
11111222334423354236544765577657766
11112132223334256347564475664755677
11222133321133245555456674666744777
11223122331124355443566475664756777
12222111123334435544365746657766577
11112312223333244445666457665577775
11234112341523455234562345677766677
12223122331113344444555665576677776
12233122231113344555467554677746667
12233112231124355443554465766677776
11112312223324435554365746657466777
11222112234133345536455564766647777
11112312223344233444555665666757777
12223112231143354443555465777677666
12233122231144314443556665667755777
11123142231422344533465556665767777
11111222345233452334556645776477766
11122131223333244455466554675766777
11222113321333244445677456677566755
11222133221334413544555546777766667
11111223332445324453245567775677666
11222133421334213544555645666677777
11222112234133345663456664577745577
12223124231143314443556665667755777
11122132221333344445465556665767777
11233122331223415564556645664477777
11112331224333244552644576655766777
11222112231433344553644556675766777
11222122331143564435664356645577777
11233142331422314525445556677766677
11222311123333244556475564756647776
11222133421344213344556675567756677
11222311243312453644536645667755777
11122132221333344455464576655766777
12223122331143514435446657666577775
11111222223444433345663556655767777
12222132441333413544155567775677666
11223122331233414444555567775677666
11111223342234452334555645666677777
12333123341224412554166546665577777
11111222334422344433555567756677766
12223124231444315433156775566756677
12222111324413354433546775567756667
11112133223332244555466554766647777
12233112231123344555455664466677777
12222112331433514435647756477566675
11122133321343244442566775666755577
11233122331422314444555665576677776
11223122331123344455446556666577777
11122131223333244566455564757647776
11122131224333243555466654466577777
11222112231444344333556675666755777
11122312243124433554637546675566777
11122311223444233344566675667755577
11222111223333345555456664477647776
