11112313223332244455465554666677777
11111222234442355443566335566677777
11122132241324453334555647756677766
11233122231124344443555665666757777
11122132221344433344556675667755677
11223122231433314455644576655766777
11222111323333244555445564776677766
12333122331224411546555467754677766
11222122331333415554556446667467777
12223112231144354443555637576677766
11222311123345263455634576445766777
11122112234423344453677536675566775
12223124231443314553145567756677766
11111223342233425344556475666756777
11112313223334255542565446677466777
12222111324413546635463354665577777
11112333124352243526475564756647776
12222123331143314445645556665767777
11111222223333455534657446577466677
11122122231333344444555667755677766
11111222334233342555466554667746777
11112122223345534455364453667766777
11222133221433314444566775567755667
11222113224133345536475564775647766
11112132224333243566455564775647776
12222112334115345553444536667766777
11222111223344453364553645776657776
12222113321334513645666457764577745
12333122331422514555144456777766667
11233122231424314443555665777657766
11111223332443325444255667755677766
11222111223444434556355663356677777
12222133321334415544155546677766677
11122311423444233342555665577677766
11122131223333244444566675667755577
12222113421334413354665546655767777
11222113324133245536445564756677776
11111223332334524445267456675566777
11222111324333244435455556666677777
11222111234442345553455637766377766
11122312243124433354666547665577775
12223122331143314444555556666677777
11222112334123345536455564777647766
12223111234412344533645556665767777
11112132223334234445647556777566675
11222111324453245533445536677766677
11122311243322435554365546666477777
12333123341224415244155567775677666
12222111324133345563456664556747777
12223122431444314533165556657766777
12222123341133451344555645776677766
11112331223342534425446557766577766
11122122231333344556455664757647776
11122113223332453444554667556677776
12333122331224411444555565777677666
11111222332433324444566775567755667
11223112234123344453664556677567775
11111223442233425334556645666757777
11222113321433244355465554677766677
11222111234452344553645536777366677
12223112231133345566457764557644776
11122133321433254442555465777677666
11111222223344533445636456667577775
11123411234422344523555536777766667
11112122223444434556355563776637776
11122312243124433344566665555677777
11222111324333244355466554677566777
11112134425344253642536725367756677
11112133224432244355643556777566677
11222113324153245536455364476677776
11122112223344534445366553666577777
11111222234425346553465534677366777
12222133321334411544665546775566777
11222133321133244444555665756677776
11122113224333243556455664457677776
11111223332233425554665446654767777
11111233332444324556245562756677776
11111223332243526435664456645577777
11112312223332435444556645666757777
11222111223344433344566665677755577
11112133224433254632546675467755677
11112132223324433544555645776677766
11111223332223456634566445564757777
11122331224312543355444657776577666
11222132421344413455633556677566777
11111223334253342566425564475677776
12222111321443354663544635776655777
11222111323333244445466657766577755
11122311223442534555345663477677766
11112333123432254442554665776657776
11222112321443544435663357666577775
12222111321333455634556645664477777
11112344123442235426355663556677777
11222111223344563345634456665577777
11111222232433354443555465766677776
11122133221344233444555556666677777
11111222342333425364755647756477566
11233112234123345266455664455677777
11112132224335243355466654677546777
11233122331244312444555665566677777
11122131223334235444556465566677777
11122122231455344533465374657766677
11112333123344254442556625667756777
12222123441133451334556645766657777
11111223332223345555444456666767777
11122131245322453644536645366757777
11112133223342234444555567566677776
11111233332444322455264556665767777
11122112234442355443555637776377666
11111233442334422345625556657766777
11223112234123345536456664577645777
11112331223344235442555465666677777
12333122341123415244556475567766677
11112331223322435644556475664756777
11222113241332455344563475667756677
11112132223332455344556475664766777
12222112334113345536455664566747777
11222311223144533445364657666577775
11112134223344233442555665577677766
12222112331144354433546665567657777
11233112334123544255462554667766777
11112312223334253446554465776657776
11111223442334425334255556666767777
11222132421344513345663456667577775
11112333123322245556445664756647777
11112333123322244555444657776577666
11222113321443244433566665777655577
11122122231433354366544665546757777
11112122223444433334556775666755677
11222112234155345533456634476677776
12222111123334435364755647756477566
12223122331113345556445564476677776
11111233332345524445264752677566677
11222113221433344536445665557677776
11122133321332244455464576655766777
12222111321433544435647356677566775
11222133321133245555445664777647766
11233412234112345523465554667766777
11112333124332244425466756677567755
11111223332234352444566645566757777
11222112331423544335466654665577777
11111233442334522345627456777566675
12222123441333415344156665576657777
11122122231443344563455635566677777
11222111223334433444555667556677776
11222111223444433354663556667577775
11123122231233345556457664577644776
11233112331222345555444456667766777
11222311243312453344556475666756777
12333122231244315546154465576677776
11123112234423344235465556666577777
11233122341223415534665446655767777
11222312423114435446355563756677776
12222133321133415544554467566677776
11122131223334235444556645576677776
11122131223332435544655546667467777
12233112331423514255446554666677777
11122312243152435544365543677766677
11222133421334213445666456655577777
12223122331143516435664456645577777
11222311123333245555445664777647766
12344123341223412534155556666767777
11111233332244322445666457665577775
11112314423544235462355623576677776
11222112321333455344555446777766667
11111223345223456234566345667457777
11111222234442344333566665567755777
12223122331133414444556675667755677
11111233332234452446524765777655766
11222112331425344453645536665767777
12222123441133415344553665566677777
11122112223333345566445564775647776
11222132241333415344655546675766777
12222113321143355443566445766657777
11223112234152344533445667556677776
11223122331423314455644756667567775
12333122341223411444556667555677776
12333122331124451246554465766657777
11111233332435524455264752647766677
11111223334223344256445567556677776
12223122331144315463554665547677776
12223122331444311443566665677755577
12333122431244312544165576657766577
11222113221333344555445667456677776
11112312223324563345667456774567745
11112132223333244455464556666577777
12222111321433354443554665576677776
11222113224133344535465554677766677
11222112321443564335644356665577777
12223112234113345536445564756677776
12223112234113345563475664755647776
11112312223333245555466754467746677
11122113224433244433555556677766677
12222123331143351444555645766677776
11122113324333244452664556667577775
11122113223333244444555665766657777
12233112331122344445664556775566777
11222112321333345555445667446677776
11111222232443344433555665566677777
11111222232333344556455664457677776
11122314223142533445366456665577777
11222112324143344453666536755567777
11223112331223344445666456775567775
11222112324133344535445556666767777
11222132321333415554655446667467777
12222123331133451644566645677455777
12222113231433314455664456775566777
11112314423342235426354667555677776
12222111123334435444355667755677766
11112344123444233522635556677566777
11111223332223345555444456777766667
12222113321143544435466357766577765
11222133241332413554665446655767777
11122331223412534445366457666577775
11122122231433344355466554675766777
11112133323342244442556665557677776
11112312223324434445366656655577777
11222133421334213444556675666755777
11112334123342253442554665577677766
11111223332223345555456664477647776
11112122223333344445664556675567777
11112331223332244444556665567657777
12222133321113455534657446577466677
12223123331234411444566665567755777
11222133321133244444556665777655776
11122133321334254442554667556677776
11112312223333244555465574677746667
11122331123442235444356665577657776
12222113321334413564555647576477766
11222112321433344553446556665767777
12222123331435314556147564475677766
11112133324322243556455664456677777
11222111223333344445465556675766777
11222134221344413354663556677567775
11233112331222345555446654476677776
11122311223334234445677456675566775
11112312223333245555444456677766677
11123142231442355423654736557766677
11112133323322245555466754667744677
12222111321333455344556745667466777
11111233332243562445624556645767777
11123122231233344455465554667766777
11222112234133345536455564777647766
11112133223322435664555647756477764
11112122223334435444356665577657776
11111233332243526445264456675567777
12222112331433314445664556677567775
11223122331244314453664556665577777
11122112223333344445467556677566775
12233112231123344555445654666677777
11223412334123541235446657766577765
11111223332223344555467754667546677
11112133324352243526445664557677776
11111223332223345555456674667744677
11122131223333244455644556666577777
11112331223332245556457564776644776
12222133321443311444556665557677776
11111223442335423354255546666677777
11222111223445534556345663477637776
11123141234442345223555536666767777
11112333123432244552644556665767777
11111222223444433345663557666577775
11122112223333344556475664755647776
12222111123444433345366556665577777
11122311243552433524635746657466777
11111223334223542635466754677546775
11112331223442235444355556666767777
11122133321435244352644556675766777
11111223442234452334566375667755677
11223112331422354663544675466755777
11223122231143354436554465576677776
11222133221433514365744657466577765
11112133223342253466554467554677776
12223112231133345566445564775647776
11111233332243562475624756447566775
11111233332234452244566645556677777
11112331223332245556457564476647776
12222133321343511445667456774566775
12223114231142344453667536675567775
11112122223334453344566645566757777
12222111321443344533455556666677777
12222111324413344536745367755677566
11222113221333456634556445664757777
11123122231233344555645576447766677
11233122331122344445466656655577777
11122131224333244435647556675566777
12222111321333345556457564776644776
12223112231133345556457564477647766
11222111223334435354655546677466777
11111233332223425544555467774677666
11111233332244352466524465577657776
12233122231114355543556447766477766
12223111231442354663544635556677777
11122131223333244555466754667546777
11222314423114233345667456677567755
11222112331423344553445556777766667
12223142231444315433155665576677776
11112133223332244445645556667567777
12223112231444314433566775567755667
11111222223344435554355643776677766
11222314223144431545335556667766777
11122312243124433344555567576677766
11111222234452345553445336777766667
12234123341233412544155567566677776
12333122331122451444554667556677776
12234122341233411344555667755677766
11222133221133455344655446657766777
11222111234442344553665736557366777
11222112321433354436546665467755777
12223124231443314563145665557677776
11112341423444233552635726657766577
11111223332224344443555556667766777
11111222232433344443555665666757777
11112134425344253422536775366756677
12233112331422314455445567775677666
11223122331423314555446654776577766
11222112321443344433555665576677776
11123112234442345423655536657766777
11122112223344433454355567576677766
12233124431254312543155467756677766
12222133321143351444554665577677766
11222113221334433444556675567756677
11222133321133244566445564556677777
11234122341233412344555665566677777
12223112331123344445666456777567755
11111223332234325446555467574677766
11122113323334255442556447566677776
11112312223334255344566445666757777
11223111234422345533455564777677666
12222111123333344455464657666577775
12222123331443314455164756677566775
12344123441234512335126657766577765
11223122331243514435446556666577777
12222111321333345555444456667766777
11111222232333345556457664576644777
11111222332233345667456674556744577
11122311223444233445366657766577755
12233122231113344455664556645767777
11111223342533425534265446657766777
12222123331435514365146654466577777
11122131223334234444555567775677666
12233112331224314444555665766657777
11222113221334453346557465574677766
11222311223314453364556645667457777
11222133221433314455664556647567777
11122132221333455344655746657466777
12233112231423314566445567455677776
11122133221332453664566445567457777
11122311243332455324655546667467777
11122112223333453664556645564477777
11111233332344424455266752677566775
11122311423444233342556665567657777
11222132241334415334556645666757777
11122314423144233342555665576677776
11122314223144235546355463577677766
11122112234442344553666536655377777
12222111321333344555466554677746677
11122131224332543355466554677746677
11233112234122344453465576657766577
11223122231144344433555665777657766
11112133324433254422546665567657777
12222112331133344455446557766577766
11112133323344244452666526555767777
12222111123444433334556665566757777
11122132221334563445634456777566775
12222133321133451644566645556477777
12233112231123345555444567466677776
11223112331224344443566675667755577
11112132223334235444655476557766677
11112344123442234552335567756677766
11223122231145344453466536655767777
12222111234413354663544635566757777
11122132221334453344556745567766677
11112132223334253444555647756677766
12222111123334433564555647576477766
12233122231114354443555467756677766
12333123341224412554165746657766577
11122132241324453446537665376655777
12222111123345634456334567745677756
11112132223344235466354465577657776
11233122231244315443555467576677766
11122331423314235442555465666677777
11111222234255345553466634766347777
11122133221333244555647756447566677
11111222234442354433566375667755677
11112122223444533445335556777766667
11122312243124435544355663756677776
12223112331124355443544675666756777
12222123341334411344555567566677776
11112133223342235466554465747657776
12222113324113344435465556667567777
12222112334153341553445564776677766
11222113224133344443555556666677777
11233112231452344523465774655766677
11222112231443344553465536657766777
11223412234112345633456774566755677
11112333123322244444555665776657776
12223122331113344556445567475677766
11223112331223344445467556677566775
11233112234122345553456564466677777
12223124231144351443566635776655777
12222111234133345536455564476677776
11112333124352243552445564776677766
12334122341233412544155567775677666
11234122341123455234566345667756777
12233122331123414444566665555677777
11111222234253345533465774657746667
11122122231443344335465556665767777
12222111324413344433566775666755577
12233112231124355543565446664767777
11222133321133244556475564756647776
11223112234142344433566665557657777
11122331124333244442556667555677776
11112331223332244555444567775677666
11111223342333425544255546666767777
12222133241335413554166546675467777
12222113321134455344553645666677777
12333122331422514555144567466677776
11222133221334413444556665577657776
12223122431544315543155436677766677
11222113421334233444555665766657777
11112133223342235446554465766657777
11222113221333344555446654666577777
11122112223333435554554446666677777
11222133421134253344555465766677776
12234123341223415534156745567766677
11111222232443344433556665577657776
12233112231423314555644576645766777
11112133224332243555445567476677766
12223144231442311433556775667755667
11111222342333423544665746557766577
12222132441344413355136756667567775
12334123341223411244555556666767777
12233112331122345566445564775647776
11112122223344435546335467556677776
11112312223345234455364556647766777
11223122331243314444555556677766677
11111223332234324445645556657766777
11223111234552344523455634666677777
12223112331423514435664457666577775
11111233342344423455266552666577777
12233112231124355543544465766677776
12233122331244315544165546665767777
11111222232444344533555536667766777
11111222223333344556455564476677776
11222111223334435554367546675466777
11222312423144431546355663755677776
11122122231333344445645556665767777
12222113421134453334566645676755777
11111223334223342555445667456677776
11111222234233344443556665567657777
12223142231443311443555665756677776
11122113224433254336544665566757777
11222111223445534455334657366677776
11112314423345234452365526675766777
11112313223332244444566775567755667
11112122223344453346537465576657776
11122133321344253442554675666756777
11122314423145234452366553677566777
11112312223344235466354467555677776
12222112331143344443566775567755667
12223124231144314433556675666755777
11122112234423345553456534666677777
11122134421344253342553665576677776
11122331123342234456745567455677766
12333123341255412544125546667766777
11112344123444235522335556777766667
12223124331243311445667456777566755
11122131223344233544555465666677777
11222122331133344455465574657766677
11222112345123455334553446677766677
11112133324533245552445624776677766
12233122331245311455644456666577777
11122131243322453344566475667755677
12222132441334413554136557766577766
12223124431245314453166536675567777
11111233332234422546775467754675566
11122133221344233444555567756677766
11222111223333434444555567566677776
12222123331444314453167556677566775
11112132223324434445366657766577755
11122133241322433444555565666677777
11222111223333435444555645776677766
11111233332344524445226656667577775
12222133241334413544155556666677777
11111233332345524445264752677566677
12222112341133453364566645776455777
11111233332345526455264452647766777
12222111324413344433556667555677776
12222112345133451364553645666477777
11222111324433244355463556677566777
11122112223455534465334653746677776
11122311223444235544335556666767777
11112133223344234452645576655766777
11112314423554233542355426667766777
11112333123432254662544665546757777
11222133221133344555466554466677777
12222133421334513645176457764577665
12333123441234412554125556666677777
11122113323332244445645556666577777
11222111234452344533455367566677776
11222133321334214445667456777566755
11111222332233344556445567456677776
11122112234552345553467734667346677
11112122223344534465374653776577665
11111223332243325444555465666677777
11111222332333424444555567576677766
11223122231443315443554665666757777
12223122431444311433556665577657776
11222113221333345556445664756647777
12222111234413344435666356755567777
12222111321443544635746357763577665
11222111223333435564756647556477764
11112334123344235642556425566677777
12223124231144314433556665566757777
11222112324153344553644536665767777
11222113321435264355643576445766777
11223112331224355443555467774677666
11122132241324433354665546655767777
11222122331143344435455556777766667
11112132223334253446554465576677776
11112331223422534465344657666577775
11122311223342533445667456674567775
11222111223333455344554465666677777
11222112324143344433555667755677766
11233112234152345523455664766647777
11122131223333244445465556677566777
11122131223334234444555665666757777
11112331223332244445645556666577777
11222113421334233444555565777677666
11112314423554235542335426666767777
11233122231442314553645776455766677
11123142231422354663546635467755777
11222112324133344435465556667567777
11122331124335244352644556677566777
11122131324333245552466554766647777
11111222334423344253455556666767777
12223112234115344553445536667766777
12222113421334513345666456774567775
11112333123422234444555556777766667
12223111234412345553456734567766677
11111223332223344445645556777566677
11123122231243355436544665466757777
12222132441334411354663556667577775
11112331223342235444555465776677766
11222111223444434555366553666737777
11233122231123345556456664567744777
11112313223332244555455664476677776
11122113224533245536457364576647776
11222132241344413354635556657766777
12222113324135541335446654666577777
12222133321343511465444657666577775
11111222223455534455334663746677776
11122133221344253446534765777655766
11112341423444233352655526657766777
11122311423344235462354665566757777
11111233332443524665246652476577775
11112133423344235442556625766657777
11111223332244325443554665666757777
11122312223144433544365576657766577
11122311423444235452355563666677777
12222111231444344533665736657765577
11112313223332244555445657466677776
11122131223333244455446656665577777
11222111223455634576345763457634776
11111233342234425364256645556677777
12233112231142354443546665567657777
11223122231133345566445564775647776
12333122231442314556145567456677776
12333122331122415444655546665767777
11222111223344433445636556667577775
11111223342334423445266656677577755
11223122431244315543556435766677776
12223124431243314435155556677766677
12222113231133344456445567556677776
11222112324133544435467356677566775
11233112341223455234556445666677777
11122113324433254432564775666755677
12222111123334453444536775566756677
11112341223442234556345663557677776
11123122231233345555465774666744677
11222312243114433554355546667766777
11122314223144235544365573665766777
11222311123444233445365556667567777
11122311243322433554655546777466677
11222111223455534556347663476634777
11122113223332435554554446666677777
11111222234423344335465556677566777
11222122331144344433566675566755777
11222111223333435444556645566677777
11233412334122341255466554677566777
12222113321143355443555446666767777
11122131223332435644556645766457777
11122133321433254442564675666755777
12223142231433314555145657466677776
12223111234412345633456664577655777
12222113324153341553445564666677777
11223112331423344255644576655766777
11112122223333344555444657766577766
11233122341123455234555647766477766
12222134241344413355163756677566775
11223112334122344553446556665767777
12222111231333344455664456777566775
12233122231113345556445664456677777
12222123331113345556456664567744777
11111233342334422544625556677566777
11122312243125435554365643666477777
12222111324133544355443656666577777
11112133324352243552446574665766777
11111222334223344453664556777566775
11223411234122345633456774566755677
11111222334255342533445664756677776
12223124231443315436154667555677776
12222113321334413444566665777655577
12222112331433314555644556647766777
11111223332233452664556645764457777
11111223332234562345666457764577745
12223124331243315444156665567657777
12222123331133415554656546667477774
11111222332333425544554465766677776
11111223342234423344566665576755777
12222111123334433444555556677766677
11112134223342253444536665566757777
11233112431224352443564775666755677
12222123441334415364153665556677777
11222311243512435554365743677466677
12222123331443315444155567576677766
12223142231443315443155556666677777
12223112231444314533645556657766777
11112314223342253466534665546757777
11222122331433314445664756677567755
12223112331123344445466557766577765
11111233332234452246554465566677777
11112312223332453644566645567457777
11222132321333415444655546657766777
11222132441324513445633556666577777
12223112234113345663455664557647777
11111222223334433445664756777566755
12333122331422514555145667446677776
12222111324413345637456374566755677
12222133321113455534556446664767777
11112333123455234552446527466677776
11122133221333244444555665766657777
11112334123442234425366556675567777
11122131223332453674566745667455774
11122112223334453344556645666757777
12222111324133345553456664567647777
11112312223332435644556475664756777
11112122223334534445346656665577777
12222112334133341555465754677746667
11122132241324453364536645566757777
11111233452334526345266452664577777
11233112231422344453465576655766777
12233112331122345555465774667744667
11112133223345263452664556445767777
12222111123333455634576645766457774
11222311223144435544365553667766777
12234123341233412554165546657766777
11222133221333415544555647776477666
12233123331224411444556665577657776
12222111231444355433554365776677766
12223112431124355443654736557766677
11222312423114435446355663557677776
12222133421334413445167756677566755
11112331423344253442555526667766777
11122131243332456324566645556477777
11111223332243324445666457665577775
11122134221344253446536665377655777
11122113224432564335644356675567777
11223112231423354463547665477655776
11123122231442355433564775647756667
11233112231442344523465556666577777
11112333124332245526455664577647776
11122112223445534445366753677536677
11111222232333344556445564775677766
12233112331223415544555446666677777
11222311423144234455366653776577765
11222133221133455344554465776677766
12222112331443314443556665566757777
11223142331423514235644556675766777
11222311223145633456734567445677756
12222112345113455334653446577766677
12222111123444533345663456677567775
12233122231443315444156675567756677
11111233342233452664526645576457777
11112133324352243552466554666747777
11112122223444434555355663777637766
11112133423344235422554665777657766
11111223342334423554255546677766677
11222113221334453344566645556677777
11122112223334435364755647756477566
12222112331143354463547665477655776
11223112334123344255466654676577775
11223112331224355543566445677466777
11223112334122344553455564777677666
11122314423142233456374567755677566
11122311223333244555465754677746667
11222132241333413554555646666477777
11112134223345234452346556666577777
11123141234422344253666537665577775
11222132421344413354663556777566775
11112133223334255442566445666757777
12223122331443311455664456775566777
11122133221334253444555647756677766
12233122231114355543655446666477777
12222111234143344453655536577766677
11112133323344244452666526775567775
11122113324453246532465374655766777
12222111123444433554633556675766777
12233112331124355244554465766677776
11233112231425344253644556667567777
11222113221433344453465556675766777
12222132441333411344555567566677776
12223122331143351444566475666755777
12222111231433354463544665577657776
12222111231333344455647556477566677
12222111324133345553455664777647766
11122312243124435546355463756677776
11122331123442233455644556675766777
12223123331234415544165546675766777
12222132441333411344556667555677776
12222133321113345556445564466677777
11233122231123344556744567455677766
12233122231113344566445567475677756
12223112331123455534556447766477766
11111222234243344433556665566757777
11122331124333244442555665766657777
11222133221433514635446654776577765
11122331224315243355466654466577777
11122312223145637456374563745677456
12222111123334435444356675567756677
11112132224355243556433564766647777
11222133321133244455644556675766777
11223122231143344453645576655766777
11122112223334453344555546667766777
12223112331123344445466556677567775
11122112223334533445664456777566775
11222311123333245556445564466677777
11111223334222344443555665577677766
11112333123422234455647756477566675
11111222334422354443555536777766667
11233112331422344255644556665767777
11111222223334435346554465766657777
11111222223333435544665746557466777
11122113324433244532645556675766777
11222113221333455634556647576477764
11122113224533245336455664456677777
11111233442234422334556665576657777
12222113421334513345677456674566775
11222133321334215444655746657766577
11223122331423314555645756447766677
11122132221344533445364556665767777
12222113231133344444556665576657777
12233112231124354443554665576677776
11112122223444435546355663356677777
11222132421334413354555546777766667
11122133321432244355446657666577775
11122133321433244442556665776655777
12222111123334435554367546675466777
12222112334133341555445654766677776
11111233442534425334255662756677776
12233112231123344555466654677546777
11112122223334435554356647576477766
11223411234122344433555665766657777
12222113421134455334553647576677766
12222123441134561345663456737567775
11122331124332244355465554667766777
12223123331245311455644456666577777
11112133223332245555444456777766667
11222112321433544335445556666677777
12222113241333415344555546677766677
11233122331122344455644556666577777
11111223332234425354655546777466677
11123142231423354236544665577657776
11122131224332543555436564766647777
11122331124333244552465574665766777
11122134421342233445367756675566775
11112122223334433554655746657466777
12233122331243514465174657746577665
12222113324113345563455664757647776
11122112223333345666455664557744777
12233112231442315443554665766657777
11122131223332435444655546675766777
11222314423114235446355563775677766
11222113224133345366456664555747777
11122331123442234455364556666577777
11122311423444233542635576557766677
11112314423442234552335556777766667
12233112231123344445664556677567775
11222311243152435544356643576677776
11223122231143344453645576657766577
11111222223444435546355563777637766
11222122331433314455644556667567777
11112133224333244442566665577655777
11122132241324453346553465576677776
11223122331423314555444556667766777
11111222223444433354365556666577777
11112133223342563425644556647567777
12222112331144344433566665677755577
11222314423114233544635556677566777
11123144231442354523555236666767777
11111233332224352644566475664755777
11222111223333345556444567475677766
11223142531425314253445536666767777
11123112234422354433554665566677777
11112133224532245336455564777647766
11111223342223455334567445677756667
11222133221133455364555647766477764
11111222223344433354666546675577775
11222133221133455534556446666477777
11112122223333345566475564775644776
11222111223333344556455564766647777
11112331224332544325465554677766677
12222133321343415444155567566677776
12223112231143344443555675666756777
12233122231444314453155567775677666
11111222332233344444566675566755777
12333123341224415244156665576657777
11222113241332456334566645576457777
11122131324333244452465576655766777
12222111321443355433544665776657776
12223112331423314444556775666755677
11222113224133344435465556667567777
11112132223344253466534465556677777
12222113421134455344553367566677776
12222111324153346533465574657746677
11111233332222344455464556666577777
11222311123333245566455764457647776
11111222232443344533455567775677666
11223122331243315444655546675766777
12234112341123455234566345666757777
11112133324332245526445567456677776
11122112223334433544555647576677766
11222311123444233455364576655766777
11122331423314234442555565766677776
11222113324143244433566675667755577
12333122331245512455144567476677766
12233112334122341555455664766647777
11122311243322433564775647756475566
11111233332234452244556475667756677
11111222234423344553455536677766677
12223112331123344566455664755647777
11112133423344235442655526657766777
12333122231142315444556475666756777
12222111321433344435465556677566777
11222112321333453444566475667755677
11222312423114533445366456665577777
11112331223322435444555546666677777
11222133321435214355644556477766677
12222113321133344455647756477566675
11122112223444435554366553366677777
11112133324335244452664526775566777
11112331223334254442554665577677766
11233112334122344255445556667766777
12233122231444315463154667555677776
11111222234442345433555365776677766
11111233332222344555465654666747777
11222112231433344453645556657766777
11222112334123344553465554677766677
11112122223333453664566645557477774
12223124331243311444556665667755777
12222123331144351543555446666677777
11122311223334234444566665576755777
11122311243322453644536645556677777
11111223332224344443555665777657766
12222113231133344555644456677566777
11223112331422354443546775666755677
12222111234133344536745567455677766
11222113221334453444536665576657777
11112331223332244444556665777655776
11222133221133455364556645667477774
12222111123333345566445564456677777
11222112321443344553646536665577777
11122112223455534655346773466734677
11222113421334233444556665576657777
12223122431144314453665536655767777
11112333123435244452465526665767777
11112333123442234442566665577655777
11222311123344253344555465766677776
11112331423334254442566625576657777
11122131223345233456744567455677766
11122331243512435524355446666767777
11122113224335243355445567466677776
11222113321443244433555567576677766
11112333123434254442556625576677776
12222111231433344553644556665767777
11233112331224352444554667556677776
11112133324533245562455624766647777
11233122331122344455467554677566677
11222113221433344435466557766577765
11122113324333244562745667455677756
11123412234122344533645556675766777
11111233332223455244555446666677777
11111222334223546335466554766547777
11111223332223344455446756667567775
11122113223332453444556645776657776
11111223332443322444566675567755677
11112314223442235466354663555677777
11112333123322245555466654776644777
11234112341223455234555346777766667
11122113224333244355644556666577777
11111222334223344435647756675566775
11222111223445534455346653366677777
11122311423334234442556665777655776
11222111223333344556744567455677766
12223123331244311444567775666755567
11122112234552345333455664776647776
11112134225342253446533465566677777
11222122331133344445466657676577755
12233122231144351643566475664755777
11122131223342533455644456777566677
11233142531425314253442556677766677
11222111223334433544555465666677777
12222123331113344445645556677566777
11111222332444324553645536657766777
12222111231444355443556735667366777
11111233442335423654226546665577777
12233112234112344563455664556677777
11222112331423354463554665746657777
12223122331445314453145556667766777
11222122331443314443566665556757777
11222311123455234455364453667766777
12222112341333415344555465776677766
11111222332244344433566665555677777
12233122231113344445645556657766777
11222111324433245336457764576655776
11233122331244312445664756677567755
11222112231433344453646556665577777
11111223334223344255466654776577765
11112334123445234552345627756677766
11222133221133345567455674566744677
11111233332223452644566445667755777
11112334123442234425365556677566777
11222133221433314555445564666677777
12222123331334411444566665556757777
11222112324133345536455564776647776
11111222223444433455633556665767777
11112132223344235466354465576657777
11122112223344433454367556677566775
11112312223333244445466556677567775
11111222232433344553645576457766677
11112331223344253642556475664756777
11111233332444322455264756677566775
11123122231243344443555556666767777
11122331423314235542554465766677776
11111223342234423345666456677577755
11122113324333245552445567476677766
12222113241134455334555346666767777
12222111123444534645366653376577775
11112312223324433445667456677567755
11233112431224352443554665776657776
11122331123332245555466754667744677
11123141235422354263544635766657777
12333123341224411254555546777766667
11112312223332435554665546777466774
11112132224332543655436654766547777
12222111123344435564356643556677777
12222113321133344445466556675567777
12223124331243315446155465576677776
11222112231444344563755637756377566
11122312243124435446355663755677776
12223122331143516435664556447567777
12222133241334411345667456777566755
11111233442334423554265572665766777
11112312223334234445645556675766777
11112122223444433345365556666577777
11111223332223344444555567576677766
11111233332444325466254662577655777
11233122331422314555446554766677776
11233142531425314253442556777766667
12222112331143344435466657766577755
11222113221433344435465556657766777
11112122223344453334556645766657777
12222113421534415334555346667766777
11111223332233452444556475567766677
12222113321143344435467756675566775
12222112331144344433566775666755577
11111222332443524335446556666577777
12223124431245314453166536675567777
11222112321333344566455564775647776
11122132241324433344555567775677666
11112132224335243355446554666677777
12233122231113344555445564666677777
11111222223333455634566445664757777
12233112331124355244566445766657777
11222111323333245555456664467647777
11122331223415234455364456667567777
12234122341233411344566665677755577
11123122231243354443546775566756677
12222113421334413345667456677567755
11222113221333455344556645776477766
11222111323333244444555567775677666
11111222332443524435664357666577775
11122112223444433455336657666577775
11222111223333455344564475667756677
11222111223344433354666546675577775
11112312223444233344556665777655776
11112331223334254442555465777677666
12222112334113344435645556677566777
11233122331224315446554665547677776
