11222111234442354433555635666677777
11111233332224324444566665576755777
11222314223144431456335567556677776
12222113324113344453674556777566675
12333122331122414444555567576677766
11222122331444314533645556666577777
11233122331122345555445674666746777
11112122223334435344555546677766677
12222111324143344433566665556757777
11233122231123345555446654776647776
11122331123332244455446556667567777
12222111234155345533456734667746677
12233112331423514255445564776677766
11122311223334235644556445566677777
11122133221345263455634576445766777
11222122331333415554556446666477777
11112134225342253446534665376657777
11222311123333244556445667455677776
11112314423442233452637556675566777
11112133224333245552455664666747777
11222111223333345555445664777647766
11111222223334534445345556677766677
12222111324413544335643556677566777
11111222223344433445355556666767777
12222112341133455334556745667466777
11222111324443245433556635566677777
11122331124333245662456774566745577
11123112234422354443555637576677766
11123142231423344253645576557766677
12222123331113345555444654766677776
11112133324433244422555567566677776
11112341223444233452367556675566777
11233122431244312443556667555677776
12222133421344513455134556666677777
11111222332443324443555556667766777
11111223332334524445264556677566777
12222113324135541335446554667766777
11111222334422344563455635566677777
12222111321333344456445567556677776
11222112231433354443546775566756677
12222111231443344553645736657766577
11112122223333453444556645576677776
11112132223332455364556645766477774
12223144231142351443555536777766667
11111233332224325546554467574677766
12333122431244312445166756677567755
12223122331114344443555665576677776
11111223332224355543556446667467777
11223122331243315466554465546677777
11123122231243355443566445667756777
11233122331122344455455564666677777
11111223342333425554266546675467777
11233112331222345566445664556747777
12233112331422314455644756677566775
11112133324332244442566665777655577
11111222232443354463554637556677776
11111222234552345533456734467766677
11234122341223415634556345566677777
11223112231423354443554675666756777
12333122231142351444554665566677777
11111222223344433454355567576677766
11111222223333345555456674667744677
11122112234442345333455567775677666
11222312443124531445335556666767777
11112133324335245552444526667766777
11122331123344235442554665766657777
12233122431244315443155665576677776
11122331223312434444556665566757777
12223114231142355443566435766657777
11233112231223345666455564577644777
11222112321333345556455664466747777
12222113421134455344533665566677777
11222134221344413334555565766677776
11112334123444233452666526675577775
11111233332243562455624456664577777
11222311223144533455344556667766777
12222133321334411445667456777566755
11122312223144433445637756777566655
12222133321334514445146657766577765
11222122331433514355444556666767777
11122311243322435644356645576657777
12222111324413344433555556667766777
11112333123322245555456664477647776
11122122231443354433546665556677777
12222123331113455634556645776477764
11122133321332245555445664477677766
12223144231142315443655536665767777
11111223332443324455264556667567777
11222133221133344555466754677546677
11223111234442345523455536667766777
12222133421334411354555546777766667
11111222223334435344555645776677766
11123141234422345263456635566757777
11122331224315243556435564766647777
11112344123442235462355663556677777
12223112231143354436547665477655776
11122331124333244442556675666755777
11112122223334453346554465577677766
11122133321332244444555565777677666
11111223442334425364253667555677776
11233122231123344556455564766647777
11112132224325643356443564755677776
11122113324433244432555667755677766
11222111223344534455364553666677777
11111222223444433455335556677766677
11122131223332453444556645667756777
11223122231444314453666536765577775
11122112223334435546355467574677766
12222113241333413554665546675467777
11223111234422344453555536666677777
12334123341223415254155546677766677
11111223445233452634526345667756777
12222111234133344435466556655767777
11122131243322453344555546667766777
12222123341334413445167756677566755
11111222232455364453645536477366777
11122311223342433444555556677766677
11222113324133245536445564775677766
11111234442344523335226657776577665
11112133324353245522455674666746777
11222113321443244335466657766577755
11111233332444322445627756677566755
11112333123432244552467554677566677
11222311423314235544355546666767777
11122312223144433454637556777566675
11222312423114433445366656655577777
12222112334153341536445664557677776
12223124231144351443556735567766677
12233112231123345556445564466677777
11222314523145231455364453667766777
11111222223334534445346656665577777
12233123341223415544155546667766777
11122131223334255344556647576477766
11122113324333244442556675567756677
11111233332345524455224456666767777
12333122341223415544165476655766777
11112132223334235444554665776657776
11222113224135544335463554667766777
12333122331122451444556465566677777
11111223332453324556247564475677766
12222113241334413344566665577655777
11112312223334255344566445766657777
11111222223345534445334657766577766
11122311223332435664556745667457774
11112344123444233352666526655577777
11111233342233422564555647756477766
11112133324353245552456724467766677
11112133223332245555456664466747777
11233122231124355643566445664757777
11122131223334235544556447566677776
11123112234522345533465574667746677
11122112223455534465344653776637776
11112122223333435544556445666677777
11222122331133345566445664556747777
11122311423334234442556665577657776
11112333123344255422564775647756667
11222113321333244456445567556677776
12222113241133455534556346667467777
11222312243115436654365543665477777
11112132223342534455346657476577766
12222112331133455364566645576477774
12222111324413344335647556777566675
11112314423344233452655526665767777
11122341123444233542355667755677766
11112331223322435444554665566677777
11111222232333344555445567476677766
11222112321433544435664356775566777
11112122223345536445364453666577777
11122131224355243355443657466677776
12333123341222411444555567576677766
11122314223144235544355663577677766
11222111223444533445365553666677777
11112331223422534665346654476577775
12223122431444311433555665756677776
11112132223333245555456664667744777
11112122223444433334555567566677776
12222111123333344445666456755567777
11233412234112345523465574665766777
11222112321333344455464556675766777
12222111234513345536457364577647766
11122331223312453664556645767457774
11111233332344422454265576657766577
11233112234142344423555565777677666
11122331223312453444566645576657777
11122112223334534445366456665577777
11111222232333345555445674666746777
11223122231133344445666457665577775
12222123441133413354666546555767777
12223124331243311444556665576657777
12222123331443315446155465566677777
11122314423145233452634556675766777
12223123331234411544665476657765577
12222113324113344453455567775677666
11122133221333244444555665576677776
11112314223444233342555556677766677
12222113234133341555467754667546677
11111234442345623456235562356677777
12223142231444311453655536665767777
11222113241332455364573645776457766
12222133321334415444155567756677766
11222311423514235446355463566677777
11223111234422344453667536775566775
11223122331123344456455564566677777
11233122331243512445664456677567775
11122133321343244452455567566677776
11123112234422354433554665666757777
11112133324433244422556665577657776
11112333124332244442555565777677666
11233112234122344553446556667567777
12222123441333413554155546777766667
11123112234523345236456664577645777
12233112234112345673456774566745567
11122133221334253444555546777766667
11223122231145366453644536645577777
11222112231333344555445657476677766
11111222234253344553455634776677766
12233122331124314444555567566677776
11122112234425364453645536657367777
11223122331124355643566445677456777
12222111231443344553646536665577777
11222111223444433334556665577657776
11222113221333455364566645567477774
12222112331133455364566645677457774
12222113421334513645736457764577665
11112133425344253422534665776657776
11122312243124433344567775666755567
11122132241325433354655546667467777
12222113324113544335644756667567775
11112122223344534445366653776577765
12233122231443311444555567775677666
11112341223442234566345563755677776
12222113231133344444555665577677766
12223142231443315443155665576677776
11111223332223344566455564577647776
11223122231443315443655476557766677
11122112223345534455334456677766677
11222113324143244433566665555677777
11111222234552345553466634766347777
11223122331123345566475564775644776
11122311423444233342555556666677777
11122112234423344563745637756677556
11222111324333244435466656677577755
12223114231142344433555665566677777
11222112321333344444555665766657777
11222112321333453444554667556677776
12233112341223415534556445766677776
11122112223444534465337653776577665
11222134421344213345663556775566777
11111233332244352246557465574677766
11122112234452344553465536666377777
11122314223142533445636456667577775
11122311223333244555444556666677777
11222311423144235544335667755677766
12223123331234414445165556675766777
11112134225344253342536465766657777
12222111123344434456355563775677766
12222111321333344567455674566745677
11111222234233344453664556655767777
11112331223322435554665446657467777
11111222232333344445647756675566775
11222112231433344443555565776677766
11123112234422354443555635776677766
11122131223342435444356675567756677
11222113221334433444555665766657777
12222113231133344445664556655767777
12222112331143355436754467554677766
11111233342233422544665476557766577
11233112231223344445645556677566777
11122132221334533445674456777566675
12223124331243314445165556665767777
11222311423514235544355463776677766
12222111231443344533455665576677776
11122331223312453644556645766457777
11112122223333345555456774667744667
12222123331444315543155467566677776
12223142231443311453664557666577775
11223112334123344255446556667567777
11122131223342533455444556666767777
11122133321332244555455664776647776
12233122331123415554666546765477774
11111222334423344253455556677766677
11112132223333244445666456655577777
11223112234152345533445564776677766
11222113321334253444555467576677766
11122112223334435544365476655766777
11112312223342534445366456665577777
12233122431124351443556475567766677
11234512345123451234552346777766667
11222133241332415344655546675766777
11222122331133344555466554666747777
11223122231433314555444567775677666
11122131224332544365473654776577665
11111222223455534445336457366677776
11222314423144231455366753677566775
12333122231124351644556475664756777
12333122231112344445646556667577775
12222134421344413335165556667567777
12222111321333345566455564777644776
11122134421342233455634556777566677
12223122331144351643556445566677777
12222111123345534455364573647766677
12333122431124315244555645766677776
11122113324432244335466656655577777
11222112321453344563455634566677777
11122131245322453344536475567766677
11222112231443354433546665567657777
11122331223312435554665546664477777
12222113321143355443554665746677776
11112331423344235542655426657766777
12333122231424314445165556667567777
11111223332244324453645556666577777
11222112321433544335466654766577775
11222113221334455334566645676457777
11223142331422314443556665567657777
11112133223342234445666456765577775
11111222234233344355644756677566775
11112334123342234442555675666756777
11122133321343244442556667555677776
11223122231133345555444657476677766
11112133324322243555465754677746667
11112133223342234455644556777566677
12233122231443314445167556677566775
11123142231422344433556775667755667
11111223332244352443555465666677777
11112133223322453674556745667456774
11122133221332455344555446666677777
11111223442233423344555665766657777
11122331124333245562455664756647777
11122314223144233344555567775677666
12222111123444433455336556666577777
12222123331113344456455564577677766
11122311223334253644566645576457777
11222111223444534455333656666577777
12223124231143314435664756677567755
11123411234442354223556637556677776
11233122231442314453645556667567777
11222112331423344435466556655767777
12222111123333435554556446667467777
11222113221333456344567745667455677
11222113221433354443555467576677766
11122311223334253444556475567766677
12222112341153466534665346553477777
12333122331224411544655476657766577
11122312223144433544365776655766577
12222111234133345663456664557745777
11112314223344235442355556666767777
11122311223333244445466656677577755
12222111123344453364536645776655777
11111223342333422544555467756677766
12333122431124315244556645566677777
11122113224335243356455564766647777
11122331123334255542654476547766677
11222311223314453344555647576677766
11112333123322244555445564666677777
11112133324432244352647556677566775
11112333123445234452664526675567777
11223122331233415564555647766477764
11222112231443355443555436777766667
11122113223334253544555446666677777
11112132223334253444555546777766667
11233112331423564225644556475766777
11222311223314435446354765577657766
12222133321113345555444456667766777
12223122331113456634556645767457774
12222132441333411344556665557677776
11112333123444235442655726557766677
12222111123344533465344657666577775
11112331223344234452664556655767777
11223122331423314455664457666577775
12222111123344536745367453674566775
12222123331143351444554665577677766
12222123441335413354165546665767777
11112331223322453544555446677766677
11233112331223452444566645556677777
11112314223442534425367753667566775
12222111324153344533445667755677766
12334123341253412544125556666767777
11233122431244312443566665556757777
12223112234113344435664556777566775
11111233332223425664555647756477764
11223412234112344553455536666767777
12222111123334433544555647566677776
11111222234423344335455556667766777
11223122231144354433554665666757777
11233112331224352544555647776477666
11233112331223452644556645566477777
11112333123342244442555665577677766
11111222223334455344563645666757777
11112314223442234455366753677566775
11112132223345233455444556677766677
12223142331423314445165556657766777
11223111234452344523455536667766777
12222111123333345555466654776644777
12223142231443311435664756777566755
12222134521345513455134467376677766
11222111324533245536455364477677766
12223122431114355443555436666767777
12223122331143351444555645776677766
12333122431524315244155546777766667
11222111324333243555444556667766777
12223112231133344445647556675566777
11222111223444433554355563766677776
12333123431224511245666456774567775
11122112223333345566445664557647777
12222113231133345555465774667744667
12222112334115345553444536677766677
12222132341333415444156665556677777
11112314423442234552355563776677766
11222111223344435554335647756677766
11223112334122344443555556677766677
11112133223344235542555467774677666
11222111223333453444554667556677776
11112133223332245556455664777644776
11111222332233455344556445766677776
12222123331444314543165556665767777
11222111324443245533456365566677777
12222133241133451344555465766677776
11112133223332245556447564475677766
11223122331243314444555565666677777
11222314423114235544355663566677777
11222133221134453364556645766457777
11223122431244314433555665666757777
12222111321333455534556647776477664
11233112331224352446544665566757777
12222123331134516345664456645577777
11122331124333244452647556677566775
11122122231433344553455664577677766
12234123341234412354165576657766577
11222111223445534456345563376677776
11122132221334453446534665577657776
11122112223444433334555556677766677
12222113231133344555644576645766777
12233122331124315544555646666477777
11112312223444233345666456775567775
11233112231423344255645556477766677
11222133321133244455445556667766777
11122112223333344445667456675567775
12222111123333344455446556666577777
11222132421344413334556665576657777
12333122231112344555444657766577766
12233122331124314445664556665577777
11222111223444433456355563566677777
12223122331444311453664556667577775
11122331123444234542365556665767777
11112122223345533455634576647766477
11122131223334255344566745667456777
11123142231425344253455536666767777
11122331123342234444566675567755677
12333122231442314445165556677566777
11112133224433244532455667556677776
12222112331133344445647756675566775
11112331423444233422566665555677777
11112333123422234455446556666577777
11122314223145233455344656666577777
12234123341234412345166556655767777
11111233332243522455644556477766677
12222111321433344356475564755677766
11222113425134255344553467736677766
11222113321333244445645556667567777
11123144231442354223555536666677777
11112132223332453644556445566677777
12333122431124315244555467756677766
11222112341523455534665346663477777
11222111223334434445367556677566775
11112333124322243566455564775647776
11111234442333425534265552666677777
11122113224335243356477564755647766
11112134423344235422355556666767777
11122112223333456634556645567477774
11222112231443354663546635467755777
12223112331123455534657446577466677
12222133321443311445666456777567755
11223411234122344453555536666767777
11111222223344433344556675666755777
12222133241334411345667456777566755
11112333124335246652465524675746777
11122122231333344555445564776677766
11233112331222344445664556677567775
11122112234442345663456635567357777
11112312223324435644356745567756677
11122122231444356443566335667755777
11111222332423354443546675567756677
11123122231243344443556665557677776
11112331223342235444554665666757777
12233112231424314443555556666767777
11222111223344433344556675567756677
11222133241332413444555565766677776
11112331223342253466544465777655776
11223411234122344433555556666767777
12222112331443314443555665777657766
11122133321433254462546665476755777
12233122231113344555467554677746667
11123122231243344443556665777655776
11112333123432244552445567775677666
12222132441344413335155556666677777
12222111234413344563455635566677777
11112333123444234542665526675567777
12223112231143344453466557666577775
11223112331223344555466554766647777
12222111123445534465346653766537777
11122113223332453444556645576677776
11222133421134255346553467574677766
11112132223344233444567775666755567
11222133421334213444555556667766777
11111223332243352446555465774677766
11112314423444233352666526765577775
11111222232444344533665736557766577
11111222332425344453645536657766777
12233122231444311443556665567657777
11122133221344233445664556775566777
12222111123344536445364553677566777
11111233332444325546275462755677766
12233123331224411445664557666577775
11112331223332245556475564777644766
11112341223444233542355556667766777
11222311123344253344555467576677766
11111222223334453344566645576657777
11122311223445233455634556647766777
11223112234123345536455664566747777
12222111231455344553446536667367777
11111222232444344333555665777657766
11222111324443243335466657665577775
11233122331244312444566775566755677
12233124431243312445166656675577775
11112133224322543365446654665577777
11223112231423354443566475666755777
12222112331133344555466554677746677
11112122223334433544555465776677766
12333122341253412544165546657766777
12222112334113344453465556666577777
12233123341234412544155556667766777
11112132223344233444555565777677666
12333123341222411544665476557766577
12222133321133415444556645766657777
12222111234133345536457764576645776
11112312223324534445367456677566775
12222111231443354633546675467755677
11233112331423564225645556447766777
12222111123444435467356673566735577
12222123331144314443555556666767777
11112134523345234452345526666767777
12222111231453344553445536666677777
12222111231443344335466657665577775
11112314223344233542655476657766577
11233112334122344255647556477566677
11122112223333345556455664477647776
12222113321433514635446657466577775
12333122231244311455664456675567777
11111233332223452444566645566757777
12222111123344453647536475366755677
12233112231142356443564475667755677
12222111234133344435466556655767777
11112333124332244452466556655767777
11122132221334563345664456645577777
11223122331123345555466654466747777
12333122231442311455664756647567775
11222311423314233445666456775567775
12233123331224415554155446777766667
11123411234222345533456664556677777
11233412334125341255442656666577777
12222111231333345556457564777644766
11122341123442234455366553666577777
11222111223444433554635576357766677
11111223442235462354633546775566777
12223122331133415544556447566677776
11111222234255344533445536677766677
11222311123445234455346573665766777
11222112321433344355647756477566675
11112312223442534445366753677566775
12223112231433314455664456665577777
11223122331233415544554465777677666
11111233332244322444555667556677776
12233112231442314553644556666577777
11233112331224352644556645667457777
11122113224333243556445664755677776
11222111323333245555446754467766677
11112132223324453344556475567766677
11222122331133345556457764577644766
11112333124432244352466556655767777
12222113324135641356443567475677756
11222111323333244455466554677566777
11222111324443255433564375677756667
11111222223334536645364456674577775
11111233452634526345263452664577777
11111223342553425334256447566677776
11222311223314563445634456665577777
11111222332443325443555465666677777
11122131223333244456455564756677776
12222133321343415444155665576677776
12223124231444314533155556666767777
11222111223333455534665446657467777
11122113324333244552645556477766677
11122311223334253444556645667756777
12222111123333455634556645667477774
12223112231443315436554465777657766
11111223332234324444556665667755777
12222113241133453364557645576477766
12222123441133413344555665666757777
11123441234412345523556237566677776
11222113321333245666456674555744777
11223122331123455534567745667466774
11222122341133455344563745667756677
12222133241333411544555465776677766
12222111321333453664556445667457777
11123112234422354663544635566757777
11222311243152433554635746657466777
12222111321443355436574365746657776
12223124231143314453664556777566775
12333122331124516245664456647577775
11222112231433344535465554666677777
11112122223334435444355665577677766
11122133221332453664556645764457777
11122132241324453344553665666757777
11122113324332244356455564566677777
11222112321433344553465554667766777
11223112231423354436544665777655776
12222111231333344566455564457677776
11222112331423344435465556665767777
11222133221133344445467556677566775
12222123331114355443564475667756677
11123142231422354463546635576657777
12333122331124561245666456744577775
12233122331123415664556745667457774
12233122431124314443566665555677777
11111222332444325433554665576677776
11112133224333244442567775666755567
11122311223444233344555567775677666
11222112321433344435455556666677777
12222111123344534445365553667766777
11123112234225344453466536675567777
11112132223333245555465774666744677
11122122231433354366546665447755777
12223112331123344444566675667755577
11112333123422234445647756677566755
11122311223444235446357763576655776
11112122223334433544665546655767777
12222123331443314445165556666577777
11111222223334533445666457664577775
11112331223442234445355556777766667
12222133321334415554156546667467777
11112333124435244352455526666677777
11122133241322433554555446777766667
12222112331133344444556675666755777
11122311223334234445645556657766777
11111222223334566345673456774567745
11222111234442344333556665577657776
11112312223424534445335556777766667
11112133224332245366455664577645777
12222133321343511455444657766577766
11111233332244322444556775566756677
12222111123445533456734567345677766
11122311223334235444556465566677777
11122112234442344333556675567756677
11122113245532455324653346777466677
12222133321133415664755647556477764
11112122223333434444555567775677666
12223122331133415664556445566477777
11222122331133455534665546677467774
12222113321443514335445556777766667
12233112231142344453465556675766777
11223112331224355443564775647756667
12222123331133415644556645566477777
12223122331113456634566645554477777
11112312223332453444555546677766677
11222132421334413344555565777677666
12222112331133455344556645666477777
12222111324413354633546775466755677
12222123341333411444567775666755567
12233123331224414445166656655577777
12222132441334411334555665776657776
11222111223333344455674456777566675
12233142231442311443566665777655577
11111223342333422544555467576677766
11123122231244355443555436667766777
12223122331113345556477564475647766
11112312223334255346554467574677766
11222112234133345366455564475677776
12222113321133344455446556666577777
11112333123342254442554667556677776
12222111123444433345366556675567777
11111233332223425664556445667457777
11223122231144356643566435564757777
12222111123344453464533665566757777
11122331223412534455344556666767777
11233142231422314443555565776677766
11122131423344233442556665557677776
11222133221333414444555565666677777
12222133321344413455164657666577775
11123122231244356643566435564757777
11112314223444235462356663567755777
11112331425344253342556427566677776
12233112331124355244556447566677776
11111222232433344355446657776577665
11122133321332244555465574666746777
12223112231133344455647756477566675
12222113241134433344566675667755577
12222123441333411344556665576657777
11223122231133344445677456677566755
11112133324322243556445567456677776
11222112321333344444555567775677666
12222111123455534556344663747637776
12233123341223411544555546667766777
12223122331145361453644576455766777
12223122331133451644566445566757777
11123122231423344553455664576677776
11112312223324434445367756677566755
11111233342234422354666546765577775
11112312223442534555345663477677766
11112133324335245552466524766647777
11222134421334213544635576657766577
11222122331133455634566445766457777
11223122231443314553644576655766777
12333124431224315246157465576657776
11223112331224354443564675666755777
11222133221333415444555546666677777
11112312223444233344566665576755777
11111222342333425364755647756477566
12333122231112345555446754467766677
12222111123344433445635556666577777
11123122231244344433555567756677766
11222112234133345553455664666747777
11123142231422344553645736657766577
11122112223333435554654446577766677
11111233332435624456244562755677776
12222111123333344555446554667766777
11122113323332244445467756677566755
11122331423314235442554665666757777
11223412234112345553445536666767777
12233112231124354443546665576657777
11111233332444322546725467555677766
11111222223333345555456664446677777
12222112331333415564555647766477764
11111233332222344566475564775647756
12222111123334536345666456774577745
11122112234423345553465534667766777
11112132223324433554555446666767777
11111222223334455334555446677766677
11222112231333344556455664757647776
11122112223333345566455664457647777
11112312223344233445664556655767777
11111233342233452264566645576457777
12233112334125341255444656666577777
11233122331422314445664556655767777
12333122231112344444555565777677666
11122331223312453644556645766457777
11223144231442315423555637566677776
11223122331124355443555446666767777
11233122331223415554655446664767777
11222133241332415364755647556477766
11222122331133344444556775666755677
11222112321443355443554635666677777
11122113423334234442566665567755777
11112333124433244452665526655767777
11122112223444435546355663576637777
11122122231444354463577635776355766
11122112223334435346555465774677766
11223111234422344553455536677766677
11122122231453344553446536665767777
12222113321133344556455664576647777
12222111123444433345636556665577777
11112312223324534445366457666577775
11222311223314433564555647756477766
11112333123344255422544665566677777
12222112331144354433564775666755677
11122131224335243555435664476677776
12233122231114344443555665766657777
11223112334122344553465574665766777
11233112231422354443546665777655776
12222113324113345553456574667746677
12223122331143314444555565777677666
11112331224322543675436754667546775
11122122231443354443566635676755777
11111223332245324453664556645767777
11222111324433244536455365577677766
12222133421334411344556665576657777
12233112331223415444555647756677766
11233112231442344423556665557677776
11222314423114235644356663555677777
11222311243312453344555467576677766
11111233342344423455226756667567775
11222133221134563345666456744577775
11122113324333245552445564777677666
12223112234113345553455664466677777
11223114231442355423654736557766677
11122131243332456324566645677455777
11112333123432244425466657766577755
11222111234552346573465734657346677
11233122331244312445664557666577775
11122311223334253444555465666677777
12223124231144315543556435766677776
12222111123455634556345663477634777
11222133221334413544655546665767777
11111222345233452634556345666477777
11111222223333344555466654766547777
11222113241332455364753647556477766
11222113321333244444556665667755777
11222113221334433546775467554677566
12222111324133344553644576655766777
11122122231443355443566435566677777
11122132221334455334555446667766777
11122131423344233442566675566755777
11122331123342253444556645576677776
11222112231443354443566635676755777
12222133321133451444556465566677777
11111233332222345555444456666677777
11122113224433245533455664577677766
11222111223334455344563745667756677
11111223332234325544655546666477777
11112133223342536425664456747567775
11233122231243314445666457665577775
12333122331122415664755647556477764
11223122331123345556456664567744777
11233112334123544255442556777766667
11222312423144431546335667555677776
11122122231333345677456674556744567
12222123331134314444556665577657776
11111233332243562445624456665577777
12222123331433514555146657446677776
12223124231444315433156665576657777
11122112223334453446534665776655777
11122134421334233442566665576755777
11122311223334234445664556675567777
11111223342553426534265346657467777
11222133221134455334655546666477777
11223112331423544235467554677566677
11112331223442235446354765577657766
12222111324133344435465556675766777
11222312423114433554636546665577777
11111233332344422254655546577766677
12223112331124356643566445567457777
11111222234423345533456664557677776
11122131223342563445634456777566775
11112331425334253442555426677766677
11223122231443314553446556665767777
12222112341333413444556665777655776
11111223342334423546255467755677766
11112122223334435544355647756677766
11111223342233425634556445666757777
11222311123333244444555567775677666
11222111223334433546555465774677766
12223124331244315443156665557677776
11112333123444235462554625576677776
11222311123444233344555567576677766
12222133321343516445164456665577777
12333124431224315244155556666677777
11111233342553422534255446666767777
11122131223332435444556645566677777
12222112341553415334657346577466677
12223122331143561435664456674577775
11112334123445234452365526675766777
12223144231442311433556675567756677
12223144231442311433556775666755677
12223112334123341555466554677746677
11111223332244325543654476557766677
12222111234415364453645536775366777
12233112231123344445466557666577775
11112331223442233444556665556677777
11111223332223455634556645766477774
11111233332434524445226556667567777
11111222334233542355465574677746667
12333122431224314445165556665767777
12222111321443355443566435677756677
11123112234223344453664556677567775
12233112331425314255644456777566677
11222312243154431554365743657766677
11233112231224344443555665777657766
11112312223333244566455564576647777
11112133224332244356455564577677766
11223411234412354623546635776655777
11122331123332244445667456675567775
11111233332234524445264556666577777
11111233332445324555244562766677776
11233122331224314445647556777566675
11111233342533425444255662566677777
12333122331245512455164456664767777
11122113223334235444555546777766667
11222122331433314456744567555677766
11112331223442235446355465577677766
12233123331224411544655546657766777
11112341223444235542365573665766777
12222111123344453364537645776655776
11111223332243324455446556666577777
11122113324332243566455564475677776
12222133321345513455164756647766477
12234123341253412534155546677766677
12222111123345533465734657746577466
11233122231243314444555665566677777
12333122331122415564556647566477774
11222133221133345666455564457647777
12333122431224315446155467556677776
11111222234233345366456664557745777
11112334123444233422555665576677776
11112122223344434455366653667577775
11112341223444234562335667755677756
12222113241534415334555346677766677
11122131223333245666455564577644777
11222112321333453664556445664757777
11122133321443244532645556667567777
11122331123342234444555567775677666
11222312423114433554355546667766777
11122132221344453334566645676755777
11112331223342234445666456655577777
12233112234125341553444556677766677
11122131243322435674356745567456677
12333124431244312245167556677566775
11222132441324413345663556675567777
12222111231443344433556665567657777
12222111234133345553444567775677666
11112334123344234422556665667755777
11222132321333414444555567756677766
11122112234442356473564735667355677
11222122331433514365446654665577777
11112331223334254442546775667755667
11111233332234422544655476655766777
11222132241334413445637756777566655
12223112234115344553466534675766777
11111223332334422444566665556757777
11111222223333456364566645574457777
12222111231433354443554665766657777
11111222223334434445355556667766777
12233112231442314563745667455677756
12233112231123345556445564776647776
12222133321443315444156775567756667
11222133221133344444566665577655777
12222133321113344555455664466677777
11222311223144433554365546657766777
12222133321334415544165476655766777
11122131223345234455344556666677777
11112341223442233445365556666577777
11111222234423345533455664756677776
11222113221333344566455564456677777
12223112234153341553446554666677777
12222113241134453346573465776655776
11223112331223344566455564475677776
11222132321333415444555546777766667
11222113221433354436544765777655766
11111233332234422444555567775677666
11112134425334255342653426577766677
11111223342234425364553647556677776
11111233332243526445266457664577775
11222112231333344455644556777566677
12223112234113344535445556667766777
12222123331113344455466554677566777
11112314223344234452355567756677766
12233122431124315543554467576677766
12222111123444533445366553677566777
11222111223445534445366653766537777
11122131324333245662455674566745777
11222133221334415364557645776457766
11122113324333244442556775567756667
11222111223334433444556675567756677
11222112334125344553466534675766777
12222113324113344443566665567755777
12222113231433314455664456665577777
11122132221344433445637556777566675
11111233332223452444554665566677777
11112133223322453664566745677455774
12333122331122415564775647556477664
12222133321334411544655546657766777
11222311223144534465334657776577665
11222113221333455344567745667456677
11111222232443355433554465666677777
11223112231423354443546775666755677
11112314223444233542355556667766777
11112331223344253642566475664755777
11222112334123344553455664576677776
11222111223334534445364657666577775
12222123331114344443566665567755777
11233112231442344523455567566677776
11122132221333455634556647576477764
11122113224333244355455564666677777
11111222232433354366544665546757777
11112122223444534665346553665737777
11222112324133344355446656665577777
11122331124335246352466554675746777
12222123331334511445644556667567777
12223112231443314443556665566757777
11111233332344524455224567775677666
11111233332345524456245562466677777
11111223332243352444555546666767777
11223122231443314553446556666577777
11111233332222345556455664476647777
11122311223333245556455764477647766
11111233332455324456244562775677766
11223122331245314453445556667766777
12223112234113344443555565666677777
12222112331433314555444556677766677
12222111123444433456735567355677766
11122113223334253444555546666767777
12222133321334514445166456677567775
11112133324443245532455526666677777
11222122331433314444566675667755577
12222112341133453344556465766657777
11112312223444234555346553666677777
11112331223442233445664556677567775
11122131223332435554554446777766667
11111233332345524445246652666577777
11111222234233344435645556675766777
12222111123333435444655746657766577
12223142231444311433555565766677776
