122222132342133342113342111344551344555554656654666666
112222112232122333113343155343155544556444566446566666
111111211313222333243335244435245555244445266665666665
112222122222111133411333443355443665443665446655666555
111122111222112223442333444443555443655553665533666666
122222123332113322143333144555164445166645166445666555
122222132224133324133334155534155444155564156664166666
112222113232113332133342113542555544566444556446566666
111222113322411322415332415532444533664553644555666666
111111221113223333244433244433222445666645666555665555
111111122212133222334224344444334555364555366665666655
123333122233122234124334124444155644156666155556155666
111111121221322224333224353334653544655554665544666664
111111122131222334222334233334555444555444565566666666
111111222341222341522341525344555344553346653346666666
112223111233412233411223441253445553465553466556466666
122233122233122333112334114444514464516664566566555556
112233411223412223411223411533455553466653466555446666
111222112222311142314442334444355664335566335566555666
111111233331223331224331224444522446555446565556566666
122222111112133122133324333444344454645555665565666665
111111233411223441233444233554233544255566225556666666
111111122113222223422553455533465533465563466663444466
112222111232111233414223444433546633545663545666555566
112222122332133332113332114445614455664455666445666555
111111112333122333422333452222455666445556455566444666
111111211331223333222433225443255544555444566466566666
112222111222311224351144355444335544355564333566666666
112222113332113322113332413552444555446655446556466666
112333122223124253124253144553144453114553664655666666
111222111122132222133444333455366455336455666455666445
122222113442133342111342151342555344555364556364666666
122222123332111322133333144455144445164555664665666655
111233122233122233112433142435144445446555666555666665
111122113122443112443322443332444332555555566565666666
112222311212311112333332444332544466555446555466556666
122222122333122443114443115543611543655543655543666666
112222111212341112344442344442355666335556355556336666
122222122332123333113134511134555544566644566644556664
122222122223113333111344551344551334655554656444666666
111111212311222344233344233554223354665554665554666664
111122113112133222432252433555443355444356466556466666
111222111122333122333142343342544446545646555666555666
122223112333122333122343111145444445466665465565666555
111122131112133322443332443322445562445666455666555566
111222113222133342134442133342155344555644555666566666
112233111223111123444223445223455553445653455663666666
111222111332143322143225143325644335645555644455666666
112333122223142333142353142255144555164455166445666666
122222111322111332113332333444555444655554655664666664
111122113112333312332222334425444555446665466665466555
111111122121222223442333455533444563445563455563666666
111111122331222231422333442563445563455563455666445666
111122112222111222344444334444333355335555665565666666
122223112223132233133334115544115444665554655564666664
111122131222132232132334133354555554656454656444666664
112222112333122243124443114443144333555555555666666666
112222112223412323413333411135444535644555645565666666
111111122233112233444233454236452236456636456666455555
111111223331233311223444523344522244555546566546566666
111111122222112334222334553344533444536464566666555566
122222111222113323111333445536445336455556445566446666
111111221113422333422233444223544633544666555556556666
112222122232123333111113444333455555445556445666466666
111112111332431322433332432222444445666545655555666665
112333122333112234152634152634152644152644556664555664
111222331242311442351442351422351444355556365566366666
111111222113222213224443544333554333544666554666555666
111222131122133122333142334442534444554666555556566666
122333122433124443122433122435114455164665166665665555
111111221131245533244553244553264453264553264663266663
111111122221332241322444332455344455345556365656366666
122223122233112233133334114444114546555546566646555666
112233112333122223111223144433445445455555465566666666
123333122223124443124533124535124555144566146556166666
111112133322114322144322444322544333564666566656555556
111122112222113222313444333334553554555564656664666644
112333122333122234125334125544125554166554166544666664
111111122333112333222433222434555444565464565564566666
111111112222133224335224355254355554356644366644366664
111112122222111222333344563344566334556634555664556644
111111112222122333422533425533455563445663445566446666
122222111112133122443123443333443556455566456556456666
111111211331245333245553244553224553224453624466666666
111222311122314112334422344442344555355555336656666666
111112131222132222132444333454363554366544665554666655
111122133112331122333322444352644452645555644565666665
112233122223122243114443144543144533155563555566666666
111112331112334412344522345522345526345526344556666666
111111122211223222443325433335434535444555466556666666
111122111132145332445322455332445332455362445566666666
112222133242133442133442134442133545155555165566666666
122222111232133332133432111435444455465555465665466666
111111213114223344233334235354255554265554266664266664
111112134112134422333452334452633452664452666652665555
111122112223142333142233145233445553455566466556446666
112222122232123333113343111344554444566664555664555666
122333112233112223411123444123444453466655665555666655
112223122223112233114553144533145533444555466566466666
111222331222311142334142334142334445666455655555666665
112233112223122323123333111445444455646655644655666655
122222111222133324111334513344555364555364655664666644
111222131124132224133244135254335554335664555644666666
112223142223144423144423115423115433555536655536666666
111112333312443312433312445212445222455555456656666666
123333122223112223411233411553441556455556445666446666
111222111122131322333322345335445555644455644456666666
111111121213222223223333444443445443555553665655666666
122223122233113223413333411115444445466555465555666666
111222111233141233541223544223544443546663555563566666
111112312222311122333224354444355554355564366564666664
111222112223122243111443444433554453655553655663666663
111111123331122233442223444223544553544563555566666666
112233122223121223111333441553444453464455666665666555
112222122232133332111433154433154666554446555446556666
111122113112313222333324355224355554556644656664666444
111123121223122233123333124443554444555454665556666666
111122333124311124331224333244566244556264556664555566
122222111123411223413233413335443555644565644665666655
111111111222222223245533444553455553445333466636466666
111233111233122223112233444253455553444555464656666666
111222122222123333133443113344155544555444565666566666
111222121233122223113333144343544444555466555566566666
112222111222111232441333544433544463545563555663566666
111223114223514223514223514323514333554446556646566666
111112131212133222332242334444355544365554666654666655
111111111223442233444223542223544333564636566666555556
111111122331122233223333224435444445465545665555666666
111111121122322222332445364455364445366455336455366665
111122111332113322444322433325445325445555466655666666
111112312112312222333332434432444445466665666555665555
111111222111332222333242353344556364566664556644555644
112223111123144223142223144443545543555533656536666666
122223112223415223415553411553441153466653444653666663
111122333112311122333222334424544444546666555556556666
111112133332134422133442153422553462544462566666555566
111222131222131122134442333444553344555364555566666666
111112133332133222133224132244556664556664556664555444
111111112212332222333244335244355544356554666554666664
122222123332133322133444135554165454165444165556166666
111222111222331142341442344442335646335666535556555666
112223411123411223415523414523444523455553665633666666
112222112232122433155443115433155443554433566466566666
111111122131223333222333224344554444544666555666555666
111112132112132222334442334442354456355456355556666666
111112122222133322113332443535443555444455646665666665
111222111223122223114333444355444335646635646655666555
111111221333421333421235422235444235664455664555666665
122222121233111223114443414333444355466355666555666655
111222111232111232445232445333445553645533644556666666
122222132425132455132445133345136345116345616445666665
111222122222133244135554133544135544135446335566666666
111111121134222334233344253334255544256554256654666666
111111211221222223243333444433554436555436556466556666
111111212331222331224433254333254444556644556666555666
122222111222311112333314353544355554355654666644666644
111222122223144223144443114453155453655553665633666663
111111112133222243242443242433544463566663565563555566
122222121122111323143333144433444435466655666665655555
111111233114233144233444233344222254552556655556666666
111122112222311222331444333334563644566664566564555554
111111112223122223444223454633455663455563455563466663
111223111223411233412233442235445335445555466556666666
111111111222333322433322433552445552465555466666444666
112222111222113422513444513334555534566634566634566634
111111122221333321334322554332554442555544666564666664
112222112322144323114323144333144553446555666665666555
111111112213222223444223444553644533664553665553666653
111222121123122223133333144435446435466445666665655555
112223112223111223144233144443445533455563556566566666
112222122322112344155344153344153444153666553666553666
111122311122313122333224533324554444555544655664666666
111111211333212234222334223334555444565554565644666666
111111222111232224232334333344344444555556556566566666
111122314112314512334552334522334522344555446665666666
112222111222312244311554331544335564355664335564666664
111112314112314422344442334422335226335566555666555666
123333123323123324122224144444145545111555666565666665
111112113122133332333422534442555542564442566646556666
111111233331232311222333442225444555444655646655666665
111112133312133332134322444422444425555525666555666666
112222112332412232411333415633415636445666445666455555
111123122223124223114243154443554433554663556663556666
122222122324152334153344153334153444156466156666155566
111112111222122222333344335344535344555644566646556666
111111121331223333244333244445226645226445666555666555
122222111112133112334422334555344445344555365566666666
122222133332134432133432114442115445615545665555666666
111122311122331132433332455322445526455556444566466666
122223112223142423144433114333144355146665666665655555
111111211331233333244443244553245555246555246666226666
111112111222341442344422333425336425636455636655666555
111233121223122223142333144433144555444565655565666666
111222111232441232411232433333443555446555646565666665
111122311222311122344422333445364445364555365555666666
111111112223212233222333445553446533466555446565446666
111111213133213333222223442253444455444655666655666655
122222121122111332114333444443454533455563555566666666
112223111223112233112233445553444553446653446655666665
111111122221222321423333433536435566455556445566444666
122333112223122233124335144355144455144555146656666666
111111112221322424324444322554355544366556336556336666
111111221113222333423355423335424555424655444656666666
122222111112133112443322444355433355443556455566666666
112222113442133442133342135542133542155546556646566666
111222111232412232411332444433445553455553655663666666
112222112322122333113334113344555644555664566644556664
111111212113222333244433244435264435264635666655665555
111111122121332222332424334444344455365555366655666665
112223114223114223144233144233154663554463555666555666
112222111332133332114322514332554444555446556466566666
111122112222111233432233433335446665466565446565446555
112233112333122233124553124553124556144566446556446666
111112111312333332333422444442455662456622455666555566
111222111122131222433325433555433355445556466666444666
122222111332113332144322114335444355644555664565666665
111112333122334122344112334222534466555446555466556666
111111213331223331222344255334255444255464556466566666
111111112222122322333332334355444455446665466655466655
111222122223111123144423555443544433566436556336556666
122222122223133333111344115334515444555664566664556664
111111122211222234323234333334554444544666566666555556
111111221131422333442223422333455563445566455566456666
111122111332133332134322444325644425644625666655665555
111222112222312244311444314455344555336665366555336666
111111233111223333222243522443555643565644565664566644
122222112222311111313444333344353664555644556646555666
112222111232113332114322444335446335466665465555466655
111222311122331124333124553224553344555664565664666644
112222111223141253142253144553445553446653466653666633
111111222131232331233344233444244454255555655566666666
111122111223122233122443444443443333555555566656566666
111222312224311124331124333324553444555446555566666666
111111212112222222333333345535345555446656444656446666
112223111223141233142233142553446553466553446555466666
122222122232144433141443111433155436555436555536666666
122222112112311122334144334444335545366545365555666666
111111222113442213442233422533444533465553666555666665
122222112333142333142335142435144445166645166655666555
111111111222333242322242355544333544355544665546666666
112222311122331112433122433555435555436565466666444466
122222121122111112333334333444355554656554656544666664
111112132212133222134442533342533444554466555666556666
111222122233112233411233415553445633445666445666455566
111123112123142223144233442253455553455663445563666666
111122111123412223422233444333445336455566456666555566
122223142333142223142433144435146435166655166555166655
111111222311223313223333224453444555664555664445666665
111112112212133222443332445332445533455555446656666666
111111122211322222332334533334556644555644566644556664
111112331222331244311224332244335544555646556646556666
111112131112333332334222344522445525644555644655666666
112222132222133323111333441135444665446665466655465555
111112111222132222334452334455344555364455366456366666
111111121231222233244443225443555443565433566636556666
111122111222113322333322444333454555455566455666446666
111112112222112322333332444335445355445556445656666666
122222111332111322133342153444553346544446566666555566
122222123333123333122443111444155554166554666654666554
111122113322113332133222434255434465444665646655666555
111223412223412223411523441553441553446653666653666553
111122131122131422333442334452334452644555665555666666
111222122232123332114435614435614335644355664455666655
111112122212113222443332444433544433555553566656566666
111111212211222222334444333445336645336645666545665555
111111122211223344223344223345663445663345666545665555
111111211212222222333444333334355664555664556644556664
122222112232113332411333411353455555454665444665466666
111111211331233344222344222334552364555564655564666664
122222123322123334133544133554115544115554666654666664
112222111332113322411332453332455555444665644465666665
122222112112311122333144334444536664533644566666555555
112222122212111112333334334344534444555646555666556666
111111122211222233224333444355443335446555646665666655
111122131122431122433322433352435555444565466665466665
111111112231422335422235422335466635446335466655446655
111122112223142333142233142553446533446555466665466655
111122122222122334111334553334555334565554664444666666
122233121223111423551423551423551433544443556646666666
111111222131423133423333425553422255444655644655666666
111222331124311224351124355224355444355546365646366666
112223112233144223144223145553145333145555644566666666
111111211333212334222344255344256334256664555644556666
111122133122113222143352443352444355446355646665666655
112222112322113332144352143355144335445555644566666666
111111221113222333242233244443546643544663556666555556
112233112223112333122234155334165554665544665544666644
122222122333124443124543144533146533146555166665166655
123333123334123444123454124454122555122555166665166666
112222112223111223441133444443554463555563566563566663
111222111112132222333342533344553444554446556666556666
111223111123411223442223455523446553446653466553666653
122222111212131112333342335544335444555564566664566664
122222122332111332114355144335143355444456465556666666
111112331112333312444332554322554662554622554666544666
111222122223111223113333444533464553466655446555466665
111222131122131222133332334444354664554466555466555666
112222122332111132441132444333444553664553665555666665
111112113122313222333332344452445552445666455666455666
112222122322123333111343511443555543566644556664566644
111111223331233341223341222344255544556554556664666664
111112311112332222332244532644533664536644555644555666
111111121313423333422233442235442255644655646665666555
122222111232132234133334133444115554666554666654665554
111111222211232451332455322455333445334455666445666666
111111221331233331222234255234665534666544665544665544
122222111112133112334522344556345556344556346656344666
112222111222131112333452334455344445334555664565666666
111122133124133124133324533224552244555546565446666666
111111222111322222334424354444355544366555336565366666
111122132222132223133333144355144445446665646565666555
111112133312132222132442332544335544666554666544666555
111112111122332222333322334444354445655445665555666666
111111231131233333223453244455224455622455664465666665
122223111233122234112334155334155344555446565446666666
111111221131222233243333243355244555444555466656466666
111222112233411233441223441233444453555553565566666666
111112112212133222334225334455634455633455644465666665
122222121123111323143323144333445566455556455666445666
111122311224311244331224352264356664355564335664555664
111111111222332222334422355444355444356646355666355666
112222111112331412344442334442333542535556555666566666
111111123414123444523344523344522336552236555266566666
112222112232112332111333444433454553454556455566666666
111112344112334412333412334442534522555552665562666666
112222122123111123144323544333554443654453655556666666
111111222133222113222443444453445553646553666653666553
122222112233114223144443144543115543666553666533666555
111222131112331122332224533344535644555644565664566664
112333122323112223144223144433145444155555555666666666
122233112223111223411123444533445533455556456566466666
111111221113224333244433244433224563254566555566556666
112222111233112234112234563334563364566664556644555544
122222111132133332113442513342553444555554665644666666
111112111222122223444423445553445553455333656633666666
111122122222113332144432144335444355466335666665665555
111122121123122223124443444543466533466533666553665555
111122133122133112433322433225445555644445646555666666
111112313312313312333442444452446452666552665552666552
112222111112314412344222334445364645366665336555366555
122333142233144233114253144253114256144256555556666666
122222112222113333113444513334513644556644555646556666
111112312222312224311424354444355446335666355666355566
111233111233412233411223442233546266546666544456555556
111222111232411232414432444432545533555663555663666663
122222133332113322143332144444154554155554166655666666
112223122223122443111433154433155433555444566666556666
111122133112113322333222344442344546544566555556566666
111112131122431322433332433552455522455556446666446666
111112112112332222333332444332445555455566445566466666
112222112112311122344425334445633445663455633655666655
111122111122133332332222344455364445366445666455666555
111122131112133322333422344442354442655545656555666666
111111122221133224332244533244533446534466555556566666
111112113312413222433222453332455356455556446566446666
122222123224133244113344111334551534555534566564666666
111111211331233344222334253344255664256644256664555566
111122133322113322113422533442553444555554566644666666
111111111233422233424223444223564443566663566663555555
112333122333112334112344122254125554655554666654666644
112223112233112334112334122334566644566664556564555544
122222123232123334133134111134566444564464566666555555
111122111332413332413332453222455552466555466665444666
111111122213122443222443244443545553555333556636666666
112222122223111123411533445533445553455533444666666666
122223111233112223144233114435444535644535666555666665
122222121222111113455133455333445533444553464656666666
122222122123111123144433145553446553466653466653466553
112222112222113332411133445333445553455666455566446666
122222121122111132415533445333445553445533445666666666
111122341112344112344422333442335452635552666655666655
111112113222413222413552433352435555433655466666444666
111112311112333332433322444422454662456662456666555555
111122311112331222333222333455444455445555466665466666
111222111332111322333332344442546442546666546556555566
122222122234123334133334134444156464156666156556155556
112223122323112333122443114433155466554446555646556666
111122111222113222333332345533444555444555446656666666
111112113112333332343222344255446225446655466665466555
112222111122331142333142333442535446555466556446556666
111112111222312224335244355244335444355466356666355666
112222112323112323142333145553144553445556444656666666
123333123333123455124445124555124465124465126665126666
122222111223111233141235443335433555446665444655666665
111112112222132232132334533344536444566644565664555566
111112333312344412345112345222345522344555646655666666
111111221313221333422235422335444535445555466665466666
111222111112314422334522344552344455333455663655666666
112222122222111334133344113345663345644445666655665555
122223122333122334123344144345154445155555156666166666
111111213311233444223544233544235554235554266656266666
111111212211222233233233443335444445664455655555666666
111122311112333312344332354442554462554462555662566666
112223112223111223411233444333454355455555445666666666
111111122233142233142223444233554336554666544666555566
111222131122133322113322453335455555446556446666444666
112222112222113233133333113444555544554446555646666666
122222123332133342133342155544115444615544616555666666
122223122223123333113444133544111554555564556664666664
111112113312144332443322443322443522455556556656566666
122222111232111232133333134555434555444556644456666666
122222122223145533144533144533114553114553644566666666
111112131322131332433322444322444562455566455566556666
122222112222113333133343155543155444155544656446666666
111222111112133222334225344555334555344566346566446666
111111222111222223425333445333445353455556446566466666
111122113332143332143352143452444452664552666552666655
111111122233124223144223444233456336456636456666555555
122233122243112443112243144443114333555555565656666666
111111122121332224333224533324555354565554666664666444
122222111112113122333324355334555534565544666444666664
122222113222113342111344513344553344566364556664555666
111223111233111233442233442235455235455555444666666666
111222133222133222133333114456144556444566455566455666
111112112122312224352664352564355564355664356664333444
111111121122322224333224353344355344556664556644556666
112222111222111322133333455366445336445666455566444556
122222111122133223133333134444144544665554665555666665
111112131312133342333342544442544422555552665562666666
111112121212122222333333455353455553445566446666444666
111111121133222233244433224333254444555554566566566666
112222112222311124311444354444355554336555336665366666
111112113332113432533432544432555462544462566662556662
112233112333412233412223411123445666445566445666555556
122222112222133333144435114335144355164455664665666655
111111213141233344233344223564223564255564255664556666
111111221211222234223334333354366654665554655554666444
122222121232111332441135444135444335466335665555666665
111112131222331122333222443355444355445555466665466666
111111122221123333422353422553444533446555446565666666
122233142223144233144223114443516643516663515566555566
122233111223122223144443115433155443555463555466666666
111112112212132222333332444435466635466635446555466555
111111122222122332124333444333444536445556555566566666
111111221133221333222233444253444553466555446665666655
111222112223112233112333444435664335644445655555666665
111111211333213333233444224455624455624455622665666655
122334112234122234125234115334115344555346555646666666
111111122211222333233343253443254444555544556566666666
111112133312143332144332554232554222544446555666566666
122222111112131222134444333334553344555554556664666666
111123112223111233444223455223445553445653645653666666
111122111222331122334525344525344555334465634465666666
111122133112333122333122453622455666445556445566444566
122222121332111332144432145533145553445663455566466666
111111112122222223444233455553445533445553466663666663
111111213113223333222343222344554444555554655664666666
123333122243124443122243112443511443515566555556666666
112222112222111234551134555534553334563344666344666664
123333123433123443124444122544112555122565166665666655
122233122333112233111243551243551446544466544666555666
111111233114233144233334235664255664225664225564555664
111111223331422331422331422335462655466665446655446555
122222122123111123113333444433444435664555666555666655
111234122234122234123334123444113344555555656655666666
111222111223111223444223444433443333555556566666555666
112233111223142233142333142235144455646445666555666655
111222331112311222331422333444344444555566566556556666
112222122232111332144433114333444443555556566666555666
122222123222113333113344511334514444555464566666555666
111111121331222333244335224335244465246665446655666555
112222111132111332333322334425664555664455664445666455
122333112243122443122443124433114435165555665655666665
111111122133124443224443244543225553265553666653666653
111111121213222223244443244443546333566336556666555556
111122331222431222431112433566443556433566445566455566
111111221331222331242233442443544443555553656556666666
112233112223112333112334122354555554665454665444666664
111122113332133422133422133452444452466455666555666655
111233111223112233122453226453666453644453664455664555
111222112223112223415553415653455653445663444663466633
122334122234122334122344113334111544665554655655666665
122222123232123333133344111144155664556644566664555564
122233112223411233441223411133444553445555655566666666
111222112222113332113332444433444443556666555566555666
111112112212314222334442354462354466355456355556336666
111122333122331122344112344422345555344555664556666666
112222122223144243114443144333143353165555665665666655
111112331122333122333124352224655544655544665544666664
111222111332411322413332433552443552445555644656666666
111111121213422223444423455223445533645553665653666663
111111213331223331222233224435444445446665666555666555
122222111122113224153344155344553344566344566336556666
122222122232114433114443144433115436555536556536566666
111111213131223334222344253354255354265554665444666666
111122113332413332413532413522445552444552646655666666
111222131122131224331224355644355644356644356664355566
112222111122311222331444333444353444355556555566666666
111222112223412233411233441333445535465555465665466666
111112133222133322134325144325444325446655646655666655
111112113112443222433255443225433255463655463655466666
112233112333112344122334152234155254655554665644666664
111222131112131222333322334444344554645555646565666665
111112112122312222333332343556344566444556445566455666
111111221113223333222343562343562644566664556644555544
111222331112311122344222344444354545355555356666366666
111111212113222433222433244433444433556666555556556666
112222112322113332144432114533444536455536456666555666
111111122113223333423355422355425356425556444666446666
111111111233222233242233244333445556455566455566446666
111111221333211233222223455533455553444455466446666666
112222111232141232141332444433544433556663555566556666
112222112332122433124433115463155463554463544666555666
112222112122111132444432444433554336563336566666555556
112333112333112334122324152224156644555644566664555664
111123112223122323124333124453444453445555555666666666
111122111222134442135422335426355446335446355566356666
111222111232133232113332433552444455446655446665666655
122222112222113333133333111444555554655654666654666444
111111112222132222432335433335466355466555446655444666
111112331212331212333222345552344555644445664645666665
111112133332133322113342555542554442554442654662666666
122233112223122233114333114355414555444555644566666666
111112331412311442334422334222344562345566555556566666
112233112334122234123334122344155544155546556646566666
112233111223112233122234143334544444555554556656666666
111111221221222231425533445533445536445536445336666666
111112131122133222453322455326445336445636455666445566
111111222221222331442531455533444533644533664555666666
112222112322114322144333114435444435665335655555666666
111222111122133222133332444355464335464445666555666655
111112131442133442133342533342554442556622556626556666
111222112233111233142233444233554436556446556646555666
111112311222311244332224335524335544635554666554666664
111112313112333312344332444222554426554426566666555566
111111112213444223444423545423555223665233665553666663
111111222131242331242235244335446355446335466665666555
111111112222312224332254333354355554355544666644666664
112222111112113222443323443333455553445655644665666665
111111221131222333244333224433255466555466554466554666
111112133332133322134225134225444255466655466555446666
111222311112313122333324335224555554665654666654664444
122222111112313122333124343344344445666465656665655555
111112121212122222333333343443544444555456565556666666
111222111232413332413222413566433566443566455566445556
111112133312113322444332455532455532445622455666466666
112223112233112334122234113334556444566444556666555566
111223111223112223145523444523455563444563645563666663
111222131322133322144332144332145555445555466656466666
122222113322113332133342134444154544154566555566566666
111111222221333211333222343355444455464555464665666665
122222111232144332144332143335143555145565445566666666
122233124223124423125443115543115443615543665553666666
122223122233111223144333114433154666554666554446555566
111122113222113222133442333444553344566664565664555566
111112113332144432143332443532444552555522656526666666
111112122222133442133422134444335554355554366556666666
112233122233121223111243516643555643555643566644566444
111122331222311112344222344555344455346455336655666666
111111122213424213444223454423554523655533656563666663
111111231113233333222223456223456666456666455555444445
122222122232133334113334114434154444155555656565666666
122222111222331442331144311444355454335555365665666666
111111222221324221344421333444355664335664355566555666
111111211314233344223444233454233554255556225656666666
111111222121322221344425345445345555345666345666333666
111233111223111423544423544423544223566233556666555666
111122111222131422333442353442353346555446556646556666
111112112122122223444243454443555343555333556366666666
111112331222311142334442533442534422534666555666555666
111111221333421133425533422533422555426566446556446666
111233411223441123544123554123544423555223655663666666
111122111322143322143225443255443555443335646665666665
111122113112433312435322435226435266435666445566445556
111122341222341152344152334152334552634555634456666666
111122131222331124333124533224536444556664556644555666
111122311222331222311244333444535464535564555664566666
111122132224132424132444132554133554335554365566666666
111233111233141223144233444223442253465555666555666665
111122133112332112332222433355466555466565446665444465
111122111122122222333333444335464535464555466655466665
111111112212322222332444333344555334555664565564666664
111111121133222223222333433355455556455566446666444466
111111121333122233422253424553424533444555466556666666
111112111122322222344442344455344655366655336555336666
111111122222123332122334533344535554555664656644666644
112222112212311112344452345555344455333465366465366666
111111223131223331233344225344225444665445655555666666
112222111112344512344512334522344555334566334556666666
111112121122122223444233444443455533656533666553666655
112222112233122243111543515543555443564443566643666663
111111222131222331224433244435444435666635666635655555
111122113332133332113322444522444562444566555556566666
111111221131222433244435222435666435644435666335665555
111223122233112333122443112443555443555546566446566666
111112111322143332443552443352644352664352664552666655
111112113332133332133422544442546442546622556666555566
111112312222312242311244333544335554355654666654666654
111112312222311222331442354444355644355646356666355566
111111222211223341233344223444533446536466566666555555
111122131122331224331224534424533444553466556666555666
122222123323122333113334114444511546555546565446566666
111112111122332224332224344444345555346555366665366665
112222122332122333144433144553145553144555146656666666
111223122223112223411133453336453666456656455556444456
122222123242133244113334155334115534166544666554666655
111222113222133322133424134444133544655554656655666665
111122112223142233144223145553445653455663445563666663
111111122212132222433332435533444553444655664655666665
111222112222133322133334133544155554655554664444666666
111222131122331442331442351442355542355446355566666666
111112112222133242132244334444354546355556355666356666
111122112222111222333444353344353344555544656556666666
111111231414231444234444233355223555223556263556666666
122222111122313122333114335554355664356664556444566644
111112131412133442333442355442335542555642556662666662
112222111122131222133333455363456663455666445556444456
111122111122133222334425333425633445664455644655666655
111111231113233333222334255444255644256664256644555666
122222113222113332133344135344115544555546565446666666
111112133332111322433332442222455555446665446555466666
122222113322111332141332144533444553644555645565666666
112222111232141233142233144443445543655533655556666666
111111112122322224325264355664355644355664335664335644
111222122233112233114233144333445566445566445666555566
111223122233114233144223144233154443556646566666555556
111233111233122223124423154423555433555444665546666666
112222112223112333112343133345666645644445645545666555
111222111112133322332224334444334544555554565566666666
112333122223114223114233114233554444554646555666556666
111233112223411233412233412233444444556666555566555666
111122113222133332113222333444554464554664556664555666
111111122221132222334244334444354545355555336665666666
111111122222113322433225433335444435444555666565666665
111111222134231134233334223444253446255456555556666666
111111223311233331223433224444522664566664555664555564
112222112322113322114333414353444553444555666565666665
111222131222131244134245134245634445633555633655666665
111111111222332242322444325444365554365554366556336666
111222131132133332132222133444554444555544566666556666
112222113322114332114432414332444433566666565566555556
111111112213222223422333444443445563545663555663556666
111112111132333332332222432552445555444455464656666666
111122312222311224331124335554355554335564666664666444
111122111132133332443332544432544522544562555566666666
122222112212111112334444334546333546335546555546566666
112233112233112233122443124443155443555544556566666666
111112133332113332133422554422554422566444566646555666
122222112332111432114432144333444563554563555566566666
122222112333112333112333112445664455666445644455666555
122223111223112223114443144433444333556666566566555556
112222132342133342133342115342115544555444555666666666
122222132342133342113442133344155544155546156666556666
111222311212331112344222344455344445355555335666666666
111112311222331124332224333244354444556646555666555666
111111222133223113223333223455444445455555466656466666
122222111222111342511344555334555364533364563664666644
111233112233122333122234155234155554554444564646666666
122223122423122433144433144333144556115556155556666666
111112111222341255344225344225334555334465334665666666
122222122233123333111113414433444556444556555566566666
112222111222131142333142355544335444355546356546666666
111222112233122333112333412563445566444566454566455566
112222122332111322411335413335445355445555466666446666
111233122223122243144243144443145553165553665553666666
111111213331233331232444232544222544555546555646666666
111223122233112233412253411553445553455653444666466666
112222133242132242133344113334155554156654555664666664
111112133142134442134422334422333422566666565666555555
111111222211222221345555344555344445364645366666333366
111222111223112243512243544443555443565433565336666666
111111221311233333244443244443254553255555225666666666
122222122122111111333444344444333564355566355566556666
111111221211222223455233445533444533644553645563666666
111111222133222113222443444433544453555553565663666666
111222131124133224132244132444335644355666356666555556
111111211133222433242443244433225443555553555666666666
111111233111233444233445233345266645266445266655226555
122222111112113122433325444355444355664335664635666655
122222113322113322413333415553415656415656445656444666
111112113312443312433222432252433555445556466556466666
111112331122333112322222344455344555344555644656666666
111222311122311142333342534442533442554466556666555666
111111112222133422334422344425345455345555335666666666
122223122243124443121433111433155433554466555566566666
111111211134223334522334522334552234566664556444556666
111233411223411223441123455523446523466523466553666655
111112314412311442334442333342556342556622556662555666
112233111223111233144233554233554226544446555646566666
112222312222311142314444314455314665364655366655336655
111111221211222233242553444533445536455336455636466666
111112331122433112443332455332455222455555466666446666
111111122113222223425233455333445553445653444656666666
111111122131222233442223455533444533444535666555666666
122222122223144443114443144553155553156653156663666633
111111211133223334233544233554222554265554666544666664
111111222113222133223334525334555344665554665444666664
111112113132133332455332445532445222445526446556666666
122233111223412223411523441553641553645553644453666666
111233111233144233145233145223445266455266445266555666
111222312222312244314444315554311654366654333655666655
111112131222132242133244533244553334566664556664555664
122222112232133332134334134444155544156664155666555666
111233112233112333112443522443522544555544666554666666
123333123223122233112234144444114554614555655565666666
122223111123122223111333444333444455445555655656666666
111222312222312442311544311544333554355544356566666666
111111122311224333224443225433255433554446555566666666
111111221211322222333244333354636554666544655554666544
111112133122143222143322443325433555466555446665466665
122333122323112223114423144553114553664455644555666666
111112112222112232433332443433444453545555555666666666
112333122233112233122234155634115644555664566664556444
111112133332132322132222133444444444556666555566555666
111122331122331124333124553324566224566664565644555644
111111233111233344222344523344523644526664526566555566
111112133112133332433532455552445652445652444662666662
111111122211223333233344223344244444555555565656666666
111111122211223444223344223444333455366655366665665555
111111213311223333244443244433224455626655626555666655
111122133442113422133422134452634552634455635555666666
111112133312134332144332554342544442566662555622556666
111222311222331112334412355442355544366554365544666666
111112131112332222433552443552463352463655466665444665
111222311112331312433332443452644452644552666555666655
111122112222112333412235446335446635466635466535446555
111122131322133322143322145332445555444455664665666665
111122131122331122332224335544355544356644556664566664
111112331112431222433322435622435666435666445556445556
111111122223122333142333442553452563455566455666444666
112222111233122233114235164435664335644435664455666555
112333112333112233122234122554165554666544666544665544
111111211122222222333333333444555544554446655546666666
111111234411234441233344235554233654223655622655666665
112222112323122333123333144445145555144445666655666665
111111222211324251324255324455333445363455663445666666
112222311212331112334122344444334554635554655655666666
112233112333122243122243114443144543554556655556666666
111111112222134255334255334225344425334465366465666665
122222121233111223141333441353466355446665466565446555
112222312122312142311144333334535544555544665546666666
111111122221123324223344233544335544635544665555666666
112222312122311112333312333455664445664445664455666555
111112121222122232133334535344555334556444566644566666
112222122222113333413355411335441355466655444655466666
111111123133123333222343224444225544655544655556666666
111222111232112234312234333334544444555554665556666666
111122131112133442333442344442355542356552556652666666
122222112342112342111344531364533364555364555564666664
112222111112133122333422334445344545364555664665666655
111222331112331312333312455222455666455666445556444466
111112111332331322433322435522444552444566455556666666
111111121221222223244333445533444533466553466655666655
111222111222311244313224333354366554365544666554666554
111122122222123332111333444353455355465556466656444666
111111122131223333222333244443255444555446555666566666
111111112333122333442223444423455623456626455666555566
122222123322133332113344511364551664551644556644556664
111112133312113322333222342255444445646645666645665555
111112333312331112433322442225455255465556466656444666
111111112233122223444423455523456523456333456666455666
112222112222133332134435134335114455666455666455666445
111222111112333412334422334225344455346555646565666665
111112111122344222344552344452346552346556336556336666
111112133412134412333422355442354442355522666555666666
122223144223144223114423114443155663155633555636556666
111111122233122333122223444333455566445556455656446666
111112344412341112344222334422335462335566555566556666
111111122213224413244453244453224553655533656563666663
112222122233112233144333144533114555664445664555666665
111111222121332221333324533324544444546664556666555566
111222131112131222333332444332444455455555456566666666
112222111232141132441332445532445536445536555336666666
112223112243111243512243514243554443564333566666555666
111111112221322224332244333334355664555644556644556666
112222111222331442311142344444335545355555366665366666
112222122322112333111343156443556443566643555644556664
112233122223144253142253144453144553114533666555666666
122333112223112223111123444443544443566663566566555556
122222112223111123444133454153455553455633465636466666
111122331112433112443322443322444325455555656655666666
111112131222132224132524335544335554365554366444666666
111111223131233331223433244444225554625654666654666555
123333122233122233145223145555144445144665164655166666
111111223111233334235334255534255564225664625644666644
111122122223112443122443154433554443555553666533666666
111111112221344222334422533426533446535466535466555666
112222112332122342133344111334555354565554566444666666
112222111223141123441223544443555443555333556366666666
111112311112333442334442533462534462566462556662555562
111111122222112322333332343355444655466665446655446655
111112311122314222344422345552344555345556346666336666
111111223311222331422233452333455566445666455566444566
123333122333112223122443152644155664156644156664555564
111111111222322222344244334445366645333645366655665555
111112131312133332443332455552466552446522446552466666
122233111233441223441223411233441563545566545666555666
111112311112332222433322443332455556445656445666455666
111111112222313222333224553334555364565664566664564444
112223112223122233144433143335146665144655446655666555
111222113222113232113332444433444553445555655566666666
111111213333211344223334255344225444255466256666555666
111222111122132222133444334444333344556666556666555556
111222122222113323143333144443155443554466566666555566
111111123313123333222343242444244454255556556556666666
122222122123111123133333134355444445466555466665466655
111222112232113332144322143333444555445565466665666655
111112113312133332433322444222444452646655666665655555
112223112223114423114223144533445533466553466655666655
122222133324132224133444134445133455116655616555666665
111222111223411233412233444233444533455555656556666666
111111212231222331224333424433444435466555666555666655
122222111122113322143333145363445663455566445556445666
111111221121222223442333455333455553456653456666444666
112222111222133224134444134444133555335566355666556666
111112312222311224312244355644335664355644355664355666
111122132222134222134444134444135556335556355666356666
111111221113222233244443245463245563445663555563566663
122333122234152234152234155634115634155634155644666664
111222112232111232143332444533445553445563455566666666
111111122211223333222443244443544643556633555666555666
111112121112222222344455344445344555333365663365666665
111111222133222113224433524443544433554663555666556666
111112113112333222343442344422354462354666555556556666
111112131122132222432352433355436655436655466665444465
111122131122133122333324555324564324564444566664555666
111111123131223333245353245553245666245566245466244466
111111213113233333244533245555244445244655222665666666
111111222211322221333324333554365544666544655554666644
122222122332133332111133141553444655466665444655466655
112333112223111233142223145523444553445556446556666666
111111211134223334233544233554223544225554665654666666
112222112122311122333144355554355544356544336644666666
111111122221223231223334333344555544554446556646566666
122333122223122233111133114435444455455555446665666666
111112311112334422344442354522354526354526355566366666
111111112313442333422235442335442355642555642655666666
122333112223112223142553144453144453164553664555666666
111122111222113322443552433552443566433556443556466666
122222111132133332134432154332154466554466554466555666
122222123323122333143344143445144455155556165656166666
122222111322113322114333514333554666544646554446555666
111111213331233341233445243455244445266665266555226665
112233111223112233412223414333444566454566455556556666
112222122322113332111133445333445555445665466655446666
111111122331223331222233452553455563454566454666444666
111111122233112334222344523364523364555564566664556644
111112111122332222344252334455344555346655344656366666
111222112222113322114335444355433355436555446566466666
111111123311223333223443522243526644555644555644566666
111122111322133322133322433552444555444565464565666666
111111112313222333452233452233455255465556466666444466
111111121221322222324445333455334445344555366556666666
111122111222113232443332433332444555464555466555666666
122222111322113332113432133444553664555644566664555664
122222123324113224133444153334156344156664155666555566
112222111112334412335412355422355444355564336564666666
111112314112314222344422333452364452364555366655666655
112222122322112333113343144343154444555466555566566666
112222133342134442133442133422134455116555666555666665
122233122223123333123443155644115644115644555664556666
111122113122333112333322344422544444555546565556666666
111112111222312224352244355554365554366654366664333644
111111123311422333423333422555462265466265466665444555
111111221331224431224433224443256443556663566563555566
111112122222113422133424533444533334555554656654666666
111112113122133324333224352224355444555466556446566666
111111221113224333224443222433544443555563566666555666
111111211213222223242333544333544436564446566666555556
111222111122333112333332345552444552444455666465666665
111111222111322444322244355244355446355666335566335666
112222111322133332133332114442444555446555646655666665
122222111332133342134442133442113444555556566656556666
122222112232112333113334155334155554665554666644666444
111122122222112233113334555344553344653444655564666666
111111222221223241233341533444553364553664566664555664
111112312212312222312455344445344555334665334665666665
111111122121322224332324333344555344555544566664566666
112233112333122243112243112443544443555546556666556666
112222122322112333143333144355114445444665666655666555
111111213333211344223344223354622254666654665554665554
111111221311233334223434233444254464256666255556555666
111111212131222234522334523344563334566444556646555666
111111213441223341253344253444253334255566265556266666
111111122221122233422335444355644335644435666635666555
111112113222113332333222334255444455444555664556666666
112233122333112233112234155234155444555544665446666666
111122111122331224332224333334444444566666556656555556
111111122211334222334552334552344552334655444656666666
122222112112311142314442355544336554366544336555366666
111122131112331322333322453522455555446665444665446666
111111222131222231233334255534666534665534665444665544
111112133332133332143222144252445255445555446665666666
111122111223122223124333444533455533444555646665666665
122223122423122433144443145543145553166553165563166666
111233122233122333124353124455126445166455666445666455
112222112322113322133455134455134445336445666645666655
111222112222311244311244335444355464355566335666355666
111222112232111332133322433355444445466665466665465555
111111223311223331222233244433445456455556456556466666
111111221333211344223334222234566634565664565664555544
122223112433112433122433112443155543665544655554666666
111122313122333122334122344152344555644565644565666665
111222133244113224133324113324553624556644555646556666
122333122334122234123334121444111554555554566564666666
111111122211223233243223543333544444544666566666555556
111122111122122222344444345555344555346665336665333666
112222311122341112344122334555344565345565344665366666
111222133222133332114332144432144455666445666555666555
111222122233122334112344133344135554666654665554666554
111112111122333442335542335442335542555442566462666666
111222134255134255134225134225134445136445336665366666
112222122232111132411335433355444355466355466556446666
122233122333112334122344125344155444155554165656666666
111111122231122233224233444443454543655553655563666666
111112133222133224133224133524653554655544655664666644
112222122122111123133333444433444453664555666555666655
112223111223141233141233445263455263445563445666555666
111122111112322222334442335544333544535546555646666666
111223111223141233142233445223445553444653666655666655
111111212112222222344445333445364455366455336655366665
111112112212312222332444335554355454355444356666366666
112222122332133332134432134556144566114566444566555566
112222132444132224133234113334115534655544666555666665
111111222111223333423333422235445555444455666465666665
111111222221322211333244355446335466355466354446555666
111112131122333124333224332254655254655554656664666444
111122333122311112333322434525444525444555664565666666
122233112333112243122443124433144566144556555556566666
111111111233442233452333452233455222445556445566666666
111111222221223321233341333444356644556664555564556664
112222112122111132433332455336445336445566455566445666
122222112232111233133333143555144445446465646665666555
111112131122332122332224355544356554366544365544666664
122233122223144423111423144443114333555556555656666666
111111211133223333222233442235446655446555466565446665
111111122231222331422333425563445663445663455666445556
122222113224133324113324153444153346155546555546666666
111112133312133332134432444442555462565462565562566662
111111213333214333214453244453244555246555226566266666
111112132222132424132444132444333345666355666655665555
111111211133244433245443255433254433255566255666226666
112222111332113332143222143555443355645555644446666666
123333122233111233111234155244552264555564656664666444
111112113222113322333322345352445555446665466655444666
122222122322133333113444153344155554166554165564666664
111112133122113222433322433352455555466665446655444666
111111121133422223444223444523445523555663655563666663
112233122333122223112433144443145444155556556566566666
122233122333122334112234111134555544555444565646666666
111111213314223314233444233344222245666545655555666665
112222113242133244132254133554113554633554665544666666
122222111122311112333442344444335554335664555666556666
111222112232111232133332443533455556444556445566466666
122222111122111322143333444353464353465555465655466666
122222112222111113444133444333454433555563556566566666
111222113332133332114332144452644552644452655555666666
111222111222113322415332455633455633455663455666444466
111111121314223344222344223334233544555564566666555666
111122111222132242133244533334555634565634565644566664
111122311442331422311452334452344452366552366555666665
111111112234122234222334253334553434655444665555666666
111111222331442331422351422355423355444355646655666666
122222122223111133411133444333455553446655446665666655
111111222221222211333333444353466653446555466655446655
112333122333112334112234512224515444555554666654666664
122223122233122333111343151344154444555544665556666666
122222121223121133111333443353444556455566445556466666
111122133342133342134342134442156642556642555662555666
112222111122314422314442314555334655344665333665666655
111111212133222133244433244335224355444555655566666666
112222112322144322144333114433155443556463556666555666
111122131222331112333322434342444445666645665665655555
122222121112111322133344335554355554335544664446666666
111111233111234444233344235344225345265555265656266666
112222112222111332413333413553463555466565446665444665
111222111322133332134432133422566444556664555564556664
111122112222112332142433444433455563455563456663556666
122223122223112333111333114443555446544466546666555566
111112111312333332434332444422445552646652666652665555
122234122234122334123344133444135466115556155566556666
112222122232111132411333455553455533456636454666444666
122222111232111233113233453335455555444465464665466666
111122111222132242133342535344555334556364566664566644
111222311222331224331254331154355554355644665644666664
122222121232111332131334133354555554555644666644666644
112222112232111132144332444433555433555443555666666666
111222111233121243122243554443544443555663555633666666
122222121212111112334444533344533346535646555646556666
111122112222312224315444315544355644355664355666333666
111122111222112223442333544333554436554436556466556666
111222111122133122334424355424355444355546336556666666
111122112222311124333324553324555334555664665644666644
111233111223111233444223422233444453455556555656666666
111111122221322221342445344455334555344556366566336666
111111111223442223422523425553445553465333465636466666
111112133112133222433322443322445555444565455566666666
122222121122111323411333443333455555456665446655446666
111112112212122222333344344444345455335555636655666666
122222133222133342153344153344155444115554616655666666
111122111222113232433332435632445636445666445556455566
122222122333112333112333111445444445664455666655666555
112233122223112233112443155543166543665543666544665544
111223112223112423512423515443555543655443666643666643
111112121112222222333344353344555334566444556466556666
111222131122331222341125344455344445334555636556666666
111222113224153224153264153264153364553664533664556644
111122111122314422344222334444335554333555666565666665
122333123333122343112244122554115564155664556644566664
112222111112313122333452334452344555364445666645666655
