123333122333124334124444122554122544165555165656166666
112222111222131122431555433355433555433456444466666666
111111222211323221333322345555345545344445646645666666
111112112222132222133334533344563644566664566644555554
111112122222112232414333444553645553644653646653666553
112222111112331122334422334444333454555554556566666666
111122311122333112333222453266453666455556445556444466
111122111222112222333344533344553644553664555564666664
111111122231222231422333443333455555445665444665666665
111233111223111233422223444423445443555553556656666666
111111221331223331223333224455244555445556644456666666
112223122223112233411133441333455555455556444466666666
111222111322114332414322444323544333545666555566556666
111122112222122332143333143555443355446665466665446655
111122133122334122334112334422354444555546556556666666
111111221313221333222233245336445566445566445556445666
111222111122133222134442334544333544553564555566666666
111223111233112233142233442253445553455556466566446666
122223124423144223114233114435144335165355665555666666
111112311112333322344422345552345552345562445666466666
111112131122334122344222344442355544356555366556366666
111112133322133222132242135444335544555564566564666664
111111211331223333222233424235444445466665465665665555
111111112333122333222344222334555554655544654446666666
111222111112312222334452334455344665344665334655666655
111112133122133332134322534422555426544466556446556666
111111221231221234522234533334536444536664555644556666
111111112221222233242553445553445553445333446636666666
112222112223113323111323455333455666455566445566444466
111111233111243333244335244435224655264665264655266655
111111122313122333222343223344555554655544666544666664
111122111222312244312244344444335566335566355666355566
111111221113222233242233443335444435455555456656666666
112233112233111234512234512334552634566664566644555644
112223122443122443122433111453614453664553666653665555
111111112222122322443352433355433355444455666455666666
111223112223122323112333144435444535644555664655666665
112222111123122223113333444553445553466653466555446666
111112133332134432114432555432554432554462566662566662
111122112222111322444332554333544443555643565663566666
111222111322111322433325433525433555455566444446666666
122333112223122233124333114444114444555555565566666666
122222111332411132445132445132455533455536465636466666
111111121213422223424233424433444333555555566565666666
122233122233122333112334111144566664565664565564555444
122333112223111223145233145253145553445566446566446666
111111112221222333242333442353445355465555466665446666
112222122332111322413333411533445555446655446556466666
112222111122311222314444333434553334555564655564666666
111111233311222331222344223334544444566664565666555556
111122111332411332443322443552433552444552666655666665
111122331112311442333342344442355442555662555662566666
111111122311222333244533244533246535246555446665466665
112222122232112334133344115344155344555346555646666666
111112111222312224332444352544355544356554336656366666
111222111112312222334442334455366455364455364665366655
112222311222311122331145334445344445346665366555666655
111222112222311142333142334444533664553664556664555566
112333122333112233122234152444155546154446556646556666
111111112222122344223334523644533664535644535664555666
122222122322133334134444133444135554116655616665666555
112222112322133322113334113354655554655544656444666664
111111122221123322423555423655433665436655433665444466
111222311112333112332222344445345555344665644655666665
111111233111243333244343244443245666255566255566225566
111222111222331422331442351644356664355664355664355564
122222112233111233441253441153444453465553666653666655
111111221221322241322344333334553444555554565664666666
111111121213222223422443444443555433555563556663666663
122222111122333122433115443155433665436665446665446555
111111211333212223222233455333445556444556445566466666
111223112223112223112333444353445553446555466665466665
112222112322133322143555143555143555143366444466466666
111222131212331112344222334444355444335556555566666666
111122133332133222134422133425166445664445666455665555
111112131212132222334422333445344445366455666665665555
112222113322113222143335143555143355444655466665446666
122222112122111123444133455553444553465553466663666633
111111121221222222333444533334536634555664556644556664
122222123322111332141333144334144444556666566666555555
122222112322114332114333144355146335446665446565666555
111111222111223333222243554443555433544436555466666666
111111121334125534225334255344255334265634265664266664
111111211133222233244223244433444335664555666665665555
111122131122133322133322445332445555466555446665446666
111112112222113222333244333444334444555555665556666666
111122122222113332413552413555443665443665443365466665
122222123242123444133334133344155544111566555566566666
112333122223122233124433144553114455144555646655666666
122334122534112534122534112534162534165534665534666664
111123111223122223122443544443555443555643566663566663
122333122223112223111113444433555443565444565566566666
111112311122332122332224533444534464535664555664556666
111122131222331242311342333342554446555446555546666666
111112133142113442533442533442553342555542666562666662
112222111222111232144433445333445663455563455663556666
122333112223111223144223145333145555444455646655666666
111111213131223333222223442553466653446655446555446665
111123111123122223224333524336544436545466555446556666
111233111223411223441423444423554223556663556663555666
122222111122133322133334135554135554666544665544666644
112222111233112233411223444443454333455566555666556666
111112314412334412334212344222354426356666356556555566
111222111112133332433222443552433555466555446665446666
111111222211223314233444234445236645333645666665655555
111111122222113222333244534444533334555554566654666666
111122131112133332334232344222444445455555666555666666
111111111233422233442253422253455553455633456666446666
111122314112314412334422344522344526355556335556666666
112222132324133324133324113524165544166544665554666655
111112311212341222344425344225344555345565333665666666
111122111322441322441322444325433355463555663655666665
111111122112332222333332344432556444556644555646556666
111112311222311322333322433552455566454556444566446666
111111222111222333223343424443444533455555556666566666
111122111122133222443232433335434655444655466655666655
111111221221322221324445333445344445333655666655666655
111111122211322244322544325554335544366554366564336666
111111122221223321223334333344555544556554656644666664
111111221113223333222333224553444555446555446656466666
112222111122133112333422344444334544355566556556566666
112223112233112233111223444333455666455566455566444566
111222131222331222341115344455346445346455366655366665
112222122223112333143333144553144555146655444655666666
111222131322133322133342113442444455465455665555666666
112222111122113332413322443335443555444565645565666666
122222123333122333121433111455641445644445655555666666
111222131112133322133452633452636452666455664445644555
111122311112344122334422334522634555634445635555666666
112222112223114423111423554433544333554436556666556666
112222111112311422333442355542354546354446355566366666
123333122223112233112433112444515546555446566446556666
111123144223114223114423444523554523655523655633666666
111111111222333224322244324445334545334555665556666666
111112122222111222333444333344354444355556555566666666
111111121313223333224433222443255444555464556666556666
122222111232113332113342155346555346544346554446566666
112222113322133332133322144566144556145556445656445666
111111221341223341223444233334225344555554556566666666
112222122122111123133333443335444555455556444566666666
112222111112313222313442333344355444655544666555666665
111111212211222223233333334555344555444555664446666666
111111122113223333222234525334555534556644566444666664
111111221113244443244443245533225336255636256636555666
111112133222113332143332544432555442565642565644566666
122223112233412223411533411563441563455563455566446666
111123111123441223455223452223455533444533645566666666
112223112233112433112443122433444435664655666655665555
111112111122333332444432554332544322546626546666555566
123333122234123334122344122544111554615544655556666666
111122111123122223444223564443564433564333566666555556
111222111123141223444233444223445663555563556563566663
111111111222322242344442333442355446335666355556556666
112222111122113332145532445332455333455666455666444666
111111121221222223244333445333445535446535466555666666
111122133122113124333324352224355544555444655466666666
122222112324122344111334155364155364555364553364666664
111111121333123343223444223554223554625554655664666664
111111111233222223422533425533444533444556465556666666
112222111112313122333224553334555634555664566644666444
111112111212322222324444334544366554366554336555366665
111111112122322222333442344444333454355555666565666665
122222111122131342133342153444553446553346566646555666
111112113112333332433532455552446522446522446556466666
111222122223124233144443111443555643556643555633566666
111111212213212333222344255334665344665354655554666644
111111112222312442332242355544365544366554336554366666
111222112222113332114332444333445356455556455656466666
111111112223122233222443566443556433556443556443556666
111111211221222233423333425553444533445566455666456666
111111121333221323222223455533455553455666446666444466
112222113332113332113422133442555444665544655554666666
122233114233114223114233144233144255645555645655666666
111112113222143322144332544332546632544636545666555566
111111112213222233423223453333455556444556446556466666
111222122233122333124335114335144555444555466665466666
111112131122132222332244533334553644555644556664566664
122333122223112223415533416533416555416655416665444466
111111211331223333222343244443225544555664565564566666
111122122222112323113333444353466355466665446565446555
122222112223111233144433143333144555644555645556666666
111111112222122333423333423553425556445556446566446666
122233123333122433124453122455111445616455666445666655
122233122333112233111243114243444444555555566665566666
111111122231422331442333422533425553444655646665666655
111111121123222223242333444433545433545666545666555666
111111122213442213422333442353442353455555466665666665
111112331112333142344442355422355442356642556662556666
111122121223122223143333144453444553644653666655666555
111111222111232444332224333244335554636554666654666555
111233112233111233412233442253466255466665446565446555
122223122323123333123444113445144455145555165656666666
111112111122332224335224355524356644355644355664366664
111222122222113332413333411353455556445556444456666666
112222122232123333113333111444555454665454665554666664
111122111123451223455223445233445253645553644663666663
111222131222133322113332133445644455664445666645665555
111111213141223344233344223334222444555566566666555566
111122133322113322143332143562445562455666455566444566
111222131222131244131244533244533344555346565556666666
111222331122331222331112334555344455444655644655666666
112222111122113222413333453356453356455556446656444666
111222311122311222331442333444335554666654665654665554
111111212133212223222433444443455333455555456665666666
111111111222222233242553444533446533446533646555666665
111112112122122223443323444333454353455555466665666665
111122131122333124533124553324653224655554665644666644
111111221311223333222243255443555443655543666544666664
111122122222123344123554133544133554633544655546666666
111111221331223331223444523334525564525664555644666664
111111123333123433124433222445262455662455666455666455
122222111112131122334425633445633445633445666455666555
111111112222122223442333433353435555455656466656444666
122222112332112332411133444133444535465555465565666666
111122113122333124353124353324655224665544655544666664
111122122223122233111333455533454553444556446566466666
111111122231444231422233445223445553645333665555666666
111111121134222334222334256334256334556644566664555564
111111211333221333222343224443525444555544555666666666
111111221313221333233344234444244455226655666665665555
111222111232142233144223144443443333555555665665666665
111111112212332222333244353244355546356446556446556666
122222123333122234111334155334155444155464556664566666
111112113222113332333422433422444455446655666655666555
112223122233122233111443155443154443554463566666555666
122222112223111123411333433355443665446665446555466655
111111222221223441233541233544333554635564655564666664
111111121331222333223344223444523444566664556666555556
111112331312431312433332444222544622545666545566555666
122222111332133322113332415535415555466665446665444466
122222122323123333114333114444155554155664655564666664
111222112222311224331144344445346645366655366655336555
111222111122133324133524533524533524555544666664666644
122222132222133333134334114444155444155555156665666666
111111212213212333222343255344555334566644556444566666
111111111233222243244443244333245533245555666565666665
122222122322133333111133144443145466445666545556555666
111122113222113322414332444432445333465555665565666665
111111122222133244133224533324533664555564566664556644
112222111222131223133333134443554644555664556644556666
111111213113233333223434224444524464522566555556566666
112233111223412223411223413333455555466665466655444665
112222111112112222333445344455336445366445366665366555
111222113332133432134432134222144555446655646655666655
111111213444213334213344233444253666255556225656255666
111222111112341452344452334452334452633352666655666655
112223122223112243144443115433515433555443565566666666
111122111322131322333322343552644555644445646455666665
112222112122111122344444334445334555366555336665366665
111122111122122223444233445553445333645553645653666666
123333123334122354122354112254112554166544665554666664
111122133332113222113242333442555544555546654446666666
111111233311222331442333442223444255445556555566666666
122223112333122333122334114444115554555554656664666664
111111212213222213422333443355443555643565644465666665
111222112223111233441223455333445336445556465556466666
111111211133222433222443224433444335455555556566666666
111111222331232311233344225334255544556644555644666666
111111111222332242333242333542535544555544665644666666
111112331112332122332222433555435565445665445666444666
122222111222133233133333144444115554555644566664556666
111111112221342522344522334552344555334565364466366666
111112131312333312344222345522345552445556466566446666
111122111332133332143332444552444552455562455662666666
111122122222123332111333444533664553644455666455666455
122223122323112333112433144443144455145555666655666665
111222122222113332111334333344555554656654655644666644
123333122343112343112344112554612544622554655554666666
122222112223112333114333154433155444555554665664666664
111122111222312232313332333455444455466445466555666665
111222111223441233411223455233445663445633545666555666
111111122222123332123432333444553544555564565664666664
111111222113242213244223445553465533466553446653666653
111222111232113332143322443325455355465555466666444666
111111111233222233245223445233445553446553446655666666
112223112333112233111234552234555534566644566664566444
111122122223111223143323544333554443544646556666555666
111222331112333112344412344452346552346552646655666655
122333112233122243112243115443515463555466544466556666
122222122344122334155334115334155364156364156664556664
122222113322111332114432514436554336544436555466556666
122222112223411253441153451153455553444653646663666633
111122131112134222334422355424355444365546365556366666
111222112222111324551324553334655334653344655664666644
122223111233412223411123444133444433555555655656666666
122222123233123234133334155554115654165654165644666644
111112113312313222333322344442555542555446556446666666
111111212213222213244333245536444536455536455536466666
122222122323124333114553114453144453144553666655666665
122222133244133244133224153344155344155556165656166666
111222122223122443111543615543655443654443655533666663
111111122221223221323344333444335444555646555666556666
112222111332411332441132443332455352455555445666666666
122222122223114433114443144453114553555563565663666663
111112113112333222333224532244534444566664565564555666
111122133124531124532124532224533444553346566646556666
111111221221222221333333444343444443566666556556555566
111112311412334412334222344552345522344555366565666666
111222122232132233133333144445114445664645666665655555
112222112322112324113334155334555334566644566664556644
111222131122331112344442344422354455355556365656366666
111112111212332222432552433555463335466365466665444465
111112331112331222333244353224555524565544566644666664
111111233331222311223334522344552444555546565446666666
111111213331212333222233445236445256455556455666444666
111222122232112332144333114333444556445556455666556666
112222112232142332144355143335143535144555644665666666
111111123133123333223344244444222445552555655566666666
122222132222133333111333144444114546555546556646556666
112222134442134442133422134425133365113665666665655555
112233112333122233112334152264155664556664556464556444
111112111212333222333442334442535442555466555466566666
111222122232113332113442133344555344566664555564566664
111222331142331142531142533442563442563442566666555566
111111122213452213455233455233445236445236465536466666
111122131222131142335542365542365542365544366544366664
111111121231222233244553224453664453664553644553666653
112233122223112123411123444333444355455555466665666665
111111112133222223244443245543245553445333555666666666
111111122231122433522433542433542436544436555566566666
122233121233111233112234152534555534654444655446666666
122222122122111111333333444443546663546663544566555556
111111222221223421333421534444533644533646556666555566
111123122123112223412233444443445433555553655566666666
123333122333112233112244122554115554555444665664666664
111112131222131222333324343324444444555555566556666666
122222133222134442133344135446135446135666155556155666
111222131122133324153324153224553344655544656564666664
112222132242132244134444133334153534155555166655666666
111122113112413322433222433552443356445556445556666666
111111221221222231423333455563445563455563456663444666
111111212221222331244333244333444435646555666655666555
122333122333112233122435124455164455164445164665666655
111111222221222331243331444433555433555444566666556666
111123122223112423154423154423556443566643556643556663
111222312244312224311424351444351466355556335666355666
123333122223112223114233144443115544555544556666566666
112222133322113322143332144535145555144445646665666665
111111212131222333224443224553444553644533666555666665
122222123332122333113334511164556164566664565644555444
111112344412341112344442355542355552356652336662366662
111112113312133332332222345522444555444655466655466666
123333122223111223114223144443155443555446565566566666
111111213331213334223334222444252544555544565666566666
122222111112111222333444333444553364553564555564666666
111222122222111233141435444435433335466355465555666666
111111221133221333222433244453245553645555644456666666
122222111112133112333332444332444444555555555666666666
122233112233122333124335124455114455614455644655666666
111122133222133322113342153342555644556644556644566664
111222111222113322133324553344555334555444665644666666
112222122232113332111333144553444553455556446656466666
111112111222313332333222334452664455664555644445666655
122222111122133223113333413355444665464665466655446555
111222311222311242311442334444354545355555366665366666
111222133322132224133424133444134445155555656655666666
111111122133122334523334522344552364552664566664556644
112222111212331112333322444335464435464455666655666555
111111213341223341233344223354255554255664255664666664
111222122223112423144433144553144553645533655563666666
111111123333122233124443224443225443555546566556566666
112222111122133442113442553342533444536646536666555566
111112111122333322343332445362455662445562455566445666
122222133322111332113342153344156664555664566644555644
122222121112111322441333443353433555445555446566666666
111222112222133322111333445553445553446653446655466666
111112113112333332434422433425444425666525666525666555
122222112222133444133444113354613554613354666555666655
112222111222133332133442133445134455664455664655666655
111111213133233134223334222444255444255456655556666666
111112113322415322415322455322445336455536466536446666
111122331122311222331224333444553444555544666555666666
111122111122133222334422334444335544355554656556666666
111111222211232214234444233444335546355556355656366666
111112112212132222332333433355444445465555466565466666
111122312222311112334552344452334455364445366555666666
111122112122122223144443445543455543656553666533666633
111111121122222223443233433335444355455555446566666666
111222331222331212331112333444555554565444565664666664
123334123444123434123334122224115524115555655566666666
111233111223141233441233442235422535444555665565666666
111122111112332222333422334444344555344555665565666666
111111233131233331223444253544255544256544226556666666
122333112334112234112334152234155244555446566646556666
111222133222133222133344135546135546155446554446566666
111222331222341255341225341155341555344445336646666666
111122122222113244153234153334555534566334566644566664
111122111222122223133333334444355466554446555466556666
111111222111222223423333444443454433555636556666555666
111111212131222333224533244533245553445556644456666666
122222122232111133113334153344653554655544656544666664
111122111222331124335224355244355544355546336446666666
122223124423144423144423155423155563156663155663156663
111111121331223334233334222224566664556444556664555564
112222112332112233111233444433444553464555666665666555
111111123331223341522344552334522234555544666564666664
111122341112344112334442335422335452365452665555666666
111111211331222233233334235544255444255544556646666666
111111122231222231452333452333455553444456446556666666
111111122222112232443332543333544443555544665556666666
122233122333122223111113144433444455465555466655666665
111112133222132244132224134444334564355566355566556666
122222112232111332113344155344555334665534655444666666
112222111123411223431223433333444445646555666655666555
112222311222331122431115436555436655436655433665444466
111222113332143322143322143552143555444455466665666665
122222123333122333112134411134444444566666556656555556
111122131222331122331422334455334455444655466665666655
111112131132133332333442444422455522465552465655666666
111122133112133122332224355424335444555464566664556666
122222112332411322441333441355411355444355665556666666
111112131312433312433332442222445552455656456666455666
112222111112313312333442334442344542555546566666555666
111111112221332444332554322254325554335544635646666666
122222122324123344113344111334153344555554565656666666
111122111112334442344422334225334255364555366655666665
122222122122111133444113433333445535644555664565666665
112222133222113422513446513446513446513346555346556666
111233112233142223142333142235144455444555666655666665
111111211231222233442233445253455553455653444663666666
111112133222113222133224333444344455666455666455666555
111111222113442213422333422335445335445555646556666666
122333112233411223412233412535411555444565466665466665
111111122211332222333332343452444455646445666555666655
122222112232111132415533415333455553445563466666444666
111222133342113342133342154342154442555542556566666666
111112111122333324322224324444344546335566555556566666
122222111223111223144333145366445336455366445666455556
111111111233222243224443254543254543555543566633666666
111222111222112232143333443533444553664555644555666666
111111112313222333233334244444245544226555666655666655
111112111122333442334422334422344526345556555556666666
122222122122111133144443143343444333556666566566555556
111111222113222133425333425353425553445655444666466666
111111122231223331233433244443224455666445665555666655
111111112133422223444223442253455553466533465553666666
111122122222111123455523445553455663456633466663444633
111111221112222222333334344444333544555554656556666666
111111212131222333233334222534655554655444655444666666
111122111222131332433332434432444442555555665565666666
111223111423114423514423555423555423565423666423666663
111112113312133222334522344552344452346555446655666666
122233112223111123411423444423444533655553655655666666
122333112333122233112243112444144444555556565656566666
111122122222113223133333143435444445646555646655666655
122222121232111432111433555433555443566643556643666644
111233441233411223411223441223455263445663555566556666
111111213331213233222223444253444453445555555666666666
111222111223112223414323444333456636455636445666555556
122222123232113332113433113455614455644455644655666665
122223122233123334125344115334155544155544165664666666
111111112222312244333224353324556334556644556644556666
123333122233122233144223154444154464155566155556166666
111222331122311222314552314456334556344566345566445666
111233121233122233142223145663145663445566455566444556
122222112332111332113342133445634445654445655555666666
122222123333122343112143411143444443556666555556556666
111122112223412533412533412533442553445553466656466666
111222131242131142134442333422334445636655666655665555
111111122112342222344422344456344556335566355556336666
111111234114234414233444223455233555223555263656666666
122233122223121123111333414553444453464455666665666555
122333123344122344112334152234152564155564155564666666
111111122333122234155234552234555234655334666444666664
111122112223111223442233455333465553466553446655446666
122222111122111122333333334456434556444556455556466666
111122112222122332113333444343454443555546566566556666
112222111222331124331124335544335554636554666554666644
111112131122133322443222433255435555435565446666446666
111111121331222233242233442533445536455556466556446666
111112341122341122342222344555344565334465366665366655
111233122223111233141223445523455533456556456666444666
111122111112333222332224335444335544665554665654666654
111111123314222314222344233334253554555564565664666664
111112112122312222333342335544355444355544666554666666
111222111332111322443332444432454332455666555556566666
112222132222133233113334113444515464555464555664566666
111222111123141423444423442223545553555663556633666663
111111122231124433224433224333524443555466566666555566
111122111112222222333333344335445555444455466665666665
111222133332113222133242113344555554655454665444666666
122222112332413332411132451133455663445566445666455566
111111122221122222344445333455334455344555336665666666
122233111223111223142253144453664553644453664553666655
122222112132111132133332445333455566445666455556444666
111111111223422223442233442553444553465553665653666663
111111122231223331233333244555245566244556446556446666
122222111233411223411523414553444533664553664653666655
111111222221233221233331455533445553445656466656444666
111111112221222323245333245533445553444453666455666666
111111221333211333223343522446524466524666554446555566
111111112222122322433332433535445535444555464566666666
111122331112311222332242533444553644553664556664556664
112222111122333122341125344455333455344445666665666655
122333122223122333142345144345144445166655116655666655
111111222211233221233244553444533446553346566646555666
112222111122134122134452334455344455334556366556366666
111222311112313122333322443324544444555546556566566666
112222122233122333114533114553144553644455646455666666
111112111122322222334442334555344555334665634465666665
122223122233111233441233441553411553444555664556666666
112333112233122223112333112444444454645555666555666665
122222132224133324133334114434115444615555665655666665
112222111122311122344442334455344465366665366665335555
111112111212333222342224344444345545366555365565366666
111222111332441332411322443352443552463655466655666655
111233112223114223144423144523445523455633555666566666
111111222111222333243333244335246555446655444665666655
111111222121232221435255435555433365444365443366466666
111111122222122342123344333444355664355664355564556666
122222111112333122331142333344555444555644565664566666
112333112233122234112234112334555544666554655544666664
111111111222222233242333444435464335466535466555666655
122222113224113424133424133444113334555555566556666666
111111112222122232432335433335435555444456644556666666
111233114223144223154233154223154263554463556466556666
111111213311223333223435222435244455444665646665666555
122222122233111243511143555143655443654443655433666666
111122331112331122435222435626435666435566435556444456
111111222111232222334442344445333455633455665555666666
122222111112111322333332333444555444565664566644555666
111112131222131222433352434352444355644355664665666655
112222122223111123414433414553444553455553665663666663
122222111112131222134445333445364445366455336655666655
111222311112344512344512344552334452334552636556666666
111111122122132222333332344455344445364465666665665555
111111221133231333233344225444255554255544265646666666
111111122313123333222333224455244455446655446555666666
111222122223112233113334153364555364556664556444566644
111122133122134122134222334555344445364455365556666666
122222122223111333141335143335144445664445666655666555
122333112233112223111223144553446553446555466655446666
111223111123112223455523445623445623455663455663446663
111222331222311124331124355624355644355664356644556664
111111213331213334223334222544625554626654666554665544
112333122234112334122334125344125554155564556664666664
112233112233122333112233112444444454666455666665655555
111222331244311244312244312244315554366555366655366665
111111212131222333423333422453442455644465666665665555
111111222131423331422233423335424555444565466665666655
111122112223111423444423444223554333553366566666555566
111111213133213333222433522444552264566664565644555664
111111211133223333223344223554266554265544665554666644
111112133312132222132242334444533544555554566664566666
111222111123455123445123455223456623455633445633466666
112222113222133322134335114435414435444555665556666666
111111121331222233222333244433445466455566445666555566
111111213311223334255334225534225534255444665664666664
111111213144213344223334222334252354655554665554666666
111112133332133332134222154422555442665544665554666664
111111112333122234223334255334225664555644556664566644
111112311112333222322224333544355544555554666664666644
122222123334123344122344111334551134555544556666566666
111112133322113222133332445322455555465556466666444466
111112113342133442133542635542636542636542666542655542
111112331112333122433322444342454442555552665655666666
111111223114233314223334222334256644555644555646556666
111111111222333244322254332554632544633554666654666554
111111122213222313245333245553245453444453646556666666
111123412223412233411223415523455633445663455666455666
122222111222331142311444341455344465366665366555336655
111111222221332221432331433335444555466555466565446666
111122131112133322443325446325466325446325466655466555
111122333112443112433312455332445222445566455556666666
122222122223111133111443544463554463554463566663555663
111122113332113322143332444322445662445566455566555666
111112331122334112344422334442335542555542566666556666
111112111222122222334445344445333645336645366555666655
112233111233112233142233144253444256444556555556666666
111112311122331222333242353246355546554446544666554666
111112112212122222334455344445343445333655366665666655
111112131112332222334442344422354466356466356666555555
111111213311222334523344522334562234566444556646555666
111112111122344222344225345525344555334455333666666666
111111221113224443244443224433256333256636556666555556
112222122322111324111334555534555334553344666644666664
111222131112431332431322433322455555444556464556666666
111111211221222233423333423355463665466665446565444555
111222122222111132413335433335444355455556445666466666
122333122333112234122234155534116554166544666544666554
111222112232144233114233144233444435665535666555666655
112222133332113432133442113442515442555544655566666666
122223123323122333121344111344551664555644566644555666
112222112233122333124335114335144455445555466566466666
122333112433112443122443112433512446552546555556666666
111112133312113332433322455222455526445666445666445566
122223123333123444123334125444125464155566155556166666
122222111232133232113333411355466665464665464565444555
122222111122311224331444351444355554333554365566666666
111112311222312224312244334445334455364665366655666555
111111111222344222334225634425634445633345636555666655
111112311122333122333322344224554444555544666555666666
111111112221222333222433556433556434566434556444556666
112233122333122223114423144443145543145555665665666665
111112111212332222433522443555463355466335466665444665
111122111132414432444432454332555362553362555362666666
111111222131222133223333425553444553455566445666446666
111222314442311442314422315452315452365556366556336666
112233122223122233133334115554115444555444565466666666
122222112223111423155433154433155443554433554666666666
111111222211234241234445234445234555633555633365666666
111122131132133332132222334525664555644545644445666665
122222112332112332411135416335466335446555466665444655
111123412123412123412223444233454533455553665556666666
122222112232112334111334513334553554655564656664666444
112222112332112322113333413553445555455666454666444666
111112334122344122344112334442333542555552565566666666
111111121333221344223344223334225644555664556664555666
122222111122133122143133443333544444555546555666566666
111111212113222333222334552334555534565664566644666444
111111123313123333222343222244544444556664566666555556
122222132232133332114355114355144355144456446556666666
111122131122333112433552435522435552435566466666444466
111112112222112222333334533434535444555464655564666666
111111122221223321444325444325444335666635666335665555
122222121223111123411553445533445533445336455666466666
111111222113242133242233245553644453644653646653666555
111122122223142223143333144335144365446665466555666555
123333123333122243111244512224511664556644556664555664
111233122223111123412223444443445433555636566666555566
111111111223442223442223445523444533655553655663666663
112222122222111113415333455333445553444453466556666666
111222113322113332143332143452444452466455666555666655
111233122223122233114235144435166435664435644555666655
112222122333112234112334513334516444566444556666555566
112222112233112233144233114443444533645555665665666655
112233111223122223124433114333554444564646566666555556
111111112212322222333332445333445566444566455566455666
122222133322134322144333144435144455165555165566166666
111111122313123333224435222435244435446665466555666655
122233111233122223123333114555614455644455644465666665
122223122233112234111334115334655534666554666544665544
111111222113222143244443224443555543565553666653666633
111111222211223313244333224435444335455555466665666665
111122131222133222113332444355444335444555666665666655
111122111112333222443222443333544443555546566566556666
111122312224311224331224331444333544555554556656666666
111112311112322222333242354446355446335446555646556666
111223111123122223142233444433544636545636545666555566
111111122211223333422233425533445553644455644556666666
122222111122331122311444333334553444555564566564566666
122233122223122433144435114335114435614455665555666666
112233142223144423144223114423511453555553566563666666
111123122223112433122443125443555433554463555466666666
111233121223122233122334113344544444556664566566555566
111111111222333222343332543342544442546666545566555666
112222112332112234512334513334513644556644556644556666
122223122223133233113334115544155544165444665554666666
112223112333112334122234112334444444555555566556666666
112222111222331422331444331554631544636544636555666655
122222112333112223411333415533415555444655444656666666
122222133332133332111132144452166455664455644455666655
111111122113222333245553245333245366245566445566444666
111111223311223314522344552344552334552634655644666666
122223112223112233133334155344115444555554656664666664
122222111122131112333442333344355544556544556546666666
111112131222131232333332344422444566445566545666555566
122233112334122334125334125534125544115446555646666666
111111221113422223423333422335444355644555645565666666
111111122131223333422355422335442365446665466665446555
111111122223122223144323443333445553455655446665666665
111112111332413322433322435222435666445556455566445666
122222112332133322111344151344555334555644655664666664
111111122211222233224333554343544343554446566666555666
122222112232412133411113444333454353454555655566666666
111222131112134422133442533342533442555544666555666666
111111112122322222333332435566433556445556445656444666
112223122223112123411133444335446335446655466555666655
112222122322113332111344133334554444555544556666566666
111111122213122233224233544436554336554436555446566666
111111221113222233222334555344655334665534655644666644
111111122211222233224333444333455553446555446565666666
111111222331244431244431244433225335265535666555666665
122222121322111332141335143355443355466655444665466665
122222123322133442113344133444113546155546556556566666
122222111223111123414423444553646553646533646553666553
111111231144233134223334253434255444265555266655266666
112222111222331422331444311455344455334556355566666666
111111211344213344223444223344233566235556255666555666
122223122333112223114443114433144435646655666665655555
111122112222133332144322144355443355443655646655666665
112222312222312444311144315144335445635555633556666666
122222111222331112431555431355433335444455464656666666
122223112223122443111433511433554443555643566646556666
111111221113222443522243552443544443555663556663666633
122222122223133333111344113354155554554444556646666666
111112112212314222344422333444355454335555366665666665
122233112223112233114243144443144533646555666555666655
111111123133123333223443222444522664556664566664555554
111112111222132222433352444355433335444665466655666655
111122113322143322144332143332544662546666544656555556
112223111233122233124333124345144445664645666655665555
111112111222134222334442354542355544355546333566666666
111112333112443112443332455332455562455662455662466662
111111222211233331233444223444233564555564566564556666
112222112223111233141233444533455553445553644566666666
111122333112311122322224335644335664555564566664556444
122222122122111133113334533434553444566664556644555666
122222132332133332143352146555146665144655144665144665
111111221131422533442553422253442553445553466663666663
111233111223111233222233444253445553465555466665446666
122223112233112433512443512433511463555466554446566666
111112113322133332134522334522444562445566445666555666
111111112231422333442233422333442555465565466665466655
112222112222133424113444113455333445663345655555666666
112222122212111112344444345544345566335666355566333566
122222111122111322143333444433455633455666455666455566
111111233131233331223444223445266445264455266665665555
111122311222311142333342334442354542555546565646566666
111222111122133142333442344422344455335556555666566666
111222112222133322114333154343554443544646555666556666
111111112122222223444243544443546333556333566666555566
111222122222111112344444343344333554363655666655666555
111222111112333132343332344522644525645555644455666666
111111211334213334223534263534266544266544226554666555
111222131222131112433332444332445535644555664665666655
111123122223123333122243115443555443565444665554666666
111222111223122233123333144553444453645555644655666666
111112122212123222133333455533446535446555466656444666
112222112222113332143333144443145543544566555556666666
122333122333124335124345124445122445111455666555666666
111122111322411322433322443325643355644455664655666655
122222111112314122314425334555344555334456366456366666
122223123333122233142435144435144455146555116655666666
111222112223142323142333145533145553446555466656446666
111112111222133322444332443332455632456666456556455566
111122111222132234132234533334555344565554666544666664
111112111222133332435522433552463352465555466666444466
111112131142133442553442533442553342566342566622556666
111112312222311242313442333342535444555446556666556666
122222122324123334113444133455134455134556165556666666
122223111223145233145223145533144553144553644566666666
111222131122133324113224333424356444556664555664555666
122222132322133324135334115534611554615544655444666666
111111123311222333233334222444255444555546565546666666
111122122222123342133444113454633454636455636555666655
122223122223112333111334151334554444555564665564666664
112333112333112233122234115244555244555444655466666666
111223114223114423144223144523445523555533566563666666
111112131112333332445332445532445522445562455662666666
111222112232122233113333144353445555444665464655666665
111111212131222333224335224335644345664445664555666655
111111213331222431552433522433524436524666554466554666
111111213314213334233434235444255446255556266556226666
112222113322113222113344513344555344556344556646566666
111112113332113432333432444452646452666452655552666552
112222111122111222334444334554334454335556635556666666
111222113322113222113245333445334455644445665555666666
111222111112134222334224344444333455335556555566666666
112222312112311112333322444335444435645455665555666666
122222112332113322133333111444555446554446554666556666
111111112221333222333322343442544446544666555566555666
111112112122342125342225344445334555334455336665666666
122222122232111333141355146335146335446555446565446666
112223111233122233122433114433444455465555466655666665
111222131332133332133222144442145545645555644665666665
111111122221324451322455324445324445366655366665333665
112222112332122332111435144435446335466355465555466666
122222111223441223411133451553455553466563446563466663
111111212113222443244443254443255553255333665536666666
111233411233412223411223412233456636455666445656455556
111111122233112333222333224435444555444565466665666655
111111122213222213442433542443544433555663566663555666
111111221131422233422233444235643335644655646655666555
111112111122222223243333444443455453465553666653666655
111222113232113332113422533462553466554446554666554466
112222122223123333111133451536455536445666455566444466
111112122222112233412433444443454333556366566666555556
111112113322113222433252443255433355444556446556666666
122222112232111132114533444553455553446653446653666663
111112113322413222413322443325455335455555444666666666
122222122332111332141335141335444535445555446665666666
111111213141223344222345233345234445236545666555666665
112333122233122223144423144433145555144565165565666666
122222113332143322144325114335144355146655644655666665
122333122333112343122243152644155664115664555664556644
112333112333112333122244122254165554665544655544666664
112222112322122344133354113354133554555564656664666644
111111122213224213244443224333554633554663554666555666
111112113212333212334222344425346455366445666455666555
123444123444123334122334122334122566115566515666555566
111222122233122333124343114443144453664655666655665555
122222122232113334133334134444114544155555556656666666
122222112223133233113333411155466555466665444665444655
111111122233112233222443244453445553445553666553666666
111111122221132222433526433566433556433566444556445566
122222112233122333113334115534615554665544666554666444
111222131322133322111332453352455556454556444666446666
111222133322111322441322441335443365644465666665655555
111222133222132224135554135544133544135564636564666664
111222113322113332113222333455444465446665466665465555
111122113122133322143332444352464352466555465555466666
111111221333421123422223444423555433555436556466566666
122222112332122333114533144553114453444455666655666665
111122111122122222333444354444355544355556333566666666
111122131112133322332224355244355544356544556664666664
111111212231212333222344233354555354655554666664666444
111111233311223331243335244445264445266545266555266665
111112111332133332432222433225455555456656454666444666
111112113442513342513342553342533642555642656642666642
111122112122112222333334344444335544355564555666566666
111111221133222133224433244453246653444653666655665555
122222122122111134511334533334553364555664566644566644
122222121132111332133332133456444456455556445666455666
112222111112134412333442334442333442555666555556566666
111111212311222344252334252334553344555344566646566666
111111112122222222334555334545344445344665336655366666
111111122331122333425536425336425536425566424556444666
111111222211333214332224333254653554655544656544666664
122222122322143333143353144453144555114455166655666666
111111213311222334223334222334564444566644556666555556
111111112213222333242533242533444535444555646655666666
111112311122333122322224344444355444335666555566556666
112222111122133322133332134434564444566664555564555666
111122112222133244133244133254633554635554655654666664
112222122322113332144333114353144555444465666665666555
122222111122331122433115443355433665436665466655444655
122222112223411123411553461533465553466653446553446663
111111123333122223124233444223444443555556566566556666
111112133322113222413332444432445432555455665556666666
111223112233412253412253416253416553446653444653666655
111111213114233344234445233445233465226665266665265555
111111222311233341233444233554223544255554656564666666
111111121222122232443332455533444553445563455663666666
111223112223411233412233414233444443555555565656666666
111123112123112223422233444433554443556643555666556666
122222123232133332111433144443114544665545665555666665
111112133122331142533342533442554422555426566446566666
112222111222133324113424133444333554666654655554666655
111112314222314222314252314555344565344566345566336666
111111222121332221322444334444333564535564555566566666
111112311122334122344442344552345552346652366555366666
111122131222134242134442134452334455336655366655666655
111111122121332224332224335554355554366554366664666444
112222122223121443111433144435643335644535666555666655
122223122233122443144433114443114533155556556656566666
111112122222112233412533455553444453644653664653666653
122333112233122223124443144433115444155555666565666665
122222111222131244133444113445333645636645636555666555
111111221213222213233333243563444566454566455556445666
112222122232123333113334516634511644555644555644566664
111112111322313322333342355542556542556442656644666644
122334123334123334122434122444112545166555166665666555
111111223111233444233334235444235544225556255656666666
111111112213422223422523444553445533445553666533666666
111112122222133222113334555344556334566364566664556444
111111111233422223444523455523445523646523646553666663
111111122113422233422233423335444535644555646555666666
111122111223142223142253445553455553445333446663666666
122222122233123333113343114444144456155456555556666666
122222121122111112333334333344555544565564566664566644
111111121313222333222433224453444653444655666665665555
111112331222341222341122344444334554355555355666666666
111111112333122323222223444433445435455555465656666666
111112133122143332143352443352455552445552446662666666
112222111112112222334555634445633345634445633645666655
111223111223411253412253452253455553456663444463666663
111123111123412223445523465223465253465553466563446663
111112113132133332444432554332554422555442655662666666
111222132222133232113333114434544444555545666555666666
111222122223123333124435144335114355444555646556666666
111111122222112332433332444432454335455555466556666666
112223122243112443112433112433566443556443566666555556
122222123242133342113444113334115344655554655556666666
111112111212344222334252334255334455366455364455666666
112222111122311224315524355644356664355664335664335644
111111112221344222342225345555344566344566345566333666
111111221133222133233334235544255544256544556446666666
112223122223112233113334511334555554665444655464666664
122222111132114132444132554332544433546633566666555566
111111121223122233425553425553425553444433646463666666
111233111223122233142335142235444435464455666665666555
111111222211223213443223433333444455644655666665665555
112222111322111322144332544433544463555463565563566666
111122111222331122333324533324555544566664555644666644
111111233311232313222333242555442545644445666645666655
111122111123442123452223455523445663455633456633456666
111122111223112233442553422533446553466553466553446666
111111222211233214335244355244365254365554365664366664
111222133242133442133422133425134445166645665665665555
112222311222331242351144355114355644335664355564666664
111112112212314222334252334455344456345556345656366666
111222112222122333111333444333455555444555464566666666
112222132232133232113333411155446665444655466655446655
111122133322133322114332144322445566445566445566555666
122222112323112323114333114433444444566666566556555556
111111221112222222333344333444533464554466555566556666
111111211313222333223333422255444455466665466555446665
122222133322111322141333141343444444555566566556556666
111111221311222333242353242353444355445555466656466666
122222121222111333114443144453445553455533556663666666
122222122322111333133333144445145555144455646655666666
122222111232113332144332144355144335644455666665666555
111222131222331244311224331444344455336665666655665555
111111112213422223442223444433453333456666556566555566
122333112223112333142335142255144445144555645566666666
111222111222111322333332334455344555444445666555666666
111122131422131422133442333342354442555546556666556666
111111122333123333123443222544252544655544655546666666
111111211314222344223344233344253544253556555566666666
111111233341233441233441253445253445255555222666666666
111111122221223231223334553444553364553664555644666664
112222122222111333441113444563455563444563555563666663
111122311112333142334442355422335422555446556466566666
111111122122122223455523444533444553644533665563666663
111111231341233341223444233554223554622654666654666555
112222132222133332111333411535455555446556446666444666
111222331112311312333342553442655542655642655644666644
122223121123111223411253445553455553445663446633466666
122333122223114223114233144563144563145566445566555666
111122312222311242331142335544335446355466554466556666
122223142223144223143333144553114453615455615556666666
123333123333124434124444122544122555162565165565166666
112233122223112323112333411553445555465655466666444466
122222111222131112331444344444333546355566355566556666
111111222113222133244443224443554433555663565563566666
111111221313221333222343252443555443554466566446556666
122223112223112123411133444435643335644465666665655555
122233111223122233111234551334555534566554666664664444
111222122223121233111435444435433335445555645656666666
122222121122111332113333445336445366455556445656445666
111112133222113222143322444333444356544556555566566666
111112112212333212333222433355455555444465466665446666
111112133122133222133242533442553644555644555644666666
111111122221122233223333444433445553466655466655466655
122222112232411132413333413553413555444445666665666655
111233111243112243212443222443554433556436566666555566
111112112212133222333322435555433555466656444656444666
112222112232111232141333443353446355446555446555666666
111112113132333132443332444552444552465552665522666666
111111223111223444223344522344552334556334556666556666
122233112233412233412233415535411555414655444656666666
111112133222113332413332444352466552465552466655446665
111222122232123332133334155534115444555464655664666664
122333122233144223114233114235114555444565664665666655
111112311142331342533342533442544422566422566666555566
111111223111223333223333222455664445644555664445666655
112223122223123323111333114344554444555544566666556666
111111122134122234223334255534253334655544655664666664
111112311222314442314422335442335442335555655566666666
111112131112333322343222443352445552645555644456666666
111122334112344112344142354442355552355562365662366666
122222133242113242133344133354111554655564655564666664
111112131122133322333442343422544442545666555556566666
112222113224133224113424113444333454653555655565666666
111222113332111132444332443352445352445552666655666665
111111221333221433221433222453444453455555466655666666
111111231314233314234344234445234555265556266556226666
111112113212313222333332443422444455644555655556666666
111222312244311224315224315554316554336554336654666664
112222112223142443142433144435114335663355665555666665
111122131122333112453222453662453666453366455556444456
111222111132133332133222443325644445645555644565666665
111222131112131442335422355422354446355446356666355666
111223111123141223444223442233544463556663555563556666
122222122233121333111133441533444555445555644665666666
122222111122131132133332444333444445465555666655666655
112222312222311112334411344455364445366455336555666665
111111223131223134223334233444255544255564556564666666
111111122211322224355224335444355554335654633644666666
122222112333122433121443111433555443556444566666555666
111112113312133332443322443552445552445552466562666666
111112131332133332134432444442455422665552666552666655
112333122333122344122334112244154444155556555666566666
122222122323142333143335144355144555144456116556666666
122222111222113323413333411353446655444655464655666655
111111112222133322333324536324556624555664566664554444
111222311212341112344422345552346555346655344665336666
112222111222341152341552341655344655334665344465336666
122233123333122334112344112544152544155546655546666666
111122113332133442113422333422444442555555565666566666
111112122222132244133244135544335544335554365566666666
111112331122333122333142355542555542566542666644666444
111111211122222223444323454333453336455556455666456666
122222122342112344113334113534155534555634566664566664
112223112233122333122334111344544444554666556666555566
111112133112334412355422335442635442635442655552666666
122222111122133112333142553446553466533466554446554666
111112133322113322133452636452636452666452644455644555
111112113122133222443225433325433655444655466665466655
111112111332133342533342535442555542655442666642666642
111222311112313312333422334422554466544446555666555666
111111122221123422333422355446355446355466355446356666
122333122323112223112443154433155444156446556666555666
111122311222341112344222344445366445366665366555336555
111111223114233314234444233354255354265554265656266666
111222113322111332413322444352443355465555466665466665
111122111222122233123333333455644445645555644455666666
122223122223114423144443115433115443555633556666556666
111111233114223314522334523334522244566644565646555666
111122133112134222134422333442353544555544565566666666
111122311112333312342222342555344445346445666665666555
111122111222113422333425334425344555346655344655666666
122333122334112234112334122534116554666544666544665555
111112133112133332433232444222454426554456555556666666
111222111112133322333222343355444555444555464656666666
122222112332413332413352411355416355416665444655466665
122222112232113332133433113444155544555544656546666666
111223111233122223124323144333444555465555466655466666
111111221231422231423333422433444453664655666665655555
