111111111222333332333222453256455256445556446656444666
112222122332123342113444133334154444155666555666555666
112333112333112233122443125644125664525664555664556644
112222311222311122333114333444553544555554656664666664
111111121331222344233334235354265554265554265644666664
111223144233144233144233114223144223566666565656555556
111222111232411332413332443552433552455555466666446666
111112111222122232443233443333445366455666455556455666
111111233331232311232334222444255466555466554446556666
111122112223112223413233433335444555444565664565666665
112333122443112443112433112433522444552666566666555556
111222131242134442133422133442133344555555656556666666
111222131222131232133234153334555544566544564446566666
112222111322111322414323444333454636454636556666555556
111111222111232222334245334445344455346655366655366665
111111222311224315244335244335264435266435666435666555
122222112223111243111443444433454333655535665555666666
111122331112433312433312444322444422555556556566566666
111112111222314222344255344255344655344665333665366665
111222112222311224311444333444335544533566555556666666
122222113322133322114333114443154466554446555556566666
111222111222131124333324335324355554556654566664666444
111222111222111322444325443335466355446355646335666655
111122133112133222143352443352443552445566445556666666
111122112223112223415523444533464553466653465553466663
111111213331222231222435624435664435664435664435665555
111111213141233344233354233554255544255546222646666666
111111122222133322134332534442533446544466555666555666
122222112222111333111333443343444445664665666665555555
111122131122131224333224355424354444355546355566666666
111222133332133222133244113244516664556664556664555544
111111221221222221334444335554355554366564366564336664
111111122211222223442553455553445333455633444663666666
112222112322132332133334115344515554555444656644666666
111111211331223333222333224444255664555644555644566666
111111222213242213442513452553455553444563466663666633
111122333112341122341522344552344552334455666465666665
123333122223121233111223144453144555446555466665466665
111111112222212333222344333344536664555664556664555644
111112122122132223133323444333544466555446556646555666
122222122223111113444113453333455636445636455666455566
123444123444123445123345123335122535125555126666166666
122222122223133333134355134455144455114555614466666666
111111221123422123442223444553644453655553656533666663
111112111122222222344444343455333445363655366665666555
111222111122311422334422344455354445355555366666336666
111222111223441233411233445223445333445666555666555666
111122331222331222431112433335445555445565644465666666
111111122222122322144333443355443335455555445666666666
112222112222111233141333543333544466545446555546566666
112333112223122233111223414433444555465556465556466666
111222112223111223441423444443455663555663555633566663
111111122331222331442333442223444453455556555566666666
111111112213222333224433244333244455644655666655666555
112222311422331442311442331142333444555555665655666666
112222122232121134111334333334555444665554665654666654
111111121213422223425223455533454553444453666653666663
122222132442132342133344113554163354166654165554666655
111111121134222334223344223354253354655554666654666654
111111221112222222344444334544334555335556335566666666
111222122222111132415333445363445563445663455563456666
111122122223112323412333414343444443555666556666555566
111111222131233331233434234444244545255555266556666666
111233111233112223122223444333444555444566555566566666
111111212133222123442223444443546643566663566563555553
111112111322441322433332433222435566455566445666455566
111112122222112322133344333334544444555554566666556666
111111112333122333422233445223465525466555446665446665
112222312222311112331444531444533644533664555666555666
122233111223111223112233444433546663546666544456555556
112222112232133332133342135544115544555444655466666666
112233112233122333122234155534115664555664556644666444
122222113322111324113324155334653344655444655554666666
112222122322112333111343153344553444555464565466566666
111112111122333342344442333342564442566622566666555555
112222112322111322441333541333544443546666546666555556
111112121112222222333344333344566364566664566544555554
123333122344112344122334112344112254555554555666666666
111111213144233134223334223554223554625554666654666654
112222111223411253412253416653446653446553446533666553
122222111112131312333332444332444566445566545566555666
111111213131223333233453244455244556245556244656266666
111122113332133432134442134542634542664552666652665555
111111233111233444233544233554223554222564655564666666
111111122221322421324424355444335446355566355666335666
111111112222312422344452344652344655334655336655366665
122222112232111132145533144533444533466553466555466666
111111222111222222345555344455344555334466334666336666
111222111112133442334422334452344452355555366556666666
111222112222133332113332413355444445444655666655666655
111122331122331112333332444222455555456565466665444666
111233111233111223222223444553464453466453466555666655
122222122322133344111354133354113554665554655644666664
111111223111233333222223445233455555456556446666444666
122222122233124443144333114443514633511666555666555566
123333122343122344122334112554152544155554166564666666
111112112122122222334445364445364455364555366655333666
111122112222111222344444333454336554336654636655666555
111222111233122234152334152334555344566344556644566666
112223111123122223114423554443544663544633566663555566
111112113112433322433322433522444552445555645566666666
111222131222131142333142333342544446554546555566566666
122222111234122234153334153344153364155664556644556666
122222112232112333114533144553145553444653464655666666
122222111232411132411332433355446335466665466555446655
111122112222112322413333433533455555446665466655444666
111111222221233221233441333544335544555564655664666664
111122133332133322113224153224655554655544654444666666
122222111223113223133333114453444555645555644456666666
112222122332111132144132444433455336455356455556666666
111112111122334442333442354422355442335552555666666666
111111211221222223243333444453445453455553655663666666
122222113232113232113333411553455556454456444656466666
122222121212111112344444345544336554336655336665366655
123444123444123334123334123554125555125666125666125666
111111211212222222333444353344356664356564355564556664
111111222111223333222333245533444556455556466656444666
123333122333142223145223145255145556145566144466146666
111112331122341142344442333442335452665552666552666655
122222112233144223144433145453145553145653155663666666
112222311112331222331142533344544346554446555666556666
122222112232111332415533415333415356455556466666444466
122222111232113232413333411335444555455556444656666666
111122111122331332333332445552455522444566446556466666
111122112123112223442423544443556433556463556663556663
112222133322133332113322144455144555146665446655466665
111111121133222223422333442533455553444455646556666666
111111112221322244325244335244355554333544635566666666
111122111223112233422233443333544666544446556666555556
111112111222133222332244333334555444555554566644666666
112222122232111233441533411553445553466653466553446666
122333122323112223114253114453144453446655466665666555
111111211133233334233544235554266654266554226554266644
111122311112331222333244353224355444555444555666666666
112222122344123334123444123444133355155556155656666666
111112113322113332433332444422445422455556555566666666
111122111222131224335524335524355544355446366446366666
111122111122313322333224333244544444555554556566666666
111111123331223331223334222444244454554556555566666666
112233112333112223112233142553444555444455666465666665
111112121122122223452333453333455535466555446666444666
111111222211222331422433444433453336455666455556556666
111111213331213333222344552364552664522644555664566644
112222112112311122333332334455434455444655646655666665
111111122133122333222333244355244445664445666555666655
112222113222413352413352411355441355466335446665466665
111122133122113122433225443255433665443655444655666665
111122112222113332143332444532455533455566445566466666
111112122122112222333333444353644355644445666555666655
111111233114223144223344222354233354665554666554666655
111112113332411322443322433552435522455666455666445666
122222111322113342113342513444553464553464553666556666
111112122212123222133333435553434455444665644665666655
112222112222111112333344333445334455644455666655666655
112222122232123333113343111344555554656554656444666664
111233122223122333122433144435144555146665446555666665
111111211331222433244443245533244563224563555566566666
122233122233112233112334111344566664556664555644555644
111111112222312222332344533334555534565644566664566644
112223111223112233142233144333444555444565666665666555
111222311112313222313244333244563444566464556666555556
111111121314222344222334223344555344555364555366666666
111112131222331222341522344556345566344556345566344666
112222122322113332413333411135446665444655466655466555
122222112332112332113333113444555464544466546666555566
111122311224315224315244315224335554365554366644366666
122222113224113224113444133455134455334555636655666666
111222111112333412534422533442533442534466555666556666
111111231114233344233334235554225554255654266664266664
111122131122331124322224344444344555336655636555666665
111111112133222334223334223344255444655554655654666666
111222112232111132443332444332445356455356455556666666
111112112112332222333332344432445555465555466566446666
122222111112313112333322344355345555444455466456666666
122233122233112223111133144433444445466665665665655555
112222133232113232113332143444144444555555556656666666
111122311442311422331442335542365442365542365555666666
111111112133222443244443222433524463566663556563555566
111222112222111322133344335334655534656554666554666444
111222131212331112333322453352455555445546644446666666
111111231131233333222334222444255544556546566446556666
111222131224131224135254135254335554335444365646666666
112333122343123343122443124455124455124665166655666655
111112331122311442333442344422335426555426565556566666
111233122223112223412333411533455556455656446656444666
111222111122134122334225344445334445355555366665366666
122333112234122334122334152364155664155644155644556666
111112131112332222333422355442335444555464565466566666
112222122332133332134432144434115444155555666655666665
122222122233111233141333541133544446544466556666555566
111111122233122233122233444333544666554466555446555666
111111122121222223455523444553664553644453666453666333
111111122211222223444233554433554443655543656563666663
111111211314225334225334225334255344256344556646566666
112223122223122333133343114444114455644655666665665555
111112133322133332134442134422544426566426556666555556
111112122122132222133333445333455555455665444666446666
111122111122133332333222344442355444555446565566566666
111123111223112233442233542236544336544666544566555566
122222123222133344133444133554153564155564156564166666
111123122123122223144233144533445553455563455666466666
111111112231442333442333422253452253455555466665466666
111111221344221334251344253334253344255546256666556666
111112111222331222433322443333544444546666566566555556
122222112232133332133444134445134455114555666655666665
111112131442134442134452334452355552356662355622366666
111111112221333322334222334442354444655554655655666666
111111122222113232333332444332444555645565644665666655
111111212211222333242333442333444444555556655556666666
112222122344112334122344111345663345633445665555666655
112222122322133332113433111435444465446665466565665555
111111111222322222332455333445334445366445666455666655
112222111122113222133334335534355554656654656644666444
112222122222111111334455344555334555334566334446666666
111111122112322222333342355344335554555444656664666664
111222131132133332113222443352466655446655446555446665
112222112222111233411333455553444533445553466566466666
111111222111232244232444234444335555335556633556666666
122233112223412223411333411353415555455566446566446666
112222112112311142333542333542355544356544556446666666
122222111122314122314155334455344455366445336655366666
111112132222133222113332455366445336445566455566444566
111122131112333312433322434222444444555555665565666666
111122311222311222331244334444335446355546556556566666
111122112223111223444323444323444333555556566556566666
111111121213222233423233423335444445454555655566666666
112222111112311222333342353344355546555446564446566666
111222111233411223441233442233445335645555645565666666
111111213131233333223434225444255664256644256664555566
111112311112344442344442335542355552365522366526366666
111112113112333322332224342244344444555666556666555566
112233112333112233111233444222454556455556445566466666
111111221121222223233333445336445366445566445556455666
111112113122413332433332443222455525465555466665446666
111233112223122333112333122444566644565644565664555564
111111123113223333244353246653246655246655246665244455
111111222133222113442533422553444453446653666553666655
111112111332133332333442444442544662555622556662555666
122233122223124443124453144553144653166653116653666555
112222112122311112333332444433445663445666545566555566
111111111223422223444233444235644235666635666335655555
111111233331222311222333442553442555444555464566666666
111122112222112232133333444433455553466655446665466655
111122113332111332443322444332454552455552456656666666
111111121333122243222243244443555443565643566663555666
112222112232111232113333444333444445465555666555666665
122223144223144423114223154443155533115553655663666666
111122131122333124333124553324556224556644556644566664
111111222131222331422355442355433355443556446566466666
111122134442133422134442134542135522333555665556666666
111111112221222333242553442553465553466553446633446666
111111222211342221344422343444333554365555366665666655
122222133222113233113333415666415556414556444566445566
111111223144223114233344223334223554555564565664566666
112333112333122223122233144445166445166455666445665555
112333122233124233144233114225164445166445666555666555
112222112322142325144335143355144355143365446665666665
111111122222112333422333423335444445645555646565666665
111122111222122223143333444333455535444555466665666665
112222112333122334122334113344144445655545666555666665
111123122223124223144423143333144355446655666655666555
111222133232143332144332145352145552144555644566666666
122223122433112443122433155443115443155543656556666666
122222133244132244133234153334155444115666155666555666
111222111112312222333244333444335554555544556646666666
111112122212112222333445333345344445365445665555666666
111222111112314222344442345442335545333555366665666665
111222311122333112343152344552334552644555644465666666
111111121313223333222343552443652244655444655554666666
112222111332131132133332444432555442555544566546666666
111233112223122433112433512433542466544446555566556666
112222111122312224311554355544355554366444336646336666
111111233111233333224335224455244445246555246565666666
122222122232113333133444113344516664515564555564566664
111111233331233311234345224445244655244665266665266555
111111122231122233425223445533444553455533456666466666
111122133132113332413232443222444455466665466555666555
112333112223112223112233144435445435455555446566666666
111111211223221233422233444333444355446555666555666665
111123112223411123444223452233455336455536456666455666
111111222111232224233524333544633554635554665544666664
111112111222122223444243454443456663555633556633556663
123333122233111223112223114553444566445566455556446666
111111122222112334562234566234566634566334565344555344
111111121314225334255334225334625534622534665544666664
111112314112314422333422333422534462544666556666555556
111111211213222223244233544443544433555563565663566666
111112311212331222333342353442556642566644556664555644
111233111223122223142443142443544433555553665655666666
111111112212222222333444334444354646355666356656355556
112222311112331222311442334455333445664445655555666666
111112133312333212343212443222444556455556456566456666
111112112222122223144433444443456333556663566563555566
122222121122111123414443444333455553455633556636566666
122222134422134422134444134555136565136665136665133655
111222111222331224531424531444536664533664553364555666
111223111233112234122234552634566634566334566644555544
111122311122333112433332445322455526445556446556466666
111112333312431112432222433322445566455666445556455666
122223122233112433112433111433555444566446556646555666
122222121123111223144443145533445336445636555636556666
122233124223114223144423144433114563155563556666555666
111122111322113332333442344452346652446552466555666655
111112311212332212333222343356445556455566455666444466
111122111112334222334442354422355466355466335466555666
122223123333124433122443124443144555166665166565166555
111112311122314442344442344222355552335655633665666665
122222112233144223144443143333145366145556155656556666
111111222221323321333321444325466355446555446555466666
112222122222133333131343111344554444555664565564566666
122222121232111233411433414435444435666335655555666665
112333122323122223124333144555146665144655146665446655
111111211341233344223334233544225554625544626555666666
111111122333112334222334223344254446555646556646555666
111112113442133422133422334422344425355555656655666666
123333123333122223111422511442514444564466566666555556
111111122333112233222233444235664435644455646555666655
111222131332133332144332144422144442555555655665666666
111111121333122223224423244453645553644553664653666655
111111222231222431224431444433544533555553665563666666
111112311412314442335442335442355542335562655662666662
112222112322112323113333144533444556445566445666555666
111122122222123244113344133334535344555544655566666666
111122111322411332444332433322435552445666455566556666
111111222331233311233444253344255664225664555664556664
111111112133422233444223442223544333545566555666556666
111122111132133332333322445522445525444555446656666666
111111213313223313222333224555424555444456446556666666
112222111222111322413333443353443555644465646665666555
112222111112333412334412344442333442556666555666555566
111122331122311224331224533624536644536444556664555566
122222111122333122333114355514335554655564666664664444
111222112222133322143333143344144444555555566665666665
111111122131222334222344233334535644555664556644556666
122333122323122223111333111444554446544466556666555566
122222112222133333114333144435114445664555664555666665
111111221331233341234444233444253646255666255566255566
122222112112111132455332455633445663455663455633444666
111111213341213344223344222345623345625445665555666665
122222132322133332144335144355144455144556166556166666
111222112233122223113333144353444455466665465555466665
111112131222331222331442344442354446355666355666555566
111112311142333142333442344452345552545662555662666662
111112341112344212342222344452336455366465366665365555
111222122222111132133334533644536664536644566644555554
122223111223412223411113444443555443565533565663566666
122222112223132333133334154444155444115455665556666666
122222111122111322145333445553444553465563465663466663
111111212133222133422223455553445333445556644456666666
111111122221222331243333244333444555455556465566466666
111111122133122223222433554433544663544463555466556666
111111123333123334122334224444255464255466255666555666
111122132222133232133332114535444555444665466655466665
122222122322113333133343111444154444555554565666566666
111222131222131222331144533444533544535564555664666666
111122312222311242311244355544335664355564356564366664
111112111122333332435222435552435552436655466666444466
111111222111223333223343223344566644556664555664555644
111233122223122233123334111434564444564646566666555555
111111112333212333222443252433552444555546566446566666
122223122323122333144553114533144566145566145666445566
122223111233411223412253411553444653466653466553466655
122233111233141223441223411233444443555666556666555566
111111221113222223244333243333544466544466555556556666
112222111232411232411332444433454633456663556666555556
111122333112311122333324553524555524556624666664664444
111111112222133224332224355544335544335644555664666666
111111222133221133223333244355244556444556445556666666
111233112234112334112234522334552534655554666544666664
111223112223112333412223414443444453555553566666556666
111222111122133332133332444322445555445665455666456666
111223141223441223441233411233444233556666556666555556
122222111123114123144223444443555433665553655563666663
111112111212333222333324355524355524656554666444666644
111112131222133332133222443325644445644545655555666666
111111112133222223424223444433554443555533565566666666
111111211333221343255443225443225443255443655566666666
112222311422331422311442331144335544635545665555666666
111222311112341222341242344445346645333655366655666555
111111122213442213442223455523466533446553646553666653
112222112232122433111433144443555433555436555466666666
111111233331222231244431222433444435645555666555666665
112222122223114233154443155443156443156643555633566666
111111123331222231224233244453444453666453666555666555
111111122213224213224233544433555443555443566663566666
111111221211222223444423454443555543566663566333556663
111112312112342122342225344445346455366465366665336555
111111112222122344222344533334555534665534655634666664
111122111122314442334442333442353422355555556566666666
111111222111233444223334255344225334555534566664566666
112222111122113122443332444333445553466553466655666655
122222121222111333114443514443566643556443566663555563
112333112343122344123344122354122554165544665555666666
111122113112313322333222443324544444566646556666555556
111122131112433312433322453322455552455655444666466666
122233123333122343112243112445144445166645666555666555
111222111222311242331244335554633544635554635544666666
111112133142134442134222334442334522355556556666556666
111111121314223334233344225354225354625554665654666664
111112311412341442344422344322333325666625665555666555
111222112233411223411223444333444433556666556566555566
111222131222131124134224334444334455635555636565666665
122222122212111111333333435353455555444655446666446666
111112113112333332334432544222554226544466555466556666
111111123311222334222334253344253444555554655664666666
122222111223111233141235644335644335664355664455666455
112222111222113224113344533334533444555544665556666666
122223122233112233111133414553444453446555466655666665
111112134412134442133422335442335452365552666652666655
122223112233112223411333441153644453644455665555666665
111222122233112223144433145333145553446555446655666666
111222111112134442334442333442553422563366566666555556
112222111222131224134444134445333345636555636655666655
122222121222111111333444356664356664356564355564335544
111112131112333342334442344442354222655525656555666666
111111212331222231242536442536445536455336455636445666
112222112333112334122234153334155444655554656654666664
112233122333122223111233144443145446445666555556556666
111111122223124223124333424533444563454563555566566666
122222111122111324153324555334553334555634666664666444
112222112223411223441113443333544433545666555566556666
111222311244311244311224355524355524335564335664666666
112222112232111332141432444433454333455556655556666666
112233112333122333112443112244552544555544565646666666
112222111232113332144432144532444533466535665555666665
111112111132333332445332455532444522644552645562666666
111112113332415332415532445532455632445632445622666666
111112133312433112433522435552435662455562456662444666
111122113222133332134222134444334444555566565556566666
111122113122133322132224334444334554555564556664566666
112222111112131442334442344422335455355556336556666666
122222121222111113415553455653456633456663456663444433
111112131212333212343222343552443556455556446566446666
112223112333412223411223411333455555456665444465666665
112222111222133422134445134445134455333555366565666666
111233112223122333122243114443444453646555666555666655
111122113122133322143322444332444355654455655556666666
122222112342112344112334113334553354655554666554666664
111112111122333322343322344325446625446655446655666555
122222111322111322411335433355435555435665444666446666
111122331112433312444312433352444552664522655555666666
111112112112332222333342335542355444555464655464666666
122222112223111233113333144553444453664455664555666665
111112111222313442333442333422553442566446556666555566
111122311224312224311524355524355554333544663644666666
111111122222123322133332334556434566444566445556455666
111112314412311422335442355542355542336542366542666666
111111112223412523422553422553455533445336446366466666
111111233331234431255431225433255446254466254666255666
111222111123144423145423445523445523555523666333666666
111111112133222233242333244443254443556646555666555666
111233112223112233122334123344555444655554656654666664
122222132332133322143335145555145556144566114666444666
111123112223111223422233444433444335466655665555666655
111122131122133322133324334224554444554546655556666666
112222113232133332134352144352144555145565446566466666
111111222131223331222234555334566634566634566644555444
111112344412344412333412353412353422555526556526666666
122222121212111112333334355534554334554444556466666666
111122111132133332334552344552344552664552644452666666
123333122233112223122433115444115664555644555664566664
112222122232111132133333134443544544555544666555666666
111111112222132232433332434332444555644555664555666666
111111112213222443244443244333245333255566555666556666
111233121223122223124333114533644555664545664445666655
122222133322133332133442144444111454166655666665655555
122222113232133332114432154336154446155446555546566666
111111112223122223424233444333456336456666456656455555
111112311112344422334222344522345555345556346656366666
111223122223122323113333411355444455464445666655666655
112233112233112223114223154433555443565444565664566666
112222132322133322133334155544155554115644665644666664
111112122222123244123345133345633345644445666655666555
111111123331123333222343222445624455664445666545666555
111111122231224231244233254443554643554663555633566666
111111112133442223442333442223444253555553565666566666
123333122234122234122334111354115554555664655644666664
111111211313223333222333224444524664564664566664555555
111111223331233311223344255344254444255646255666556666
111122311222311422331452334452344455344655366655666665
122223122423122433144433114443511433515666555556566666
122223124423122423115443155443165543165543166553666663
111122133142131142333442344442345522355552666555666666
111111213311223334223334222234556664555644556644556664
111233122223124253124253144453114553644453665553666666
111111211133222233244443224553244453664553666553666655
111111122121332222433223443333444445455555556656666666
111122133112134122334222344525334555344665644655666665
112222112322142323144333114443155443555543666555666666
111111111222222233224435444435446635466335663355666555
112222122122111132144333445333445363455566456666455566
111222131222331122333112344456344556345556445666455666
112222111122133332113422333444355464556664555664556664
111112331112433122433322435222435555455666445666445666
122222112223132333133344115344115564555564565664666644
111122333122331112431222433525435555455656446666444666
111111233441233411223444233554233544222555665565666666
112222111322133324133324133524165554665554655444666664
111111211313222333222334522634555634556664556464566444
111222133322113332413322415326415556455566455666444466
122222112332133332113442133445114455664655644655666655
111122311142331142333442333422555422544466566666555566
111112111212332222433552443352433555435566446566446666
112333112223111243155243152243552443554443556646666666
111111112222132232433332444432455533456555466565466666
111112122222122333112334333344555444544466566666555566
111122113112443122443322433225443335466665466565665555
111111233331232331222331244444245554246655646655666655
111111122121322224332424334444355446355556356666355666
111111121223122223224443544433554443566663555563566663
111122113122113322333224355244355544355644556644666666
122333122233124233124453124553144555164665164465166665
111223111233112223122423544433554443564463566666555566
111111112222133224333244353264353264555564565664566644
111111123331222231222433254433554443544666545666555666
111122133222113242113244333244533664555664566664555564
111111213314233314233334225554255544255664265664266664
122222111122113122443155433335446635446335446555666665
111112333122333122433112443422544442545666555566556666
111112111122344222334422333425633455634445655555666666
122233122333112233114253114253144655446655446655466665
111111221113222233222433444443445553466653666653665555
111111121333122233222233425553444453455556456666446666
122223112223411123444123444133554136554636555636556666
122222112122311124314144344445345555333335666555666666
111112122222111222344555334566344556345556344466333666
111111222221323221333321333444444454455555666555666666
111222122222113233143335143555143355446556446656446666
111111222331223311222333424335444555444455666655666665
112222111222311142355142335544355544333544636564666666
111122122222113223143333144433555443554446655556666666
111122331112333142553142533442553442554462564662566666
112222112332113332133322143566144556445566455556444666
111112113132133332434332444552444562455562556562666662
112222112233112223114443144443445553665553665653666653
122233122223123333123443114445114545614555664555666666
112223112233122333124333124444144445166665666655655555
122222112332133332113432113455144445445555465665666666
111222133422113442133342133442135442555466556666555666
111122112222311122334442333344335554655544655546666666
111122344122341112344122344422345555335555366656366666
111111222231422331422331425333455553455666445566446666
112223112423512423512443512443516443516463556663556663
111111233331223311222333222444555444555644566646556666
111111121333221333223343224444256664255564555664556664
111222133322134332114332514322514666544446545666555566
111223122233114223114423144423554333554466556666555666
111122113222113242313244333244355546354446555666556666
122222111332411132411332433332444555644555646655666665
112222122333122334112344153364155364156664556664555644
122222112223111123441133544433554443566463556663555666
111122133112331122433222433325444455466555466565466665
111111111223422223423333422533444553664455664555666665
111111211313222333222233445233445555445566466556446666
111122113332113332143322443442444422556666566566555556
122222111222311112333314533334554444555554666654666664
122223111223114233144223145333145355445556446556666666
111111121122222222333344355544355554335644365664666664
122222111222113244133344134444133334556666566556555566
111122131112133332333222344225444445645455665555666666
111111222211324241324444325544325545336555366665336666
112223112333122433122443112443515643555644566646555666
111111222113222313222333444433455553444555466556666666
122222122122111133451133455553455653446653444633466666
112222112332113332411322441333455555444665464655666665
112222311112331122331324533324555664556644556664566444
111122113122333112343322445322445356455556445656466666
112222122232123333113343111443555444555554666544666666
112222122232113332111433144433444563445566555666555666
111223412223411223411223414333444533455555656565666666
111111212221222221344444355554336654336554336554366666
122222113322111322111333444443444433555555656665666665
111111121133222223242553244533444553466533446555666666
111112313312333112334442534222544422544666556666555566
111122113112313442333542363542366542666542655542665544
112222122223144423111433511433554433556463556466556666
111222113242133442113422133442333444556666555666555566
122222113332111322133324133444144445645555666655666655
122223111223142223144433144333144356145556555666556666
111111222131222331222334533334556444556444556466556666
111222111232143332143332144332554442566644566666555556
111111121333124443224333244433255456225456255556666666
112233122443112433112433122433124445666645655665665555
111111122131222233233334253634255664555664566664554444
111111112222133224332224533344555344655344655564666666
111112121112322222334255344455366445366455336445366665
111122112222111232444432443333544336564636566666555555
122223122323123333124443114453116455616455666455666455
111112314222314442311422344422345555333655663655666665
111111121341223344233334223534255554226554666654666654
111233112233122334122534122534155534555664656644666644
111112314412344412356412356442356422356662355562335566
111111223311233331222333224444244544665554655555666666
112222122222111133441133455533444553446553466553666666
111122113122433122433122443352443555443665466665666555
111111221121222222333444553344553334555634655664666664
112222112232112332113334153334554444555466565446566666
111111122231222331242233444453644553646553646553666655
112222122324112344152334155534115534655334665344666666
111111112221332322332342533342554444566464566664555566
111111122231222331442335422435444435645335665555666666
112222111122131122333425344455334445366445366665666555
122222122212111113441333443333455366455556456556446666
112333122433112443112433152443152244552664566666555566
111112111122344222334222344455334556344566355566356666
111223121223122223113333133444544446546666545556555666
112222112222113332133444134444133344555555655665666666
112222111122314122314525344555334455333455634466666666
111122314112344112334422355442355442355562356566366666
111112133312433112443332443552446522446552666652666555
111112112222312224315524335554355664355644366664336644
111111121133422223425233425553425333445556445666466666
111122111123122223425523455533456553456633446636444666
111222111222131132433332434432444435465555665665666655
111222133232113332411332414322444445455555555666666666
111111112313222333442223444223444563455563556666555666
111111122212132222333424353444355554356544366554666666
112222113222113342133342133344155544555544566646566666
122233111234122234152234155534115534655334656644666664
111222111222113442513442533342555344553364556364666666
111112211112222222344555344555334445334465366665336666
111111221113222233244443245333245553445653455656666666
112222111122314112344422333444355445335555366655666666
111222131122333122331124433324444444555566556566556666
111122113322113222413322433335446655446665466565446555
111222131112331122332224333554535554555664666644666444
111122113222113332144332443332444552445556555666566666
112222111222111223414333444433444333555555656556666666
111122111222132232132334333344555544665554655644666664
111111211133223333244443244433255466225466255556556666
111122113222133332133422133424566444566444556666555556
111222122223122333111443515443555433565443565644666666
111111123113223333244433255443225544255446265556666666
122233112233112334122344125334155554165544665564666664
111111122221333321332222435555433555444556446666446666
111222113322111332133322433552445555444556466566446666
111123112223122233114223444443544433555536655556666666
111112331112333312443322443222544462544666555666555566
111112113312413322443322444332544432555562566566556666
111111211314223334233444233455223455224456655556666666
111122134112134412334442334452366452366552365552666655
111111122221332421322444325554355554335544366664366666
122222122233111233411113444433445436455536556666555666
111122131222431122433125443325463335466555466665446655
111111221113222333422233424333444555644655646655666655
111112111212322222333244353444553464533664555564566666
122222121132111432154432155433555463554463564463666663
111122122222111223413333444443455443555633566666555666
111112131212432212433222433355433555444555466665466666
111111122344122344123334222334253354555554556664666666
112222112233112443512243514443514333554463555566666666
112223122443112433112433112435662435644435665555666655
122222112332111132441132444433445433555536566566556666
111222111122314422314225364555364455364445366655333666
112222113322413222413555413335416635416635444655466665
112222113222133322133445133455163445164445666645666555
111111112222122233422333444335466335446665446555666555
111122312222311224331124335544335444635544666555666665
111222331242331442311442315542315542355446356666556666
111111112123442223442233452233455533466553446655666665
111111222211332441332444332445632245636645636555666555
111122113122413122433325433625436625436655446655446655
112223122333122334123334124444114555164555664655666665
122222121122121333111343555443555433554443654466666666
112222112232112233133334155534155434555444564466666666
123333123323122323142225144555114555144556164446666666
122223122443122243144443145433115533611553666555666665
111111121221222223244433445553444553664533655533666666
111112211112222222333344353334355444555544656564666666
122222122332113332111344133344155664556644566664555564
111112111132333332344332544422564442566642556662555566
111112112212314222344552334552334455633445636645666665
122222111112134412334412333442533344555554666655666665
111222111232112232144233443333455355455556444566666666
111122131122431222431225433335444335444555655566666666
111112331112333122333442355422555442555542666444666666
111112113222113222433332444332445366455556445666555666
111112331222311122333222343344544444555554655566666666
111122311112341222344452334452633452634455636665666555
111111121334122344222344233345236345266445666665655555
112223122443112443122443125433165443165533665555666665
111112331222331112333322443225444555445556445656666666
111222133322113222133332113445444445466455666555666655
111111122221123344223334255334255334555544665644666666
122222111222133244133344133344113444555666555666555666
112223144223114223114223114453644453666553665553666553
111112331112433122443352433552435562455562466562446666
111122113122113222333242344444345456355456355556666666
112223112233112433122433124443154643555644566666555566
111112111322133324553224553324533224555444656644666666
111111123331122333422233452235455255445556444466666666
111111233331223311224335244435226445626445666455666555
122222112233122333111333114443444456544556555566566666
111222111112133322334425334225344665344655446655666655
111111122222112222344444343444333555336555366565666665
122233112223114223144233144433145443155566555666556666
122333123343124443124443122243125646115666515556555666
111111222311422351442355422335423335446635644655666665
111122111122133222333322343445443455644455666665666555
111111221333221343521343523344522664526664555664556644
111111212211222222344555334455334665344465336465366665
111111123331224431244433254443255453255553256666266666
111122313122333122344122334125364445664645666645655555
111112113322311322333342555342555442554442544666666666
111122311122314142334442344222344555355565365566366666
111111222331223331222331244335444655444655466665666555
122233112333122223114253114453166453666455644455666455
111111122223112233422233444443455533455553465566666666
122233123334123334122434112444112454166655665555666655
111112344112344412334512364552364452366652336552666552
111111221113222233224233554663544463544663554463555666
111112121112322222344452345555344445366645336655336666
111111121123422223425533425663425663445663445563455663
111111221133421233422233425533425535466555446656446666
111222111122131322433322435336435566455556445566444666
111111213341233341223344223344255544225554655566666666
111112314112344142344442333342555322665352655552666666
112333112223122333122243144443145555145655644655666666
122222111222131112433313445333445355445555644566666666
111122133332111332441332444322445552466652466655666555
112333112223112333122334112244555544566644555644566666
112223111123144223142223144533644553644533666555666655
112223112423144423114423114523664523664533665553666555
111111211221222222345555344455344465334465333365666666
122222122322111334133334113544163554666554665554666544
111111122221223231223333443553443555466555446665446666
112333112233112333122223112444555544565564566664566644
111111121333122333223334222244555544566644566644555666
111112132112332212334222334444344544355555555666666666
122222122332112333111343151543555543555644666644666644
111122111222112222333333344443345555446555446665666665
122222133224133224133334155534115444115664555664566666
122222112222111344113345133445633455636445636455666655
111111222211233221333224355554355454356444356464666666
111111222113222133442233442333544436545466555566556666
112223111233122223111423554443555543555443664463666666
122222111322413323411323451333451555455556446666446666
111222113244133224113324133224533444555564566666555666
111222122222121334111334556344556334556334566664556644
112222111112311422344442335442335466355466335566555666
111222133322133332114532164532164552664455664455666445
111122133122333122333142355142555442565544566444666666
112222112233114223114243514443554463566463566663555563
122223121223121243111143554443544443555563566563666663
111112331122332112432222433355466355466555446665444665
111112311222313244313224333244553264556664555664556664
112222122322112333111134553334555344554444556466666666
111111212131222233244223554443554463556463566463556663
111111222231222231244531445533445553455563466663466663
111111122213122333224333224433444455644555666555666665
111111122222133422133442533342535344555444655566666666
111111233331244311244333244443225646225666255566555566
112222113324111324153324155324553324553644655664666664
111122112222111222333444344444355546335556335556666666
111222111232441233411223444423544333556366556666555566
111112311412333412334422533422536422556446556646555666
122222121222111133411333445533445336455566455566446666
112233122333122433112433112444152544555544565566666666
111223111223112223412553442533444533664553664455666665
111111121223122223422333443335443555444555646565666666
111222331112341212341222344444354646355666355666355556
111111223131223133233334255554225654625644655644666644
111222131112134412334422333442353542655544656555666666
112222111222111233441233444433544633564636566666555555
111122133142113442513342553442533422535426555466666666
112222112333112223111423554443555443554433554666666666
111222111233122223124433144453645553644453666553666655
122222123322133332143533145556144566145556145666144466
111112312212312222313442333444353544655554656554666666
111111211213222223244423444333455553465553465563666666
112222111232111132443332433532445535644555664465666665
112222113322133442133422113455133445644455655556666666
111111122221134422334222344445345555345656335656366666
111122111122312222334442335544333554355544656564666666
112222122333112223111333144536444536444556455566556666
111222112223122323133333114443544644566644556666555556
111112122222111222333333453336455556445556444456466666
122222112222111111333333343443444445555455665556666666
111111211313224333244333244435246445226665266555666555
111222131322133332113332414422444555445565645565666666
111111121234122234225234255334555334566634556634666644
111112311112333332432222434522434555444555465566666666
112222311112314412314422334442335445635555635655666666
111122311222311222314442334455366455336445636645666555
111122131222133244113244333254353254655554656544666666
111222112222112233144433143335443535445555646556666666
111111122221333321344422355462354462354466355466555666
122222132244133224113344155344155334115534555666666666
122222123332111342111342551344555344553346566446566666
111222111222122233113333455333445666455666445566444556
122222112332111332144332143335145555444445666655666665
122222112132111132445132445333455336455366445666455666
111122111222113332333222344445344645344655666665665555
112222133244132224133324111334515344555664556664556666
111222111122312224312544355554355654335644333664666664
112222122112111132333332344533664555644445666455666455
122222123322111332144533114553144453664453664555666665
111122112223111233442233455233455553445563445666466666
122222112332113332111332441355444355644555644565666666
122223122333123343125443125543115544115554665664666664
122222111112133322113332443536445536445666455666445556
122222133422113425133425113455133445134455664665666665
111122113112133332333422355442655542656542656544666644
122222123232133332131433111444514444555546555566666666
111111122123122223442233455336453366455366455566444566
111222131322131322133342153342555544656544666554666644
122222112332413332411132411335444635466665446555666555
111111222211233221334424333424334444555556565556666666
112222122122111132444133455533456533456536456536446666
111111112221222322333342355344556334556444556644566666
111111122113442233442233452223455333445555645566666666
111111112333412223455223455233445223455563456666446666
111111112222122222333334343444344454355555656556666666
111111122212123222333332344433554444555446555566666666
111112311222331124333324355224356244556644556644556666
111111112223122433222433254433555433555444565664666666
111111223331233441223541233544235544225446555566666666
122222133224113244133234113334511564555564556664566664
111111121133222433252433552433552434552444655466666666
111111122331222231244333254433254443556644566666555566
111222111132133332143552443552443522443555466656466666
111111111222333322333222344552344455446445666555666665
111112112112322222332445344445334455336455636555666666
111222111112331442354442354422354426355566335556366666
122222122233123334133344135644115664155564156564556664
111112131142331542355542354442355422365462365462366666
111222112232411232411332433356433556444566455556456666
112222112222132444133344133444133554135556555566666666
112222122322113323111333143355446555466565446665444665
111111122213124223554223554233544663554633544636546666
112222111112314412334222344445344555355565336665366666
111123122223142223145263145663145563445563445663455663
112222112233144235144235114235614335664335644655666655
112222122344123334123334123354115554515644555646666666
111222113222133332144532114532444533466555466665466655
122222122332113332411133455113455553444456466556466666
122222121232111432111435664435664335664355644355664355
123333122223112223114233114553144555444556465566466666
122222112332142233144443114543144533155553655656666666
111122331112331222331442534462533462554466555446556666
111111122221324421324422354444355455335556366656336666
122223112233112223411113453333456666455566445566444556
111122112123112223422333443355444335446655646655666655
111112113222113322444332443332455352455555465666466666
111112111212333222433332433552444452455555446566666666
111111122221344221344422344442335555335555365666366666
122222122333123334125334155344155544156664155664166664
111111213114233334223334223444524446525666525666555566
122222112233112333142333144435144555164455664655666665
111222122232143232143333143435144445146655666555666655
111111122212132222432555433535443335444365644665666665
111122111222312242312444355644335664335664355564355666
122222111122331112331442344445334555344555366556666666
111222111222113332143332443532443555644565644565666665
112222112123411123451223455553445333445553446663666666
122334123344122334122234112334156644156646155666555556
122222112332122333111133414553444453455556445566666666
111122122222113332133432135466335466555466554466554446
111233111223122223114423555423544433554436555466666666
112233112223144423144423144423115523665533666555666655
111222131222331112341442344442354666354666355666355555
111222122223111223441133544443566443566463566663555553
111111212113222333242533242553446553446653446555466666
122222122332124433114533144553114553614553644655666666
111223142223144423144223114253164453666653666553655553
111112131112332222333322443325444455444555665556666666
112222111223111223414233444443554433555553566663566666
112222111222113223143333144335664345664445664555666555
112222111222311442331442331544335554335544555666666666
111112334112344412344412333442355552355222556666566666
111111233114223314233444233455234445255555256666266666
111112133122133332134422433442444452655552665555666666
112222111222131224134444133334335344555546556666556666
111122311112313222333422344442335644555664555564566666
111112111222314222334442334542334545634555636655666665
111112133112333122333322444225444425446655666655666555
111222331222311222314444311454335554335544666555666666
111112133122113332444332453322455226455566445556466666
111112311112333222322242334444355544355554666554666666
112223122223124333124355114335114355644555644456666666
122222111232111132133332455333445666455566444566445566
111112112222314422314442344452355456355556333566366666
111111221211322222344442344455333455335456635556666666
122222122233123334133534155534115444165564165564666664
122222111223111223114443444333554443555533566556666666
111223122233122233112334115334555444565544566664566664
111112331122311422344422345522344555346655346655366666
111222111223112223412533444553466653465553466653446653
111223111223412223411223455563445663455563445563466663
112222122332112132411133444443554633544663555666555666
111122111222132242133342333444536644536644566666555555
112223112223142333142533142533146555146665444665466655
111122112222311142334442335442355446356646356666355556
111122133132143332143332144222444425465555665655666665
111222131222133322133324135554135664555644655644666644
111222122222133323113333411435444445465555466555666666
111222111122331122333442333442553446555466554466556666
111112112222132322132334533344553644566664555664556644
112222111112131442333442355542356642356644355664355666
111222112222113232113334556344556334566634566644555644
111111222211233221243355243555443555463335466666444666
111222131124131124332224333324355544655544656554666666
111122111332413322413332443532445552455552445666666666
111122111222314225314225334455344655344665334665366665
111122133122331112333222443352444556445556465556466666
122223112333112334112334122534155544666544666554666554
111122122222122333143355143335144635444665464655666655
122222111112111322333342353344555364565664565644566644
111112131412331422344422344442355552355552366566366666
111112111122222222333344353344355544356644556664556666
111112131222133222143322443555433655436665446555446666
111111122221122324223334533344553344555664555664666664
111111122221222331423333423335445555644455644665666665
122222122223113333133345113445144445144555666555666666
111222131212331112334222344555344555364445364655666666
112222122333142223144333144443145543165555166555666666
111112331212331212332222333444555444565664565564566664
111222131222331442311142334442333444555666555666555666
111111213311222333223333422555442445644445665555666666
122222111223111223441133444443454533555553566563666666
122333122233144235164235164235164235164445164655166655
122233122233122233111133441143444444555555655566666666
112222112223413323411323415333415555445665446655466666
112223122233112234112334153364153564555564556664666444
111112311112333322344332444432564442566662555562555666
112222111112134122334442344542344556355566335556366666
112222113322113222133334134444135544555544556566666666
111222311124311124333324355324355224655554656444666666
122222113242133242113344113334515364555664566644555666
112222111222111223414433444533445553465553665653666663
111111233331233431223431224445224645264645666665655555
111111221113223333223343522243554444544664555566566666
122222112324122344111344515334515334555534665634666666
111111222221233321223331445533466553466655464655444665
122222111233412223411133455133445533455556466566446666
111112111222331242355244335244335254335554665644666666
111111212113222233224333524343544443544666555666555666
111112111222341522344552344452364452366455336556336666
122333112223122443122543111543616543666543655544666554
111222341112341112344222344442334566355556356656355666
111111111222333422333442553422533442555544666554666666
112222111122311122333442344444355554366554336655666665
111111212311222334222344253344555364555364565364666664
111122112222122344123334133544335554355554665644666666
112223122223124243144443145433155433165553165556666666
112233144223144223114223144253146553146553666653666555
111111233111233334223334522244522446555466554466556666
111122112222112322145333445333445363455566445556466666
111122131112431322433322443322543466544466555666555566
111122331112433112433552443522433522445556445656666666
111111231311233333224353244555245556245566244446266666
111223121223122243125543155443155543655443664433666666
122222122332144332144433114533144553145555166556666666
111122113112143322443225433225443555443356645556666666
122333112233122433122433112444511554555544556664666666
111122111222113332443222443555443665433665436665466555
112333112334112344122334112344222445666545665555666655
122222121112111332144432443333444433555555555666666666
111111231414233414233444223345233645266655266655266555
122223121123111123144223443333444435664555666665665555
112222111332413322411322413333444555444555666555666666
122233122223144223144443114443111333555556565556666666
111111222231222231332331433355446655466655464655444665
122233112223111223111233455333455555444665464465466666
122222112222311144331144331444335554355654365655666666
111111222211223221423333455363445363455666455566444566
111111123113223333233434224444222454555456655556666666
111222112223112223144333144443444533665553665555666665
111111122223122333122233444333544466545466545666555566
111111112221332322333322344342444444556666556666555556
111122113132113332333432544442546642556642555642556666
111111222211233221443322433333444555455565466565466666
122222111222133332113444153334153444555544565666566666
111111121231222233224333244333544466564446566666555555
111222311224311124331224355254355554335664365644666664
111112333112333312434312444522446552646652646552666555
122222122323124333144355114355114355614365644465666665
111111222211234241234245234445336445366655333655666655
122222112223114233114443144333144433555566565556566666
111222311222331242331244331144533544555544566556666666
122333122333122243124243114443114544165555666655666655
111112113122133222443352443552643352643555644455666666
122333122333112333122244124444111554555544656556666666
111222122223112243114443515433555443654463655563666663
122222111112133312133332443532445566445556445556466666
111112311112322222324452334555344455336455366445666666
122222111112331222311455344445344555344665333665666665
122222123322113332143535143535144555146556146666444666
122223111223141223441233411333444553455556465556666666
111111211212222222333334333444354444655545665555666666
122233112223114223144233144335145535145555644665666666
122333123333123344122224155524155544115546615446666666
111111112133422333422223422533445553455556445666466666
111112112112222222333345333645336645666445664455644555
111222122223114223144443114333544433555536556666556666
111111122221122322423333433355435555444455466456666666
122223122233112333112333114455144465446665466655466555
111111121221222223244433544333554443554533655566666666
123333122233122443122243155543165544165444165556166666
111111122221122222333444334455344555334455636556666666
