111111221231421233422223444433456433456636556666555556
111111121331223334255334255534256634255644256644266664
111122111223114233544223544223554433555433655466666666
111112133312132222133422334442355644555644555646566666
111112113132333132443332452222455552444555464665666666
111122111222311232333332434352444456454556455556666666
111223112233122223111233445533444553445555644566666666
112222111123122223133333134344554444555644566666555666
123333122233122333122444125444155554115544166556666666
122222111222311244311544315554335544355546336646366666
111111212221212334222334333334555444555544655646666666
111111221311233333222433224434254444554666566666555556
111222113322113322143332144332554444554646555666556666
111111222221233211223444333444353354555554565664666666
111111122131224433254333254433255436254466255466556666
122222111233112233412333415336415666455566444566445556
112222311224311244312244315554315554335664365564366666
111111112231442233422233425553425663455563455663446666
111112311412314442354442354422355522356526336556366666
111112112222312322313342333444355554555444655664666666
111112113312333212332222334425444445665445665555666665
111112333112331122332222334425444555455565466665446666
122222123332123432133433111455411455444455666555666666
122223111223112223133333114435664455666445664445665555
112222112122111132433332445533446533466555466665446655
112222112223122333113334113434555444566644565646555666
111111213141223344233544235544233544223555265566666666
111222112222111332414432444433555443555563665563666663
112223122223111223411133444433445533455555466665666665
122222123223123333111143155443165443665544666554666554
112223112333122333142233144255114455444655466655666665
111222133322113222113332143355446665446555446565446665
122222122233123333133453114455114555164455664445666666
111111221213222213442233455553455553466533446636446666
111112331412311442333422333442555442555642566662556666
111222122222112333113333413566453566455556444566444566
111112313312333112343222344222444455455456655556666666
112222111222111232144333445553444553445563655663666663
111122112112132222333424334444534544533566555556666666
111112133322111332433322435222455555454565444466666666
111112131222131242335242335244355554355664356664666644
111122133122331122341222344455344556344456355556666666
111112113322133322133322435522446555446655446556446666
111111122221122223433323445333455355455556444466666666
111112113332133222133242533442554442555446555466666666
111123111223112223442333442233455553466655446665466655
111111122221123322443322544333544336544666554666555566
111222133222133222113444113354533554555564566664666644
111122111112332222332244333334555554655554666444666664
111111121341222344223345263345263445263345666645665555
112222311224311124311224333344555334565554566564666664
111111222221223211423355443555443335446355466365466666
112222111222314442311442351444355545333555663356666666
111111233311243331243335245555246655244656224656244666
111111122133122233224223544463555463544463556463556666
111112312112312222333442536442536644533664555564556664
111112122222123322114335444355644355664335664435666655
112222122233121233111333143355444445644455666665666555
122223112233112223114333144443145553645555644655666666
122222122333122343115543155443154433156446156646556666
111111112123422223455233445223455533445536445636666666
111223122233111223411223444333455636445666445556555666
111222112222111123444423454433455533456336556366556666
111111221213422213442223444533644533645553666553666655
111111122331222341223344223444333445666545666555666555
111111123333123333123445224445224445224665666665665555
112223112433122433122443112433154443556646555666555666
111111223311223331244333244443244455255555256656666666
111111122221322221332444333444353664355644555666555666
111112131122133324333224355524356524656524656544666644
111111121221322222333244344444355454355556355666366666
122222122333122133111133441334544444555664555666556666
122223123333122233142433144445146645146555166655166655
111222113222113224513234513334533664556644556644556664
111122111122133322333224353624553644555644565644566664
122222123222133333113443511143555144566664556644556664
122222112232111332113334513434553444555664556644566666
122222133222113332113334155434115444655554666554666664
111112331222331122333122443325455555444565464665466666
111111122233122223122333444333444555455565445665666666
112222111222111332414432444433455553455653665653666663
111122122222133242113444513334533344555446555666566666
111111122222113332333442334422536444566644566666555555
112222112322113332113332415535444535466555466665444666
111122311122311222332244335544333554655544655644666666
112222122324112324133344155344153334155544556566666666
111111112122322222333342353344355554554444655646666666
111122112222311122344442335444355644356666355556335666
111111122123122223425523455333445333465555466666444666
111111111222332224342224344444333334555556565566566666
111111221221222231233333334443544666554466544666555556
112223122323122323111333411553455555445456444466666666
122222132332133322111333144455114455644455646655666665
111111111223442233442333442233452563452566455566556666
111111112333412223445223445223445263445563555563666666
111112113122433122433322443332444552664555664555666665
111111121231422233444233422235444635646635666635655555
111111122331123333224433244453224455624555664555666666
111112131312431332433332422222455555456655444656466666
111111121333122233224223424333444555446555466665666655
111111223111243333244333224453224555624445666655666655
111112111122332222322444333444353354555554565664666666
111112133222113332144332554322554326544446554666556666
111122113332111332444322444332444322555566566666555566
111122122222111223144333444353455553445563455663666666
111111222133221133223334225344555344555544665446666666
111112111322133322333324355524655224665544666554666444
111111213113233333244433244444222554225555666565666665
112222122332123333124355144335114445614555644565666666
111222111112333132333332444442455442556642556666555666
111222111222331112333322344335664445664445665545666555
111122133122113122443332443532455532446555466565466666
111111111222333222334442533422553444553644566666555666
122233112223122333123343111144555444555464555664666666
111122133112143332143322445332455552466552466556446666
111222112232411233412235413335443355466665446655466655
111222112232111232133233453336455566454556444556446666
112222111122111322433332433335444445466655465555666665
111111121221222233224333444333455636455666455566445566
111222113332113232133222143445643455644455664655666655
111111122121322224322444333334355534556554566664566664
112222311224311224331124333154633554665544665554666654
112222112223111243411243444443554533555553566633666666
111112121212122222333444333354336654666654666554555544
111111233144233114223444233444223555263555265565666666
112222112232111132144332544333554463555463554466566666
112222133242113244113244133244133554636554666555666655
112333122233111233411235412235442555444565445566666666
111122331222431112433312433322455555444565464565666666
111111121213422223422233444433444533555553655656666666
112333122233111233112243512243544444554466555566566666
111112311112322222332244355544335544335664555644666666
111112112222312242314442334544334554355566355666356666
122233112233112223111233415533455556454656444656446666
111112131222131222333332443552443556445556445566466666
122222111123412223411553415533445553466533466536446666
111222111122132223132333433355444455644455664655666665
112222133222113232413333411135455555444455644656666666
111122112123122223144233444443454333556663566566555566
111112131222331122334552344452346552346655346556446666
122222111112133332134432133432444445455555556665666666
111222331222311242331142351446355546354446355646556666
111122113332113332413222443225443555446665446555666665
111122113332133222132224133544663554666654665554655444
122222121112111122333344533334556634566644566664555544
111223111233122233124443122443544453555453665556666666
112222122222133334134444134554134554133555166556666666
111111221131223333222223455533445536455556446666444666
111122122222111322133344333544355554356664555664666644
111222111222131332133342533342544444555664556664556666
111223111233144223114223544423554423554563655563666666
112222112223112243114443154433554443555533566636566666
122222123224123444113444133334115634155636555666555666
111111122211222333233333244434245444645555665555666666
112233122333122223111123145553444563455566455666444666
111222331122331112331422333425644445646645666545665555
111111121333221435222435242435244435664435666635666555
111112333112443112443332443532444522666552666552666555
111112131142331442333422354442354622354626555666555666
111111222211233221334244354244354446355556355566366666
112222111222113242113344333334555534555644556664666664
112222122232113332411133413335444655446665466555466655
111122131122331122344442344442345552335655635665666665
111112131122132222332244335444335446355446556666555666
112333122333112223111223441523455555446555466666444666
122223122333122233111443114433144555445555466565666666
111112311412341422344442334452335552335522655566666666
111122113332133222113244533224536664566644555664555644
122222112222113334511534511534555534665334666634666444
122222111222331424331444331114335444535666555666555666
112222112232112333112333414553444453446555466555666666
111223112233122233145223145333145556444456465556466666
112222111222111232144433444433454533555536556536666666
112222111112331122333332445332445556444556465556466666
111222131122134422134225134455334445336645366665666555
111111233331233331244431245455245556245656244656226666
111122311222311124335524355224355554333544666644666664
112223111223122223143333144435144535444555666655666665
111112312112312222333442334442334455644555666665666555
111222131122131122333224355544335444365554665654666664
122222112122111132433133443333455555446655444655666666
111112131312333312344222342252345555644445664555666666
112222122232111132441333441435444435666635666535665555
122222123333122343152443155543115443155446155466666666
111223112223122333124334124334144444555566556556566666
112222122222111133413335413355446355466355446665446665
112222122223111123415133455553466653466653466653444453
122222111232113332411332441355444356455356445556666666
111111122231124233424223424333444355554356655556666666
122222111123441223441123451333455336445636545666555666
111111213113233333224353224555224545244445666465666665
111111122233112223222443555433554433555463544466666666
111222113222113222133334156344556334566644556644555664
111222131242131442131542335542355442355446365566366666
111112113112333332345332445222445226455556456566446666
111122112123122223144253444553455563456563456663466633
111111122211332222333332444332454444555554666555666666
111111122131422533425553422253424553444553646633666666
111111122213442213422253425553444533455533466563666666
112222132222133233133334144444155454115554665655666666
111222111132141332445532444532455532445332655366666666
111111223311244331244333244353244455266665266665265555
122223112223122333113343153644155644155664555664566644
122223112323112333122343114443144544665545665555666665
112222111122311142333342353442354466355446556646555666
111122111222311222333442353346355346554446554646556666
111222112232114232114432544333544443555533665556666666
111111212131222233224433244443444333555666556666555566
111112122222113322133424534444533446533466555566556666
111111222211322221333324335554335544655444665564666664
111111213331213444233554233354225554255654266644266666
111111213441233341255344253334253644255646255666225666
111111222221232321433321433555433565445566445566446666
123333122223122443112243114443144543155555556666566666
112223111233141223141233544223554663544663544666555566
111111223311223331233344222344552446554446555666556666
111222331222331112331142333442566644566664566444555555
111222331122331112433312443522453566455556445666445666
122222111223111233141243444443546433566336566666555555
111111112123222223224433555433565443565433565444666666
112222312222311112344411344455346465346665336555366655
111112313122333112343222443352444552455566455566466666
112222122322111332413335416635416335446555466665444655
112333122223112233122333145555145455145465444466666666
111112112222112223444233454333454633456663456666555556
111111213333211344222334252534255534265444665554666666
111111221221322221333244333354553554555564666664666444
111112111222312224333224353344556344556364556664556664
112222132222132334133334113444115444555546655556666666
112222122332124332114333514433514666514666554446555566
111111121333122233224333224443524446564466566666555555
111112113322413322413222443552433655443655466665466655
111222113322113222413325413555443335644455646465666665
111223112233112223411223455633456633455666455556444466
111111211133222233422553422553444533455536446566466666
111122111123122223223333444533455536445556445656466666
122222112333122243114443111433444433555556556556666666
111122133112133122334422344422344455364555666555666665
111122111332441322441322443322543336544666566656555556
112222111222113242113444553334533534555534566644666666
111111122221122334522234533334566634555634556664566444
111111212133222133244333244443244553264555665555666666
111111122211223444233334233344223544555554666655666665
112334122344122334112234122334115344555546565556666666
111122113112133222443252433255433365444665466655466655
111112131122431222433222433355433555444655644665666665
112223112233111233414233414235444235446555666665666555
111112311112333332333422554422554422554444566666556666
111112113312443312433222432252433555445555465666466666
111222122222123333133344133444115544665445665555666665
111122113122413222413332443332455535445555644665666666
111112313312333112443322443522465552466552446655466665
111111221331222341253344255344256344256364556364556666
111223122233144223144223144333154443155555655566666666
111111122212133222333442333442354444655554666655666655
111222122233123223113333113444555466544446546666555566
111222133332133332144432114222514444555546555666566666
111112122122132222133344533334555534655544656444666666
112222111122131224133324533334555534665544655644666664
111122331222331122431122433335455555466665464655444666
111111213131233333244335244555244445246665226665266655
111111112221333222332244335254355554365454665444666666
111222131122131222133324333444355544555544566546666666
112223112333122334112234155234155634555644655644666664
111122122222133245134245134445136445336455336665666655
111111112133222233442333442253462653466655466655446555
122222111122111122333333343445643445644455666655666555
122222122323121333111134153334554444554646554666556666
111111222111223333223344522334566434566444556664555566
111111122344122344123334222344233345666545665555666655
111111211123222223245553245553445653444653644663666633
111111222211222213244443443333445633545663555566556666
111122111122132222433332433335466655446665446555446655
111111122221333421333422334422354446555646556646555666
111222111112334122334425364425364425364455366555366665
111111122221223331222344333344355554555544566664666664
111112112112332222332442333544663554653544655554666664
112333122323122223111243511543555543556444656444666666
111222122223111223113333444433444535645555646555666666
112222113332113322143322144335164445664445665555666655
111122111222311322333322344445344555344555646665666665
111111211133233333224353224455224455266445666445666655
111222122233112223411133444443455433455536556566566666
112222122324111324133324113444333444566666555566555566
122222122332113332113333114444514666554666554446555566
111111212311222344222344255344555346555346533346666666
111222133222133242113342153344153444555466555466566666
122222123224113324513344511334551334551664655564666664
111111121233122223223333423553445566455556454666444666
122222122322133333114433144443111444555556566656556666
111123112223412223411523444523466533446553646653666555
122222113222133332143433144443115546155446555566566666
122233111223122233144235144435145335145555644665666666
111111221134255134253334255344225334225344655664666666
122222113422113442133342113444133354555554556566666666
112222311212331112433312434332444445666545665555666655
111122133122143332143222143255443355644445666655666655
111112133332133222133242153242555544555564666664666444
122222122212111111333333334443444444555555656665666665
122222112223111423154443154443154343655333665555666666
111111121223122223422333443333445555446665466665466555
112222111234122234112334153344553334555644556664566666
111111222231244231445231455233445233645553645563666666
111222111112334212334222344555345556345556344666346666
111122311122311222333244333244355546554446555466566666
111111122222123322143332443333444444555555556666566666
122233123333123233122244156664155664115644155664555644
112222111223411223441123455333455336455636455666445666
111111222111222233244233444443543333545555555666666666
111222131112134422134225334425344555344566355566366666
111111222113244313224333224333254444556664566666555556
111112133312432112432222433325444365446665466655665555
122222113222133233113334114434514444555466556666555666
112222112233411233441223411533445553465553466556466666
112222133232133332131432111442444445665455655555666666
122233122233122233111143144443155543555544566646566666
111223111223111233222233444435664335664455644555666655
122222123322121333111334113354665554655444655544666664
111111112233142553442253422253425553445533644636666666
122233111223122243112443115543665543666543655543666544
111222111112313222333244333254535554555444665464666666
122222123224133324113334133544111544666554666554666555
111222131332133332134432154442155422665444665555666665
122222111122133122113444533334553344555444555666666666
111222111122113442333342333442355442556646555646556666
111223122223144423111423144423544553555553656633666666
122223111123122223144443154443155443555333555666666666
112233111223111223142233444233444553464655666655666555
111112122222113324133224333444536444536646556666555556
111111122211322222323444333444334454355555665556666666
122233124223124553124453124653114653114653644653666655
122223122223111123455113445133445563445563455663466666
112222122222113333113433113445663455664455666455664455
111122133112113222443325443325444325464355665555666666
111111122133124433224433224433524436524666555566555666
111111233111234444234344233354225354225555625665666666
112222111232441332441322441335461355463355465555666666
111222122222111323113333444353444553455566456666455666
111111112221322422342425344445344555366655336665336665
111223441123411223411223444523644523655553665653666653
111111121333122223422523424533444533644555646565666665
111111122311224333244333244335245555244555264566666666
111111122131223333244443244443224533255566556666555666
111222331222331122433112435516433566455566454556444666
122222111332111332441322441333445553445566455666556666
112222122324112344112334133344155334556664555664556666
122222133222133332111134114334544444555554566656566666
111223121123122223144423144443555443655553665563666663
111222122222113442133444113455633455633445635555666666
122233112233112223111233451335455555444455644466666666
111111211133222333223334224434254444555554566666556666
111122111322413322413332443332455552455656456656446666
111112133312133322133222435226455556445556446656444666
111222111222311224315244335544633554635544633554666666
111222111322441322441322431355433356445356455556666666
122333122433124433122443112243155644155664156666555566
112333122223123333122243144445166445166645165645665555
122222122333123333123434111444114444556666555556556666
111111121333123344223345233445244455246665226555666665
111122112223144423144223154423554333554636566636555666
122222122232133333113344113444514466514666554666555556
111112112222113322333332455332455555456666456666444446
111112333312431112433352443552455522445662445562666666
111112133312133312435222435266435226445666445666445555
111111222111322222333324355334355644556664556644566644
111122311222331112433322435362445366455556445556446666
111112133312113422333422334442555422554446655556666666
111112113322133322134322334225444445646545666555666655
111122111122312222332444354444355544335666355666355666
122222111222111132133333445366445366445366445666455555
111112111132333332333422544442545442555422665556666666
111122311112341222344442344442355552355666355666335666
111222121123122223144433143335445335445555646556666666
111112113312333312443332445222445225465555465566466666
111111121222122233422333444353444353645555645556666666
112223411223411223411223441333445353445555655665666666
111111221131244433254443255433255433255436225566666666
111111212311222334233344223444233546555546555646566666
122222123322123344113334111334516644556444566666555556
123333122243122443124433124453124456111556555556666666
111111222211222221333333334445344445664555664655666655
111111122331222231422233443335444355644555645556666666
122222123232133332111333114444155444555564556564666666
111112122212133222133332433555443556445556466656444666
122223112223112233114443144443154543555553566653666666
112222112222112333113333144443544443555466555566566666
112333112333112223112233122455666455644455646455666445
111122113324133324113324553324556224556264566664556644
112233111233122233112433122453444455664555644655666665
111222112222133223133333145536145666445556445566444566
122223112333122333122334114444114544555546566566556666
111112122122112223443233433335443555466565466665446655
111111121333123334223234222234555444655554655664666664
111111211133244443224433244435223335255555256566666666
111122331112311442333442344452346452366652666652655555
111111213331212233222443224443444533664555666665665555
111111122223122323142323444333455536445666455666455566
122222111123111423155423665423665433655443665543665443
111112131112333332333222444222455555445655446665466666
111222111122334112334442344522344555345565336665666665
111233122223144233114233114223444553464555665555666666
111122111122333132443332433552446652444652466655666555
112223114223114223144233144235144335646365666665655555
111222131222132244132444133344155334665534655555666666
111222111122131222333323444333455556444566455566456666
112222132332133322133324155564155664156644156444556664
111111123144123344223554233554235554233564266564266666
122233112333112223142523144553145553144455664456666666
122222133222113324113444133344115354555554566654666666
112222112323112333122333114435444455444655666665666555
111111222231242231244231443333433556455556456656456666
111111122113222223444223454453455553455533466336666666
111111121333123333422553426653422655422655466665444465
111122133112133322132222333445444445464555666665666555
122222123244123344123334133444135664155566156666155556
111111221333221333221344225344525344555546556446666666
111111222211333214333244533224553244566644566664555566
111233111233121223122223445333455555444565444665666666
111111123313123333224434225434255444225646555666556666
122222111232133332111332415336455556456556456666444446
111112111212334222334222344444335445335555665665666665
111111122222122332143332443355443355644555644665666665
122233112223114223114233114335444635446665466565665555
122222122223113333111334115344555346554446556446566666
111112131222133332144352443352443552466552446655666665
122222123222133333144335114345144445116645666655666555
111112113122433132443332445332445522645552646655666665
111111112222134442334442355462355462335462335666555666
122233112333122333122243115544155544155544656644666666
111111122211322244325224335444635454635554633355666666
111111221221322221332444334455334445633465666665665555
111122111223411223442223455533446553466653466553466653
111112133332111332444332454362456662455622445662555566
111122111112222222333334334444354544355546556556666666
111111213313213333243356244556224566244556245556244666
111111222133421133423333422553442555442665644665666655
122222111132411332411352433352443356455556445656466666
111111122311422333442233422335442535445555455666666666
111111112222312242333242553344563364563664566664555544
111222111123411223455223456623455633455663455633444666
111111122211323222323244333344535444555546556546666666
111222133322134322134422134455134555134665644655666665
111111121333221333244343244443224546225556555656566666
111111112222314425344425344225334425633355636555666666
111222131242133242133442133542133544666545666545666555
122223112443112443112243112443554453555553666563666663
111112111222133332435332435322455552444556464456666666
122222121232111233113333415533455566444556446556446666
111122333112311122334442344542344552364552666555666665
122223123333122223111333441115444555446655446665666655
112333112333112334112234515224555224556444556664666664
111222111122133122333322334345444445466645665555666655
111112131322133332143222443252443555444655646665666655
111112112222133222133245334445344545345555346566666666
111112311122344122344442333442335542365552665555666666
112222132222133332111333144443154444555554566556666666
111111211333212233222333422535455555444545664446666666
122222111112111332333322444333544666544666544566555556
112233122223112223111333415366455366455666455556444446
111112331312333312443312455522444552664552644552666666
111111233114233314223334225344625544625445625555666666
111233112223112323112333422535444555445556444566666666
112222112323112333412355412355414365444365466665466655
122222111222131244331144331554335544633544666555666665
111122131112333312334442344222345562444566555566556666
111122133124133224133244133224535524555644565646566666
122222111322113332111332433344444444556666556566555566
112222111132111332455322455332445533444553466656466666
111111221313241333244433225433255444255554256656666666
122233122223111223141133541333544444544666555556566666
122223111233122233123334111344544444546666555566555666
111112112222122324152344555344555344533364563364666666
111111211331222344233334253344256664256664255664555564
112222112322412325411355413335413655443655443656466666
111111213333211233222243524443525443555544556664666666
122222112233111233141233441433544436555466555466556666
111111221133221333233344222344244445655455655556666666
122222112222111133144333145553446533446553446655666665
112223111123112223412233455533455336455566454666444666
122223112223111123411523445553444553466653446653666653
111111121213222223244333245553445533446553446556666666
111222112223112223114433554443555543565443665643666663
112222122233112233133333145555144555144445646645666666
112222132322133322134355134356144556145566145566444666
111112333112333112443332442222445552455556465566466666
111111222211332221344425334425334445336645666655666555
111122111112222222344455334445334465333465636665666555
111122111222311322333342533342555544555544666664666644
122222122332111332144433114335614435664555644655666655
111222111222131332133332443532445566455566445566445666
111122344112334122334112344422344552355566356666555666
122222123322123334133334111144155644555644566646555666
122222123332133332134432144444154546155556156666155666
111111121133222233222233444553444533445556465556666666
111112131222133222133442333442553444555446566666555666
112223112333142233142253144253114553444556455566666666
111122133122113332133342553442554462554662554666544666
111111222111222233244233444333554463544563555566566666
111122131332133332134322144225444425446665666565665555
111111111222322242332444352446354466355466335666355556
122223122223142433144433111443151443555563556666556666
122222122223111333143343143345144445164555665565666665
112333112223412233412223415533411555446655446665466665
111111222131232133233333244444224554555544556666566666
123333122233121223111223114443444445465555665665666655
111222111233122233124233144443544643545663555566556666
111222331122331122433125433125435555444556444656666666
111112331112334122354422354226354426354466355466555666
111111122333112223222333442433444445666455655555666665
111122311122311442344442355422355442355566333556666666
111111231113233333234434224444244556222566555556566666
122233111233122233122443144443155443155466555666556666
111112311122321224322244344444333455336665666665655555
112223111223144423114223144423445553655553666553666663
111111112213222333242233542333544444555664565564566666
122223123233123334122334111114556644556664556644555664
112223122223124443124433154443156643155663155563556666
122222122232114433144433144443155663156663155563555666
111112311212331222433332444432546432546666545666555556
111111233311222331422333422253444456444556555566566666
111122111122331222344225344665344655346665344655336655
122233111233112233411233415223455556445656455666444666
123333122343122344112344122344125554115554666555666666
111111223331244311243333244435244655246665226565666555
122222123244123344123344133444133555155565156566166666
111222133222133322144332114335144555444455665556666666
111112133212133222143322443332546666544466544556555566
122222112322111332144433143333145566445666445566555566
111122331112333312333212444222444566444566555556556666
112222111222111232133333334443544466545446555556566666
111122133322133322113332415552445652445655446665446666
122222122332111132441133441333444435455555655566666666
111222111232133332133322134425444555444555664665666665
111122313122333122431152433552435552455566444466466666
122222122112111132133334334444344545345555665665666665
111122111132413332455332455332445632445662455562466666
111111212211222333233333244536245566444556455566445666
111122112223112243122443444453455553456633556633566666
111111122113223333233433244444222444555666555666555666
111223111223122233124233154663554633554666554666554444
111111112231222333422333442233444566455556455566456666
111111222133221133222333244343544444555466555556666666
111111112223144223444223454423554623555633565663566663
112222122322121344111344133344335344555554556666566666
111111121122322222324444333454336455336445666555666655
111112113322133332143552443522443522444555466655666666
111222131422331422311442331442335466355446556666555566
111122111112333322333422335442555442565544565446666666
122233111223111233141233442233444456455556455556666666
111112133312113222333244352244355244555554566644666666
111111221311222333222333244553445553446655466655446666
111111212221222231233333334345444445646665646555666555
122222112332112233411333441133444444566666565656555556
111111222133222133242153245553445553444553644663666666
111122122223112223133333134443555544555554666444666666
111112111322441332443322443552433352466552466555666665
111222341112344112344122334225344555345566355566366666
122333123344123334125534125444125544125666125556166666
111112312122312224315424355424355444335564355666366666
111111122211223334223334233544235544655554656654666664
111111123313122333422333422256425556455566455666444466
122222111223111423144423144333445336455366556666555566
122233112333112334152344152364152264156664555664556644
111222112223111223441233455533444553445533466556666666
111222113322113322411332444332455536445556465556466666
112233122433122433122433112434114444555556565656566666
122333112333122334122234115244115554665444655554666666
112222122332132233133334155554115544165444665544666666
111122133112334122334122344422334444555555555666666666
122222122332111132143133143335444655464655464655666655
111111223331233311233344222244244444555566566666555566
111222112232122333112433144433544443545555555666666666
111111211333213343233344255444256644255664225666255566
111222133422133422134442134442133345166555666555666655
112233122233111223144233114253444553455556455666466666
111122113112143322443222433562433566435556455566445666
111222122232121332111334555534555334565344666444666664
122233122233124223144433144335144665146655166665165555
112333122344123334122334124444122554155556165556666666
111112333112343112343222343255442255466555466565446666
111112113322133222133222433555443555444455466465666666
111111121221222223243333544336544436544436566666555556
111112111322133322434332444322444325664655666665655555
122223111233111233122234155534555334556444566444666666
112222112332412332411132444133554336544466555566556666
122222112223113323113333411435444455464455666665666555
111122111122122222344444333334355554366544365555666666
111222131112431122433332455322453366455556455666444666
112222111232441233411233451233456663455663445666455556
112222122333122233114433155443155543155444665546666666
111122131124132224135224335524355644355644355664366666
112233111223411233411223444233445235445555666565666665
122222121223111233133333114443555644566644556644555666
112222132232133332131432111435444445666645666645655555
122222122323143323143333144444155445115555615566666666
122222121324111324551324511334533334556444556466566666
111222131112133212333222345555344455345556644446666666
111222131122131222331245366645366445364455364455366455
111122122222122334113334133434563444566464566666555555
111111112222122322423333444443444553655533666555666665
112233122333112333112344122445124455644455666665666555
111233111223111223444233442223455663445663455566555666
111111123114223444223344223334526634526634566666555555
112222122322124333114335114335614355664445644555666665
111111222211332441322444325544325554336554366655366666
122222123322111332111133445333455555445556444666466666
112222312222314442311144355114356664355664335564355666
111223122223111223114323554333554443556444566646556666
111111122133122333224333224535244555644455664465666665
111122134122134122134425334525334525344555364566666666
122222121223111123411333433353444555644455645556666666
111111222211223331222334333344544444555564555566666666
111111231441233341233344253344255445255555266666226666
111111121221222222334444354554354544355556333666366666
111122111322113322333422334424536444566644566666555555
111122111132143332444332443322443522455555656665666665
111111123333122333142223444423546622546666544656555556
111111112213222223242333444435445335645535646555666666
122222113322113224113344511344553334556664556644556666
111111122212333212333222333444554446556446556646555666
111122131112333122332224333244555664566644555644556664
111222311222341122344112334444344555355566355566366666
122223124423144423144223145333145633115666155566555666
111122111123122223422433444453466553466653465653665553
111111122221223321423555423556443356443556433656446666
111111121133223333422533425553425555426656424666444666
111122111122312222344245344445334455335555335666666666
111112131122133332333222434552444452666455664455666655
111122122123122223133333133455644445644555644565666665
122222122223113333133345113445114455644455664655666665
111112113122413322444322444332455532455533556566666666
111112131222131222433332453332455556455656446656444666
111122132222132322133333114553444655446655446665466655
111111122221333221344224354244354446355556356556366666
111111121313222333242233444223444443555556555656666666
111111112333122334222344233345264445266645666645655555
111122133122113222133224334444355446355446556666555666
112222111322111332133322443355443556455566445666445666
111111112212344222344422334442354666355566335556355666
111122131112333122343322344425345525445555466665466666
111111223311223331222233244533444555444555646556666666
111112112212122222344444343444333555365555366655366666
112222111132111332445332455322455336445536455666446666
111233112223122223112333415533455555446656444656446666
111111211122222223244443445543445563555663556663666333
123333122233122233111223144444114564555564566564556666
111111222111232244332224344444334555366555336655666665
122233124333124333124443122455162445166645166655166555
111222331212341112341422344452344455366555336565666665
111222113332143332143332145552144552444552466655666666
111123111223144223142223442533466553466553466553466655
111112311112333332433322444442544422555552655656666666
122222112223111123114443444333544433555536556556666666
112222122223111123441333441355444355644335666655666655
111112111322441322433332443552443552443552655566666666
111111122112222222333333344433445555455666445666455666
122222112232144233144443114543115543655553666653666653
111111111233422233422235423335424435444555666565666665
112222111122131122334442533344555344565334665554666666
111112113222133442134422333452633452644455666555666655
111112331122331425341425344425342225346555346556666666
111112311222314222314442334542344555346555336665666665
111111112222132242333242553344533444535664555664566666
122222121122111112333333334555344465446665444655666655
111111121213222233223334233344555544655544665564666664
111222111112344142354442354422354562355566355666333666
111111221314523314523344523364523364522664552644556666
111122133122431112433332443532445522645555644565666666
111111112331222233223333423555424555444555644466666666
111111112222133332333342554342544442555442555666666666
122222132242132444134445134545133555133556136656166666
111122131124333124332124352224355554356654666554666644
122233122334122334125344125364155364155564155664166664
111111122221122222344445334445334465336665336655666555
111222111112334412334422333422334444555566555556666666
122222123233123334123334115554155544155544166644666666
111111121122322222344442334546354546354566355566335666
111111112222312222333424333444344454355556555666566666
122222111332144332114332144432145533445666555556566666
112222112333112443112443152433552436554436556466556666
111111221333241333241343244443255544225555265665666666
112222112234112234133234133334155444555454665556666666
111111212113222223444223445333455336455356445556666666
111222111232112233142253445553455553444453664633666666
112233122233122233112443511643516643556644556664555644
112222111112334112344222345555344555334465366465366666
122333112333112334122434122444125454155554666555666666
122222123332124332114533114553114453644455666455666665
111123111223112223442323442333444355645555645556666666
111111122222112333222443444433554453655453665553666666
111111122222112233432233433335455555444456644556666666
112222111122131224331244344444333334555555566565666666
111112131122133332453532453532455522446526446566446666
111222312222311244311244314445333445355555366665666665
111111222111322222332444333455336455366455666455666445
112233112223111223114423444423545443555553565663666666
112222122223111423154443155433156443556643556643566663
111122111122333122333222333445664455664445666445665555
122223122233124443124543115543615543611543655543666666
111111212311222334222334552344555334655634655644666664
111223111123412223412333422335466635466555446665446555
111123122123122223112433444435644335644535666555666655
111112113112443352433352433552436522446522466555466666
112222112122311112333442353446353466355446555446556666
111111213411233444233334235534222544255564255566666666
111122122222123425133445134455136455336445336465666665
111222331244331244311224331524331524555544666555666666
111112131212331222344442345552346652344655364665366655
111222113224113224133224134444533446533666566656555556
111111122112322222333324344444334455634555665565666665
111122311112313222333342443342444442555556566656556666
111112122222122233114433444443455543556633566663555666
111122111122132224332234333334555444544466555556666666
111112122222122234113334553444553334555344556664666666
111111222331222331224431254433554436555436556446566666
111222331112311442314422334442333442556666556666555556
111223111233111233422253424553424533444555664565666666
112222111112331222331342333344555546544446554666556666
111112331222331112334222334442534444556466556666555566
111112111222122223424553444453455553456663456633666633
122333124433122433125433125444125664125664155566155666
112222111122133112333422334444335444655554666555666665
123333122243122243122443144453144553115555166655666666
111222111222112233412335443335644435664435666455666555
111122111332133332143332444442444552555562565562666666
112223112333122223144423114453614553644553646555666665
111122112222122333142353144553445553445563445663666666
111111112333122233222333242535445555466655444656446666
111111123333123333122344224444254454255555266565666666
122222122323123333113444133445114445615455665555666666
111112113122133222333322344552344555445556444566666666
111111122112322222332444355544335544333544655566666666
111112111222122232424433444333444553555563566663556666
111111222111222233442233455533455536444536445536666666
122222112322133332114335114335164455664445666445666555
122223111223112233112333414335444455464555664655666665
111111212211222233242453444453455553445553666663666633
111112113342133442134422334422534226534666555556556666
111112133112133222334442334222344455644555665555666666
111111222131222133442333442553442533455566456666455666
111111122222122322143356443356433356443556455566445666
111112113312133422333422433442444422555555565666566666
122333112223122423111423144433145535445555646556666666
111111121133222223422233444443555443655433665555666666
112222122232124433144443145663145663145563155563556663
111111222131222133224333244433444435645555655556666666
111222132232132232133334111344555544566664556664556644
111222131332131322133332145522445555444555446666466666
111112111122344442342222344552344566333566335566555666
111111222211233221333244353244353544555564665564666664
111112133122113322443222443552433355466665444655666655
122333112233142223142553142533144555144465166465666665
111111233141233441233344233444222545625555626565666665
111112113322113332444322433322445525465555465665466666
111222131244131244132224132444335554355666356666355566
111222122232111233141233544333544443544666555666555666
122222111222331112433115443335446635466635466555446655
122222133222143325143335144355114355164445164655666666
111223412233412333412233412235411555446565446665666655
122223111223112233142533144533144535444555664655666666
112222122322111332133333114435444465446665466555666555
111111121222321244322244344444335555335556633556666666
111111222113242213442233444235446335646635666535665555
111111221221322221334245344445346455346655333655666665
111111122331222231244333243353244555445556644556666666
111122112223122443142433142435644435663335666665655555
122222122223111333411133441536445536445636455666455566
122222112333122233111143444143454443556663556666555566
111111122223124233124223544333544363546666544666555556
112233122223122233113333114445614555644445666455666655
111233122233112233122233114443544646544666546666555555
123333123333122443122444112444152245155555156665666666
111122131112132222433232443333444444555555666665666655
112222132222132444133334115344155334156644555666556666
111112112112322222333424355444355564333564655564666664
111123122223124223124433114433554463544663555666555666
111111122113222243225443525443555463544463556663666633
111112331112333212443222433522435555455565444466666666
111111223114223134223334522334525344555664556644566666
111112113122143332444322543332546322546666544666555556
122223121233121223111333415533445556445556445666446666
111222121234122234112334133334553664555664556644556664
111222113322113222133244133344536644556664566564555564
111122133322134332114432144432555432566442556666555666
112333122333112234122334112444512444555554556566666666
111111122211332222433332433552435555444665446655466666
111222331112334412334112344422345662345666545666555556
111111122112222222334444333334533644566644556666555556
111111122233123333123343224444254664255564556664555666
111111222113224153244553224553244533644533645536666666
112222112222133244133334135534135554155544666544666666
112223111223111223415223445633455663445663445563455666
112222122232111233133333144553145555444455464665666666
122222123222113333114333114355144555446555466665446666
111112113122333124553324533224532264556664566664556444
111122111122132222334255334455334455364445366645666665
122223124443124443124333124433125535115555615566666666
122333122223122323144333114445144655146655146665666555
111233121243122243124443124443124533666535655555666665
122344122334122344123345123445123345115555165665666666
122333122233122233112443111143555546554546554446666666
123333122333112334122444122544125564115564555664566666
111222112222112233413333413535443555444565464565666666
111122111122134442333342334442533442556662566566555566
122222122322111333111343155543556443566643556444566664
111111112213222233223333243355446665446655466655444655
111122311224331124331224355224355444335446655556666666
111233112233122243122543152543155543556443566644666664
112222112332133332134322134555114455664445644665666655
122233111223111123414423444523454523455533556666566666
122222123324122334133344133554155554115444165566666666
111112313122333112344422345622345626345666445666455555
111111122222132332133322333444555444554466556466556666
111122122222112233411335444355464355466335446635666655
122222111132444132411132444432453333655553666555666665
111111213311233333233444244445244555225556225656666666
111112112122122222333333344433445555455665446655466666
111111233311233441233344232544222554255554556664666666
111112122122112223444423555433556433556443556643666663
111123112123112223422333442453444453655453665555666666
111122132112132222133244335554365544366554365544666664
112222112222111132145536445336455366455336445336445666
111111121331222333442335422335422555444555664465666666
111111231113233333244443222453264455266445266655666555
112222111332413332411352413352453552455566446566446666
111112133112132222332242333444344455644655666655666555
122222123223123333144335144535144555144456166556166666
111111212233211243222243555443544463556463566463556663
111111222113422513425553422253455553443333466666446666
111111112223122443552443552443522443556463556663666633
122222121112111342513342533344555334556634556444666666
111111111223222223242333444353464353466555466655466655
111111221313222313223333243555245565446665444665446665
122222111332111322411332455333445563445666445566455666
122222122212111111333333434335444555446555446665666665
111123411123411423444423445523555223565523666523666663
111122113122333122333122334442554444566644565666555566
112223122443122243124443111543155543556643555633666666
122222133332133322131324111144555554655554666444666664
112222122233111223133333144443155466554446555646556666
122233112234111234115234155234655234655334655644666664
111122131122131422333442533342553442544466555556666666
112222133322133324131324111324555444565444565556666666
122222112222134445133445133445133455133456165556666666
112222122333112223411553441153446553466653444653666655
112222312222311124311554313554333354655554664444666666
122222133222133332113433144445114445614555655565666666
111111121221322224325244355544335544336554336654666666
122222112122111132414333444355443355443355666665666655
112222111223141123444123444423455333555553656563666666
111111211333221435244435243335244435224655266655666665
111112313112333122334222334442444542545555555666666666
111111112222312424322424335444335454335556365556666666
122222122332111132113333145335445555444655444665666666
112233112443122433124433122443124453155556556666556666
122333122223124223144333114355144555144565146565666666
111112311122331322333322443452444452455555465665666666
111111123131223333244443224433522446552646556666555566
111111122211324222334224534444534466533366536666555556
111122111222122233142335443355443555443655443665666666
111222311112312222313244333334555544566444566664555666
111111122113224433224443224543624543655553665653666653
122333122333112333142255145225145555144656144666446666
122223111123141223141523445523455533445563445663666666
111111122221223341233444233344235354655554656554666666
112222112222112334111344555334565334665534655634666644
111222111122133124333324355224335444555466566446556666
111122131122131222433322443333544446554646566666555556
112222113322111332143332143432444444555555656655666666
111222111112344412333422334422335446355466555566556666
111112312222312242313442313455333455644465646665666555
111222331112331422311422334425634455634445666665665555
112223112333122443112243112443544443555553556666566666
111111211133233333222234255234254444556446556646556666
111111112233122334552334522334552234556644556644666664
111111112213455223445523445623455623445623465623666633
122222121232111132411433444433445536455536555536666666
112222111122331122333124333554635544655554666544666644
112222311222331122331114334444356444356646555666555566
111112111312333322333222342255446655444665444655666655
111122111112332222344422335444335664535644535666555666
111111233331222311233344234444256644255664255666555566
112222112222133342133344153354153554155544656664666664
111122111122133222333224333554355554655444656644666664
111122112222113222133333444553645533645555644445666666
111111233114233134253334255344255664255664255644226666
111111212231222331223333424533444555464455666455666665
111111112212344222342255342556344556334556344656336666
111122131112133222443322433352434555444565466565666665
112223112323122333124335124535164555164445664445666665
122222112322133332111433155433155444655444665554666666
123333122333112233112222114444155544555544556664666666
111111123331224431244435243335246635246555246555266666
111122131122133224133324536624533624556644556664555644
111111221131222333442233422333455555444565644665666665
111222133332133322113322114552444456455556445566466666
112222111112113322333422334444534464536664556666555556
111122122222122333114333144433544443554666566666555556
111233111223112233412223444233455663455566455666445566
111222133332133332143422144422114444566666566656555555
111111122222113332444332443332455362455666455556456666
111122113332111322333322435552445652445655444656466666
112222122332111132144432143335443355445555465656666666
111222122222111332113345333345634445664455644555666665
111223141223441223411223415253455553465333465566466666
111111122211222222333334355334355554556664656444666644
111111222231224331224331424333444435545555555666666666
111222121233122223144333114435444635446635666555666555
112333122233111223114223144233445555444555646665666665
111111111222222232433332433355434555444455466665666665
112333112333112323112223122444444445455555556666566666
122223112223112233114333144443154443555466555566566666
112222113222133322114333144433144444555555566655666666
111112112122312222332444333454633354666654665654655554
111111121133222223224523444533446533466553465555466666
111112331122311322333332444422455462455566455566456666
111112133122133222133322443325444555464555464655666666
112222122222111333141443144443555443555663565663566663
111122113122113332333422335442555442554444556666566666
111222113224113324113224533324533644556664556644555666
111112133122113224333244333224555254565554666544666664
111112134422133442133442135422335426535426555566566666
112333122333122433122435124455124555114555444666666666
122223122223111123114133444335443355644465666665665555
112222111222111232133333433535445555444556444566666666
122222122322133333114433511436514466514466555466555466
122222111222111332113333444533455535444555644656666666
111111122211222333222343533343555444565446566446556666
111111112223122323223333245533444555464655464665466665
111112133222133442133342153342556642566642556644555664
111112131212132222333242333444534466555466554466555666
111111121212222222333333333444555454665454665554666664
111111122113222223444423454423455533456553556633666666
111222111112132222332444333544335554355654655664666664
111111222311222331222333433355445555444455664465666666
112223111223122223114433144333544463554666554666555566
122233111233111233122233145253445556455456444456666666
111112113222413222413322433355443555443565446665666665
111111123144223154223554223544223544333554636655666666
112222111122331122331442334445334645366645665645665555
111111111222333442334442344442333562555562566562556666
112222111232111232143332444333445366455556455556466666
111111211123222223425533425533445336445366455666445666
111111222111332224332244352444355644355646356666355566
111222111233412223412233413333444566445556545666555666
111111221331422331442233422333425555444565455566666666
111111212121222222344455333455344455333445636655666666
111111211331243333244435224335244455245556266556266666
111111112333212243222443542243544443555563565563666666
111123111123122223445223445233455633445636445666555666
111111122233112333222333442345642445644455666665665555
111111122211223344523334522234553334555444556466666666
111111112222132444332244335244335244335566555556666666
111123111223122233122333423345444445466655466655666555
112222122332123332133433111444551444564466566666555556
111111123131223334522334522334552244556664556444566666
112222122233122333144443114443511443555553665556666666
111111123331122233444223422233444535445555665565666666
122222133222113332411335441355411355466555446656446666
111112113122133222443332453322453666455566445666445556
111112133212132222132442333544363554665544666554666554
111112131312433312433522435522436552446552466655446666
111112131122431322433322433322444555446655646665666555
112223144223144423142223144533145563155663156663555666
111112122122112223444323443333433566444556555556566666
111222312224311124331124333424334444555666556666555566
111223111123122223124233544333554636554666544446555666
122222111123411223415323415333445533444555664565666666
111111111223222233425233445263445563445563455663456666
111111122231123234223334253634253644556664556664555644
111111122113422233444233442253642553644533655555666666
111111222131222331222333443353445555455666445666445666
111111112333412223422223442433544443555553565666566666
112222311244311244312224314444315555335565633665666665
111111211333241433244433222433244455266655266665665555
111222311242312244312254311554366554336554336554666664
111111222311222314523344523344523334555644555664666666
111111222221233241233341233444536664536564566564555564
112222133232113332133442153442155444155554556664666666
111112133312334112344422334522634522664555644655666655
111122333122331142311442334442354422554666555666555666
122222111223144223144333114443154453555553656653666666
122222112112311142331442333444553354653554655564666666
111122133112433122443122443322445335645555645655666666
111111222211232214233444233344533346566446556666555556
111111213333213334213554253544255554226654266644266664
112223112223112423144423144453144553555533565636666666
122223122223111233411113445333445663455666445556455666
111222112232411132414432444332443335666355665555666655
112222312122312142311144333444334445355555655665666666
111112131222133322132224333344444445645555666655666655
112222112222311124313144333334535544555444565666566666
111122311112331332433322435522455562444566445556466666
111111222111232222333324536344566334556644556664555644
122222111122313122313144333444334444555555555666666666
111223111223441123444123442223445533665533666555666655
111122333122311122334122334442354444555554656655666666
112222111112331222331244333345636445666455664455664555
111111112231222433244433224433254443555563555566666666
111112112212133222333332435552435556455456444446666666
