1111111233333412355354423555554266664442667664227777888277788888
1112222311142233151462335554623754446337548466775888667758888677
1111112213444442133342223355422633554666777555567777786688888886
1111222213312222133334441335664455555674556666748886777488888777
1111111233341222333442556633422566644255667744587678855877778888
1111122213132222133334256663444567734445677745556787788566888885
1112334451122334511122345622233456677834556788845667788456677788
1122233311222233114243331144455564445575666667756888887568887777
1222222312442333144444331455555311166653717776557778766688888886
1111122211332224133332445636624456364447566688875558877755888777
1111111123344444233455462354557623555776237777662388788622888866
1111122213455522134555521346652233446677338446678384667788888777
1111111213332222443322254335555543456665444777668888877688877766
1111222211222334112333445556333456666664577684445777888855777888
1222222211133442111334441333344455555566757756667778868677888886
1122233312244333122245531644445316774755168777751688875566668888
1222222211123333114333536144455561644555666447756677777788888888
1122222231144442331111423555664735656447356667773558687738888887
1111222231314422333144225331644455366664577788665557786857778888
1112222341225523411255534415566344156663747766337478863877788888
1122333311122343511223435516224456667784556778845667888456777884
1122333311122233144222331444445516747555667775856677788566688888
1222223311124443112244331154443355556773556666778568667788888877
1222333412233534122235541111365471777654777666548766655488888884
1112222213333332144553221145535614445556774866667748886677778888
1222222211233444111344451333544513355555666666776888888768877777
1112233312222233111243335514444456667784567777845666788855567888
1123333312224435122443351224465517744665117666557778665877888888
1112233314122223441112234555663345776663457776884577766845588888
1222223312223333111444531444545311645555666775776866777768888888
1111112231331442333444223344422566667525668675556887775588888777
1112223455166234511622345516223457163334576683445767888477778888
1122222314222333144556631455556314445563174886631777866877778888
1112233411122344112233345522336455555664775766647777668478888888
1111122211344442513364425333642255536462577366685777688857778888
1111122213114252333445523334445263446652666665578888857788877777
1222234411223344512233345111334455516664577788665778886657778886
1111112234155122344455223455562234445666337777683777666837888888
1111223311142233144422536452255364555573647777736468877866688888
1122222211112333114423534444655344776553777766537888865578888666
1122333341122333411522234155552641777566448875568448766688887776
1122223311442333144225531444265311746653777886557777866588888665
1222222211133332114445336145553361445777668457776684558766888887
1222222211334425111334556133344561734445667777856677788566888885
1112333311222233112243341552444455664477555677775886666788888867
1222333311123344151223341515224455556447566666478668877788888777
1112222211123344112233345555563475756634777566347878866478888864
1122222211332233144333351445555516444557166477776688887766688887
1222222211111324555613345666133457766344577663345578888477788884
1122222211332244111334445133364455736648577766885557688857776688
1122333312233344122344441125546411256666775568867755588677778888
1223333311243453122444531622445516264557166655771668888788887777
1222222211123344113335446113554766633547666655478885574788888777
1111222211122233414253334446555344465773666655736888857768888777
1111222233112244311562243355664437556448375564883757688877776688
1222233314423333114222351644555516645775168447751688877766688887
1111222211113322444443254666332546333775467777556688775568888885
1222333314422233154442331544627715466667156668771558888715588877
1122222312224433114445531645553316445773166557736687777866888888
1111233312222333124422531145555344456577488665774886666788886777
1111122213312222133342556634444566374485673774856777788566888855
1222223411221234511113345555333466755534667778846777888466678884
1223333312223433122444441255555415556664116666671877777788888887
1111233344412253444112534641225366772253666777536877875568888885
1123333311222243112254431652544316555544666578846667778877778888
1122222311124223511143335554463375546638775466887754666877748888
1111112211322224553332245633334456644447568888875668877755668777
1233444412333354122335541222254416555577166667771666878718888887
1112222211111222344455553434445533364775366667753666887788888877
1112222213112444331122456334444566337855667378856677788567788855
1233345512333445123444551234455512266667126666871288888718877777
1122222211232344153333441536666415366774155677445586877758888887
1111112311442223444552334455222345556633757666637776688877788888
1222222213333332111143351614475566844775668477556884477566888875
1112222213112244133125543333355466665544776665547768888477778888
1111222211332324115333246557832465578384655788846567884466677774
1122233311422533114425531664257316642573866445778866455788888777
1122234412233344112333441122534416665777666555776688555788888877
1112223311222223114444331554643755546337586466775866687758888877
1222222312444423115554331666544311165433777655837766658877788888
1112223341222235411112354666663544667635447773358487777588888855
1112233314423333142223551442555514426557146666778666887788888777
1111233311122344521233345222344455566664557666847577688877778888
1122222212233333111144431555543365557444665677746666777788888888
1122233311222333122443351144455514445556777786567888866677788866
1122233311222333112425531144455344464557666667578688675788888777
1111111122222233223333334555555544444566774466667777768678888888
1111223311412223154442235554462357774663577746335786666857888888
1122222311112223144155536644577364445573668455736688887368887773
1111111122222344522233445666734455667334566677345577773858888888
1123344412233344112233341152224415555556777775668877766688888866
1233333312222223112455536114555561144445666747486777777866888888
1123333412223444152233441522364415777666157877661588778655588886
1111111123333333223444442244556425555666275586662788888677777788
1111122234111222344442253333444536377555666677756886887568888775
1111223314142223144425531642275366448753668887536888875366777755
1112222344112333411122334444253346665555666557776885877768888877
1111122233311122334445623344456234455562775566667758868877778888
1111223341511233415552234555223344456236744766667777768678888888
1111222211312442133554223333544637755546777584467885866677888866
1111222211322444513322345163333455666664556777645887877458888877
1222222213334442111333441133444516677755666877556888875566888775
1222222211113342115536441755366477753664775533647785366488888884
1222222211113244151333341555333455655444666667746777778867888888
1111122211312242333332445335424655554446758586667788888677777866
1111222311112333422224354444443566666335677866557788888577778855
1122222213333244111332441133544455555664777756667888586677788886
1112222311222233411153334665555344666553444467578888677788886777
1112233312223343112335461125554677254446777554468777566688888886
1122222213444422133344551134455511366657883365578886677788866777
1122222213333425113444251134455513344565777788657778886678886666
1112223412223234112533341655337416555774666857746868577468888874
1122233411233344122335541225354411555546777776467887666678888886
1122222212233333111444331144453677474566777755568755586688888866
1122233314222233144423351644735516647755168477751688787566688885
1111222213333242133334421155444266555744666657776685587788888877
1111223344112223444152234451523345555673888566738666677788886777
1112333411123334112234445222366455727764577777645555666688888888
1233334412235444122356441233564612255666111555767777777688888888
1111233311122233144442234444223355556777565668875666888756888777
1112222234121255341112563445555634445766337477763877788638888866
1222222311442333111424331154443355554677558666778588677788886667
1111222311412233554122235444444355567773566666735866877388888877
1122333311122223144422331144444355556777566666775588866758888877
1112233341122235411263354122663547786635447866654478855577778888
1111122344511233455512334445222344555233666777776866667788888887
1111112213444522133445226633455263334552666645576888888788777777
1112222341111123444452234645523346675553667775536777788366888888
1122344412223334122234441133354611555556775856667778866677788888
1112223311124223511242635554466357446663574488635777786357788888
1122222213333332111443325114666655544776584447665888877655888777
1122222211111232143333334445535564445557666477576668777768888888
1233333312223234111222541116555476666554777666548877775488888844
1111111231444442344422223335266233357766855557768885577688887766
1111111233122222334444223344456673455566735588667775586677788888
1112222311222233411143334444433546677775668777756688855566888855
1123455512234455112344451123344561233375662277776888887766668887
1122222211132342511333445513444455336467856666678558776788888777
1222233312244453122445531644455316655533166677771677788716888888
1122223312224443112554331555543315674438156747886667777866678888
1222333311222344122553341155663417555644177756647777666488888888
1222333415233334152234441522444615555566111666667778888877777888
1112222231442242315444463155456631755568317566683377768837778888
1111122231441122344452223464555534667785336777853367788566678888
1122223341123223411233334155666641566766455777774558877844588888
1233444412234344112333541122535561225557616667576667777788888888
1122223311242233115442331555443615544636755466667777888677788888
1112233314223333144222231455555614575666145766887447688877776888
1111222211113222333334425555334455667444566777745688877766688888
1122223314422223114443335111433657744666577777685578666855588888
1112233451223344516223445162334451623747516887775666877755688888
1222333412233444112235541126335416666654177676547777755588888888
1111111233444412334554423345556237755562378866627788866277788862
1111112345115523455555234442222346426773466667736677778388888883
1111222311112233455552334446522344465773848655738886667788866777
1112233312223334111225341662553466655544676588847765884477777888
1222333311223333122445551124444511667745666667458888675588887777
1123334411223334112335541122225466666554667755546778888477778888
1222233314422333144225531446657311466577114665578886657788888577
1222222311114223144443331145536377475366874755668777555688888866
1222222211333324111333445113666455786864577888645777786455578864
1111122231444422311422253444655536666657333866573888755788887777
1111111234444122333444423335522235555266777558667777888678888666
1112222233114242311442453167444536677555367775553667888836678888
1222345512223445112233451116344577163445778633657786666577888888
1111111122333334222353442226534466665547665555476888884788877777
1112222311222453116244531664445377644553766685537768858377788883
1112333415523434155234441522364415523677152266778888667788886677
1123344411223334111234445612334756628777556288775562887755666888
1111111122233344252336642523666475236664755388847555888477777884
1111222213112242331524463555554637588546378888463787844637777666
1111122341451123444522234465552346675523667753336677777868888888
1122233311222343511122435166674355567743856667448556877488888774
1112333311222333122223441155644455566444575668885777668877776888
1222233312112333111122334455556645557576444777764877666648888888
1222222314552623145566631455676314566733145777831447888314778888
1122233314422333144422231114445316777755666677556687755568888888
1111112211333332455532224555332645577726447777664476666848888888
1112222213111422133554243333544463655477666654778866557788888877
1112223311122223144255331645553366445553664777786447887866778888
1233333312234443122254441226554416667555166877551688777716888887
1111111122233455223344552223644573336645777776457866664578888888
1222233312224443121544331115543361665447666857776888555768888777
1111122341411233444522336445273364552773655527776665877866888888
1112334412222344125533341225563417755634175586647777866678888886
1112233314122333144222531644425316475555664758886667588867777788
1111111213322222433352524443555564437585644378886666777866777888
1223333312223343125556441225566411556664115766447777888477788888
1112223314222233144423351464435514667355166675586677758877788888
1222233311122343111122435666774355566743555667445886777488888874
1112334411122334512233445123344455266677552686775666877758888887
1122222213233245133344451113445566134455666788856777778566778888
1233333312223344112555541225656412556664117788647777886477888864
1112223314112533141225634472256347785563478885634777856647888566
1122222213345522133455551334556611344776183444768877777688888666
1122223311233234122533341555566415776644158776648588776488887764
1111222314115223444155234644522366745533667755386678883867777888
1222233314242333144423531164275511644755816777758666667588888875
1123333312222334122243441566444415666777155688771566887755588887
1122222312244333112433531164435781664557886645778866457788865577
1222333311122233114552331144525677445556744458667788886677788866
1222344412223344125236641155366411553364155536667777788877788888
1112222211324442133344421153664455533677558366675886677758888877
1111111233334142334444423546777235666672558667725586778255888882
1122234412255344125553341253333412556664117777647778876688888866
1112223311442223111442235444433355666637555866778558667788888777
1111122233441112344422223344455637777556337555567778866688888866
1112223451112334511522345555233456772334667888846677788466677884
1122222312244333112455531444453314555536177766667787866677888888
1111111122333333244533562245555624444556247666662777778877888888
1111233314212533142225331422653544666555476665884777688847777888
1111112231144442333344223566442735566227355566678585677788888877
1111123312222234115522346655553466557734688777346688873468887744
1111112233333122443331524445555245556772446666726668777788888887
1122233312233334122555341255455416574444167777771668888766668888
1111122213333222114532267445336674453666774555667745858877488888
1222344411223444122333341253636415566667115688675558877758888777
1111222211133332414553224444533246555377466657776688578766888887
1111112211333322444433224445362245553666555766665777788877788888
1111222211222332413333554136375546666755444677554846677788888887
1111233311112343555224436522444365224473655777776657888766688888
1122233312223343112234431555554411565447865666478666877788888777
1122222213333322111433551144365577466655774666857744468577888888
1123333311232344112223546112255466677554688777546887875466888754
1222233311233343122255431665554416655447116654478886677788888777
1112333312222344112233341525664415556444555667778886667788888777
1111223341112233415522334555226347558663477588664777888644778866
1123333311222233144425531142255561444755666747586677777866888888
1122233341112333412225334126555541665575446777784667888846677888
1112222211113322143333254434365574448655747786657777866588888665
1112222213112422333114556333445563744455667774856678778566788888
1222222212333344113333451114444516674885667788856777888566677555
1111122213334422134444221344552633755666377855667778556677888888
1222234412222344113333341155366471158864777588647775886675558866
1222222314423333114233351146555514467555144677776666877768888888
1112222233142224311444443311556433355666777586667775888677558888
1122334412222344155233441152334411556377555667778886667788888667
1222233311123333411256634122556641455667444856674888577788885777
1111111231222222334425553344445563374485637777856667878566678888
1122223311224223514444335116444355166663557688635776788857777888
1122334411233444122333441122355461625577666655576868577788888877
1111111122223444222333345525363475555634778566647888886477778866
1122222231214442311155443155544436665777366557873666888733888877
1222234411123344112234441152333455556377585866775888666788866777
1123333312223433122444551122455617444556177785567778866678888866
1112222231112424331124443555446637754666375558663758888637777888
1123333312223443152236441552664415526747155567471866677788888887
1111223344122235411223354412633574446355777666657888886577788865
1111111123334455222344452333344526666645226667558888877588877777
1233344412233344123356641255564412555666125776671288777718888887
1111123341112223455562234555622344556333446667774667778788888887
1111222211332224133333241344444455566667588667775588667755888877
1111223344115233441152234444522367755283667755836667758866778888
1111111122233333224553532645555326445777264444876668888766888777
1111111233133222433352224355562745555677444666674466777788888888
1111122211312224333552243336544436665554666557748868877488887777
1112222314111123445522234665555346666573488675734886777348888773
1222233311442353114223551142336571466665774886657744886577788885
1122222213333242135554441355554613357746188877461888764688777666
1111112233333112444433224456322244566666555768865577788857777888
1111111233455212344452223445562233475666334755667777788678888886
1111112213314442334445423666452237766522377665553788658577788888
1112222311122233114425334445555346455573466666738868677788888777
1122222211133322411153334444553366645557864457578666677788888877
1122233311112233411223354442635547766665477655554766888847778888
1112222233124452311245563177455631744566377845563778488637888866
1111222231112244315225443355554436665544366777773688877736688888
1111222211112233444225336744555367444533677775536767885866688888
1112222233124425331146253311466533774465777844657788666578888855
1123333312223343111222456611424567784445667888456677888567778555
1111222341155523441555234416552347766623476686234776883377788888
1111111231222222344555523344455534446775388867773388677788866666
1111122211333322133432224344566644455776455577668585877688888776
1111233314112223444122234544423355555637885566678886676788867777
1111111233334122334444253664422536642255666777756888875588887775
1112222213122244134444441333355513365555777658887666668877776888
1233333412332344122224441552446615556666155777681157886877778888
1122222231142452311444553614445536166557366677573368877738888887
1122223411122334151226345515663475555634776666347777883478888884
1222233311122333111223345144444456667774555667775888666755888887
1111112233332112433322224453678845566788445667884556677845567778
1111222233311122433515264335552643775556448777664487776648888886
1111112234412222344125523344445536666755336667578386875788888777
1123333312222344112233541112555466655554667777746778788466888884
1122333311222343112255436112754366777544677855546678885466788884
1111111122222333444425534442253366477533667755586777858866678888
1222334412522334115223341555633411756644177586467775866677888888
1111111213322222433332524666335544666557444866574888855788877777
1112222234111225344116253344466534476655377786653788886537778885
1112222211111232444442334455666345556673555666738877777388888873
1222222212334444111333341156334415567747556677775568887856668888
1222222311122333441115534416653347665553477688584476685877776888
1111122213142252133455523344455233644755366467778866667788888877
1122233312222243111144431444433355566666755588667557788677778888
1111222211122322415553334455333344566777445566778488666788888677
1233333412233344122555441125544612255646177566661777786877888888
1222223311112223144555331455333614755576447777764487886688888666
1112233312222344115223441156634475556334775566647758668877788888
1222223312422335144444351466643516667735166777351888877518888755
1234444412333334122225341126253411165555666677556867777788888887
1122222231144422311544443315556433175566377775663877756688888886
1122233312233343122554431125544416665477166554776668587788888877
1111233311222333114222335444266654544666555746885777768857778888
1112233311124343511244435552644355226463572666685778886877777888
1111123314452236145522361455523644452236774583367778888677788866
1222233312242235111446351744463517744635177666357788866578888855
1111112231122224332244443556664433566747335677775556688758888887
1112222211222333144333351144435566644755668847756668777588888775
1222222311144233151142331555433655554636777746667788448677888886
1233333312222243155622431566774415566774155566741188677488888874
1222333312222443155524431155546311575463177744667777888688888666
1111122213331422155344425553346257734462577346665778668677888888
1112222231444225311144253314446533777665338776558887766588887665
1112233312222333124423351144465517446655777465587666658877788888
1111122314444233142222231445333364557777655555876888888766666877
1112222211122333411523634455336744555367445856678488667788886777
1233333312224343111244441562274415662778155677785556778856668888
1111111233441222533422225344666653446667533477675888777755588888
1122222311224423511143335551434356664443566667775586877788888877
1122233311223334111233441522444455566646575556667777788677888888
1123333312244443124454431225555312256666115567668888777688887777
1111122341122233412223334455533644758866477558864755886677778866
1112222211324422513344445113364453337666558876765558777688888776
1122233311122223111425334444553364645777646555776665887768888887
1123333311234553162445531622455516224758162447886664778867777888
1112333455123344551234445112344657123886572288665728886677777866
1222223411222334113333341155555416657754886777548866677488886674
1111122211331244533332245533224455567774566687745668887466888877
1111112213132222333344223553446655544466575488665777888677778886
1111222344112223441122334453333644576666555768865577788657778888
1111233311222223144423331454236655546667554466778558677788888877
1111223314444233142222331425533614457766855557668888577688877766
1112222231144422311544423155554433566577335666778366867788888877
1112333455123334511223345611244456662774568622745686887758888777
1112333311223333144255551422666514226665447778654478786577788888
1223334411223444112334441222355511663755666667758688777588888775
1111122233341222334411225334466653774446577778665758786655588888
1222222212333444113533441115334615557446857777668558776688888766
1222223314225233144453361445533611457766184557661888576688887777
1123333312222443125524331155244611555466775844667788888677778866
1123334412222334122333441125544617555466177855667788586677788886
1111112233415122344455223446655234776552347665883777688837766888
1223333312222443122444331114555561147585666478856777778566678888
1222222211123444511333345113366457773684577766845576688455768888
1111122233112242331524423365544436655544365578886667788867777788
1222222211123444551334465113444655133336577776665787776658888888
1111222314122533146255331462255344666553744468537776688877778888
1111122233141222331444423334454236666555776655557766888877778888
1222334411122334151623341516233455662774586667445886777755888887
1122333311224433112444431224546312555566555666667777778877888888
1111222231142222311445553334455533644755366477776688787766688888
1122222211112344155323341563333455666444556766847567888877777888
1222333311123443511233445122244651788446557886665577886657777886
1233333312435556124355561244557612844776128477661284877612888876
1111112213441225333442253344622537466665374676657777755588888888
1222222213444442133333441313555411165555666678587666788877777888
1112222213333332133444421114555266644457668855576688775768888777
1111122231141422355444223355544233556647833567778886666788886777
1223333311222443111124335551244456552744566777775666877866888888
1111122233415522344115523444655233446652336666578886777788888777
1112233311122343151233435522664455526664557666447777888477788888
1111233341122233412225534126553346665557444665774866777788888887
1111122314412233544162235446622354667773546777735568887355688888
1112222213112242331154443355555433677554366777746667878466888888
1222223311222333415556334155666341155666441756884777777844788888
1111111231222222333324453636444536666455777664557788845577788888
1122222311124323111243335554444365547743665777776655878866688888
1222333411222344112233441155534415556347858566778886677788866677
1122222211111123445555234657553346675883466777834467888346677883
1223333411233344122235441662257416655574165587741685877766888887
1111222311412323414423334442253677455536755566667588886677778888
1122233311123334112234441225346677754466778554667885555677888886
1111112213312222433566224435566744356667433558674855887748888777
1112222211111332455553324455333244456636474566667777776878888888
1111112231144452344445523345552236675522336777783667787866688888
1111222211132232413333324444355544677755466675556688777766888888
1111112233131222333344423555554265657442656678446667788877778888
1111112213333332134443225555422677544426755488867588866677778866
1112222213345222113455556134575561344777663448876638488766388877
1111111231222222344444523464465537666685377766853777888533788855
1112222211123224115533446665534466555344677533846677388877778888
1111222213312442534114225344446753333667586666775888677755588887
1222222211113234511133345666373456666734558767445587777458888884
1112222233111242533311425533344657774466577774465788888655888666
1112222312222333111444331554443355647777566488875666888755668877
1112223311122333144255531442553364425577644857776668778766688888
1122233311123333411222354166255544465555444666778888677788886777
1222222312444423114555531446655311466553717766337777766388888888
1122223412253334122555341155333416557444166674886667778867778888
1111222211112232444432334453333645577666455577668855877688888776
1111233311112333222224335567248855674448566774485667774855667888
1111222213142222133455551344444533366645377886657778886577788866
1111223311222333114222536444445364455553666557778666877788888877
1111122213144442331444223334552637355526775556668777776688888886
1122344412223444112333441122335561773775667777556666688588888855
1122334411123334511233345512244455662274555677776666788768888887
1111123344111223444442335554622355556223566666637777888877778888
1233444412233344122223341555263415666666155677771558787718888887
1111111122233333222344556233475562444755666447856777778566888888
1111122211322242133332445553344456534477566687775568887766688887
1123333312233444112344451224465511226655777665587766685877788888
1111222211312242333125443635554436655774366655748668877488888777
1122233312223334125553341256644417566484175664881755668877777888
1112223314122223144425531444455316677533667775386677558866788888
1122223341255233412255334111155344677753466787584467877866668888
1222333411253334112556347122563471125644778556447785666677888888
1112222213122442133334441153334465555547665577776667788766888888
1112222314112233144422331444433355666666555776685777778855788888
1122222211223345133333451364444511667445666777556887877568888875
1122222312213323111133334555555544467775448667774488666788888667
1222222212334444113333441335566411155674888566778555677788886677
1111112231331222333322423556444455566644775686647755886877778888
1111112311444223444422334555523365755238657772386777788866666888
1122333311222234112533341525444415555644775666887766668877778888
1122222211233332111133445553364455776644587776645877786458888866
1123334412233334122354441122554461125555667777856677788866678888
1111112213331224553662245533672455336724556667748868874488887774
1122222211112323145533331455555344566663447688664777786847778888
1111222234411122344441253446552533666555736666857337788877778888
1222333311124443122224431155444315555563778885667888886677777666
1111123341222223411522634445556347445663777555637777666388888888
1111111213444452334645527366455273364552733665227778662877888888
1112222211222333411155534445556347475563477788634788886377886666
1111122213122222431355554333655743386557448867774488677748886666
1123333411222234122552341155533461675584666758846677788467778884
1111122233312222334115253344455536664455666774457667888877778888
1111222211113222333334243536644455556474855667748858677788886677
1122223312243335124433351244444511166665777766557786688577888885
1222233311122233411562334155677341556777455668774566887844468888
1112222231112422311554463355546635574446335777468387876688888776
1122222211234444512333445116633451666334556667785777778855788888
1112233314112333441122234552266345555566477588864478886677777886
1222222312244443115454331555543316655473166677731688877766888887
1111222311222443511522435555444365654433666663378886777788888777
1111111231222222334425663334555637444556377745567777466688888888
1111233314412355441123554422233564472835666728856777888566677788
1112233312223333144222531444445514666555177765587776688877668888
1112344411223344112223546122335467733554677755556667778866888888
1111123311122233442252334442553366447555666477556868777768888887
1112222211334422133354421333554415555446777586667888866677778886
1222233312242333112453631144556614445556174785567777866677888888
1222333311223343112544431225544416655574165577776688777866688888
1111122213331222433315524443365244466655747766657777886578888885
1222233311222333111123441556634475556664777568647755688477888884
1111123341551233415222334552263744526637455866774488667788888677
1111233311122233122243354244436544477665887776658877765588886655
1222233312233333122455551144455516664475168884771668847766888777
1111222311114233444442536442225367777753676775536665558368888888
1222333311224433122445331264455716644557168885571668875766888777
1122233311442233114225361142453677444536777775667888856688885556
1111122212222233144555331445533364557773645777786446878866668888
1222223312223334155533341115555416175844667788846677788466677884
1111112344112223544222235446666354476863577768635777888355578883
1111112233144422351442223564442735667777355687773556888835666888
1122222312242333114433431154444315555666557776867578668677788888
1222223312124443111243331554436715446367855666678855576788888777
1122333415222334152223341555543415657444116677886667778866778888
1112222231124422311445553314465533746655377466653778686877788888
1111122231142255314442253664442533677455336677553666777788888888
1122223314245233142452531444555311455633717766667778666877888888
1112333311223343122444431222454416555557666655776668887788888777
1112333312222233144252531455555314446656174466667777768877888888
1123444512233445122364551723644517236655172336651777886677888888
1111222231114222335146263354466633544466355774765587777758888888
1111112211333442333444223555442235566427555677776666887768888887
1122334412222344112333341125534415555564756666667777688877788888
1222222213334442133354441136545417365555177666851776868877768888
1223333312223334111255541122555461677754666887546668877488887744
1111111233331422355554223335442675554626777446267788466677888888
1123333311222233112242356114455566644557686444578866775788888777
1111222211312444333124453332244566366455766665587777755877888888
1122222341112333441122354441333546467775666667756888777588888555
1222222312433323114443331546447715566478156666781567777855588888
1112223312223334122555341155533461575444677788846667888466677788
1112222213132442131344521333345566644457686555576868877768888777
1111222213144422331444425316664253333666555776765588777758888887
1111122211332224133324445533246455366664555666745887777788888877
1122222213333342133534421115544671555446775854867888888677776666
1112233314122335141122354442263546666635477768854778685577788885
1111222231122422331154443333544436655477666557776865588768888877
1222222213234444133335441111354467713555667777756688887566688885
1111122233441255334112553442225536447557364777773666888766688888
1111122233441122333412225334446653544666555577665888877688887777
1111122231131425333344256673342567777425666744256877485568888885
1112222211333322411153324466533746655577465588874665877744688887
1222333314423353114235561142756611427566444275568888775688887776
1112333312123443122244331225544415555466777556667877768678888886
1111122211333222133432256334444564447755666887756888777566888755
1111112211333222444332224333566644455776488577768885777688855566
1111122213333322134433251644442566447525677775556788775866688888
1111111233333142335444423555544266657742688577726685887266888772
1111112233312222343125264433356644455556477785664778858677788886
1112344411223455112234551223344562673455666733856777888866777888
1122222231212455311114553366445536644455366647883767778837778888
1112233311142223141444235444522355555633577776667777888688888666
1223334411233554122335441122354411255564788566667788886677777886
1233344412233334122223541266655416655554167778541667888817777888
1112233412223334122555341255533416565774166667748868677488888774
1111123312222223114255336644457364445573666457736885587768888877
1122344411223444112333541123355462236555666665576777777788888888
1111222211112222334444445344666653336667535387675558877758888877
1112222314114223144142235644433356666663555567735858887788887777
1111122211332242513624425336444453666774533667775588677755888888
1122233312223333112453561124555671444556777446567778466678888888
1122222213234444132355441333554413655557166777771667788866688888
1111222233311224333511243665572436555744666587746865874488888777
1111222213312224133155243355555433665774666777446668777488888884
1111111233333212444432224553352244555566745666667778888677778888
1111122211133332443353324445566247758622447586667775866877558888
1111111213444422334222253444255533666675366876753888767588887775
1222223311123333112244431155464355556647588667475866674788888777
1111233312122344122223341555533465575844675788846777778466666888
1111111123333344235536442356664425566647255586472888877722888777
1111112213333332134322225444442655748466557786665578886657777888
1111122211341222563444425633334256633447566677775556877758888888
1111222213312442134444221334545533655557366665776668887788888777
1111223311422223144442231544433355555563566666667888888877777778
1222223311112333455123334511267745566667445568674445687788888877
1122222311242423155444431154666371546663775668337755588377788888
1112223314112223445162234451633344566367545866675558777788888877
1122222311122233141143334444445366655553666678557677785877788888
1122333314422223114252331444563614545666155556778888667788887777
1112222213333422133534241115344466555547666855476888888766877777
1111222231112244331324456333245563777455677874556778848566668888
1222222211333424133444441355545613355556117776667778866677888888
1222222314255333142655531446555314466673144677731186687788888877
1122223311112233145162234456666344555563445756634877777788888887
1122233311242223511423335144446351476466557766685777768855788888
1111122344412233444122234451263355555663577758637788886677788866
1111112231441222334442223344456673335566777775568887755688888566
1233444412234344122333541222365517776665118776651888766588887755
1122222211324442113444551633744516337855663378856667788567778885
1122222311224243111444435516664355557643775576638777786388888863
1233333312233455112244451112455561224445666667756868777788888877
1123333311222233112224345116644457766644577766845577868855578888
1111222233311442355116423355664235566642355664478888774788887777
1111122344412233454123335541266354422763558877665588776688887776
1111111233333312332222224444444566645555676885556768888867777778
1222223312444333124453331245555511446557166666671688877788888777
1111111213333222443433224444432255666777588866675588867755588677
1222222211111332145513334455536344556366445766684777886877778888
1222233312224333111244435116664356167447566674775555777858888888
1112222311224423511443235144633354466663566677775555888788888777
1111112213222222134445553364557536647575364477773664878836688888
1111122213112222334444243333344456667777556677885556877855668888
1111122311441233554442235644422356677723566788335667788855677888
1111122233331122344315223344455244467555866677558886677788886677
1111122211322242313244453334455536344555666665776867777788888887
1122222211132442133335441333555416555544666777748666687788888877
1112334411222344112233445122364655533646575886665778888657777788
1111112341444123444222235466622355566733555667738858677388888777
1111112211333222433356624433567244455672455556774888667788888677
1122222211123244511133445553344466573384665738886657888866577777
1122223341122223441133334115553645555566444766668887776788888777
1112222231111422315444423355446635554667358888673588666738877777
1122233311222234511112345666333455666644556777445777788457888888
1112333312222223114245531144445367744753677777556666888566888885
1111122213331222144333324444553264545777655558776666687768888887
1122222231111452316144523666645533667445836874458338777588887775
1111111123333334232234442224444526675555667775556666777788888888
1111223314442333144522231445263314552666775588667755888677778886
1111111234142222344425523334445236365555663657778666887788888777
1112222211332342513333425163444451666664557676845577788857778888
1111112314412223544423335444223356677273566777785567888855666888
1222222212133334111533341155534466657774666555748668877488888774
1111111213333322444322224543266645537776445555768858777688888766
1111222231112244351522443555666435757644357776483378666837788888
1122222341111123441452234444555366665533667755337667888877778888
1111112231441222334444423333452263775555667888856677888566677785
1233333312222233124444551245555514456777148866771886666718888677
1222222212111344111533445555366475533644775336467777866678888888
1122222311112223114443335555436355554463777744667888888677788666
1112344411223344122233441253336412556666777568867755888677755888
1112222312223333144233531444465511474655777776558787866588888666
1112222211123224151334445553644475536488775366887753688877736668
1222222311444523164445231644553316655733166857371668577788888877
1222223415252234155553341111534466165334666673447677788877788888
1223333311222333111122241556666455556444577664885777644877788888
1222222211112333114444356144433566643355766888557668785577777888
1111222231111244355222643355666437755564337775643878776488888864
1112222211332244153332441553334415556446757566667778688677788888
1111111233341442533444225333422255664772566888775568887756668877
1222222212113344111134443333345566667455687774556887777566888885
1223344411234444112334551623335516227775162887756668777566888885
1122222231142255331445553311444536616445366666753887777788888877
1111112213442222134444423354666235556677338556773888567788885677
1111233311412335614223356442273564427755644278556677788566788888
1112233311422335114233351442226544666665447778657777786588888855
1122222311124333112243351666443577766435777764557886644588888855
1111112233334112344442223454462233566666555567675885877788888777
1122223311142333111422354444423546777735866667558886675588886775
1222333311223333122444441124554671145556778855567888866677778866
1112222231112242315544463155546635575446333777468388877688887766
1222222311425523114445331644455316664553167666537777777388888888
1111222213111422334444423345667233455677355586775588867788886667
1111111233333122334555623744456277444562788845627778556278888666
1111111231344222333422556334425563444257688885576668875766887777
1111122311415223444655234446522374665523766665537788888377778883
1111112344411223442222234455333346755388667555586777788866667788
1122233341222223411155334115553344556577444667778888677788886666
1123333311222443115244431552224315666447558666675888867758887777
1111111234444122335542223554466235774762355777663577666838888888
1122233311222234111233345516634455566644555666478888884788777777
1111112314442223144425236474252367777533667885536678885366788855
1122222311112333141225536444455364747553647777536666775868888888
1122222311144233111442536666425377864453778664537788655377888855
1111122213131224333355243555522436556774666667448688874488887777
1222222213332444134444541366675513367755136667551888677518888877
1111122213441222134442523346555534466575366677753886677738888887
1122222211333324511333245513444455166644556676667577788877788888
1111222233144452311644523316445233666452736665557778858877778888
1112233311122223141242334444445366667553686777556888875568887775
1122222211112332133333441355644455566744566677745686777758888888
1112222311224223144443331144533366645555666777756867787588888875
1112222213333244135532241153344415566644555676678866777788888877
1111222314442233114552331445523366455237664558776668888768887777
1222333312422333124423561444455614777566111775668777855688888856
1111112213312222333224443355664435578644557786645777866657788888
1111122213333322144343321444452264555577666685776688857768888577
1233333312223453122244551112445561174458677745586777788866666888
1122222311112243155525431675554366757443667774336778448366888888
1123333411222344122523341665253411655554666665447777777788888888
1222222212333333113435561144456614477556148875568488775688877766
1111111233445512344455523334565277345622773466628777786288888866
1112333341123353412235554162555541622277466677774468877846688888
1111122234411222344155263344452637488556377785663788855637778866
1222234412222344115333441153536471555364715866667758886677778888
1122222311224443115244631154466355554633577766835778668377788888
1111122211333342155333425556634277564442755664427666888877778888
1111111233312222333224423355644455576644588776645888776658887776
1111223341411223444412334546222355666633566677775888778755588887
1111222314411223544122235444663355546633755666837757688877778888
1111112213122224533362245553666455537644853376648888767488877774
1111223311142223144422334454253345555536777858667888888677776666
1122223311124333122244351644443516678435666788856677885577778855
1223334412233334112255341125555461277554618877446688877766668887
1111111123333334255553342256666422556664722588647788888477777844
1111122233331122333441223444444256666667566557775555887788888877
1111233311222233122444331525444355556447585666678866677788888777
1122333411255334112555341222533416625544666777486677784867788888
1111222231111422344444223344566673355556737555667378888677788886
1112222213334452113444521333455213664557866645578666877788888777
1111111231444552366455223644455236645522336777723366777788888888
1122333311222333111222345166664455566444557644885576788877777888
1222333311124443151224436515224365157443655577776688887766688887
1122222213342425113444551333445511334657888666578886765788667777
1122233311112333414222334145526644455556747855667778886677788886
1122333341222233411123354114265544446665777766657887786578888855
1122222211112324561133445666733456677384566783845557838457778884
1222222311243323114443331154444315556677555866778858677788886667
1111223314112333144425336444253766462577866625578868257788885577
1112222211324422513344445113366455533664557838667578886677777888
1111222213144442131444225334667253666777533367775555668758888888
1111111233412222334422523344555633445556774866567778866677788888
1222223312243235144433351644435516467775166667751188677588888875
1111222314222253144462531466665314788653447866537778555377788883
1122222211111322444143335444433355555536577766667787776688888886
1123344412223434155233341552234411552667185666678858667788887777
1122333411233334122223441125566417775664775555647885886477888866
1122223311442253114225531144453366447553666775536667888877778888
1122223411112234511226345577663457776634577763345556638488888884
1111222211333332114343225643442756444887566668875668887755558777
1112222212223333113334431155554467755448667758486667584866777888
1111222213114242333142423533444635555466785558667888888677777766
1233334412223334111223445122444651576666515777765558777688888886
1112222211122323411433334444563347745666775558667555886677788888
1111222212222333144445531145553364477553647777536667888866678888
1111223311122334551223346522533465555774688877746868874466688774
1233334412353334122555441222255411665574166666741867777788888887
1122333312222344125263341155663411566664755556847777788477888884
1112223411522334115522341556623455663334566667448888874788877777
1222222212113345111334451633345566634445677774756688777568888885
1111112231442122344422253664475536647775366775553668775833888888
1222234411232344122333341155534415555664175888667777888677788666
1112233311442333155422331154222655544466557774687776666877888888
1111123415561234156622345556223475566234777682347776883478888834
1111112233114442533334425636342256667482566774825677888855577788
1123333312222243125552431555444311155446788884667887886677777666
1111111123333333222345552444466524476665224766557777765878888888
1111222211132322144333325544443355666447566668775886887755888777
1112333311222343115222436155244366555547665744476667777788888888
1122334412223444112234441152333316555555666678857666788877777888
1111122233114422333144423334455266674752666777558866777588888855
1122222341111233445112234556663345666733458667774588888745588777
1111122344412233441122335444622355556663577888635777866657778888
1111122311441423556444235664422355666233576672385777773857888888
1112223314422223114552331144553644455336777755667786666877888888
1222223312224443114443331145463311555666755888667755886677777888
1112222231111422314444253334455536345555366788886667878866777778
1122223312222443144444331555433611557736185577768885767688887666
1222222312233333111134435511444456666477568664775888677755588887
1111112211333222333342223554444455446666755556867888888677777786
1111111123344455233344452336454523666555277766682777688822778888
1122222314233333142356631425556614557556147777661478786844788888
1111112233112222344452523645555536444577364888773666887736688877
1111222314112533441225336422555364455733648857776468777766688888
1222333311245553112455531624455316224473166644776688888768887777
1111122233311245663122456337224563377745687744456887784566888855
1111122233114442333155423365544236665542766655427677788877788888
1122222231142255311445553144556631444566377777663377786638888888
1112223314123333141253351442555544622557646888776468887766688777
1112222344123333411253334612577746125557466657774688557846688888
1111222213333242115333421553444255444666577788865578888677778666
1112222311224223155444431154467355564673885666738856677388887773
1111223311442333114422536442255366442753677777556888775566688888
1123334412232354122223541116335417766654777776548786665488888855
1222333312122233111124356616443566664555776444457788885577778888
1122222314442233114442331144533615555536557776667778668677888888
1222222312113323111443335144436655444666555766685577788877778888
1111222344122223441555234115653347556663475666634788888377777888
1111112213333332143555324444552264644522666755886767778867778888
1112222213111242135554423355444433355564773666667766888877778888
1111112213122222334444423355544433665577366658776665587788888877
1222223412332334121333441115444615555646777586667755866877788888
1112223311124223511442235544433354466636555766667577788877788888
1111222211113332444333324555563245775662447855667478866677788888
1122223311122243551264435516664357166843577688435576844377778888
1111112213122222333445256333455566344455677844586678888866777778
1112222211223332113334341555543466665444677755846677758867788888
1222333312222233144444531414455311155566777756667887586677888886
1111111233144522344455523364445233665552737666627777776288888888
1222333311243333122455551244445512647558166477781666788866777888
1222223411223334512663345166633451166644551777845577888457778888
1122333311122223451126334515266345555766454777764448877688888876
1111122211344422133344225333442657734886557788665578888655777666
1112233311222343155263441522633415576664885777648558766488887774
1122344412223344122235441166354711633557666835578668557788888777
1222222312444243111544431115543366655537666657378688573788888777
1122233451112334512223445123334451666664556788647557886877777888
1122223311222333111243531444465374888655744866557778866577788665
1223444412334455122344551233555612735666127388861777788617788866
1111222211222332415333334155556344755666447576864777768647888888
1111111233345512333452226334555264445522647777776468887766688888
1111112213333222133322245553674455556774566667448688677488888774
1122222311112323415623334156633744586667445886674458888755587777
1122222213323244133334451666345516667455186674451888777588887775
1112222311444233144552231445552314556773886567738866667388886777
1223334412222344111253441552534416555377166653776687777866888888
1111112233142222331442526344445563347855637778556777785866668888
1111222211312244333122443335554435556674855666748888677788866777
1112222234111152344461523466655234476655347768583337685877778888
1111111231444552334455223345556233445662378886227778866677778886
1111222213411142334444423335564233756662777555667785586677888888
1111223311142223414423334445223364655777666557776555888766888887
1111111231333222333432225554446255446666555466778884677788888777
1111111233441222344442223335442635557666357577765577786688888886
1223333311223443112234441152264415566647556667775567778758888888
1111223311422533614255536142255366427553644478836674788867777888
1111223311222333411233554422366544477665474766558777766588888885
1122222212233344133354441113555461735554667775846667788866778888
1122222211333342511113425555534456663344566677448668777788888877
1122222231112455311124453664444536664775386667753887777533888885
1111223341412223414123334444253366672555676755586777785866788888
1122233312242335111422356114433566447775644888756688877566887755
1111122233131222433315224443355544666755486667754866777588888877
1111111213444452334445526333452263655522636757726667777788888888
1111111122344555233346552333466527374655277746662778448627888888
1111222234111222344412553446666533446555377666753377777588888888
1222222314422553145555531456633314446377111463778888677788886667
1112222211111232444445326474553367745533677755336677858866688888
1111222341111233444222334455233645555536477775668887776688888766
1111223311444233144222331544422355666773555668775666888758888777
1222223311222333114444356147443561177435688877556668877566888755
1111122211333222413333224443555544666555447765687777666877888888
1222223311242333112444431144556371488563788885667778856677755566
1222233412555334122253341115533467115544677777486776884866668888
1122222311114223144442331545443365557337655777776567888866668888
1111112233311224353222443555524435666444355766667777768877888888
1112223311422333514426335114263655442666554778685747786857778888
1112233311112223445125234455253344655563746666687468888877777788
1111122213311222453333224555533645778886455788864477868644777666
1111234411112334562223345622233456777374566677745568788455688888
1112233311123333144222351422675544466755466667554688877588888777
1222222311213233111133345567374458677774586667745888666455588844
1122223312244433124433331244456715555567155666671886867788888777
1111112233333112443433224444422566666255776685557768885577778888
1111111234144222344445223334556237755562377556663788886677788886
1111222231411125334466253444662533344625737766557778688577888885
1111122213332224113352446335524463775844677758846667588866775588
1112222311111223444442235664477355647773556666735886877355888883
1111222311222223114444335664443356677433556788885567777855667888
1111222231111222344455253344555534466657384666673888867738887777
1222233311245533112455361224453611444536778455667788888677778866
1122222314442223111444331154543366555553766666537677788877788888
1122222231112444311524443155564733556647338556778388867788866677
1111122211333244153322445532264457376644573766685777866855788888
1111112231144422333444225536446255366662533778685557886877777888
1122223314523333145222331455677714556677145567771466688844688888
1122233312222334111523446115533466675554666785446777854877788888
1111222213134252133342521633455566634457688847576884475766888777
1111111234444212333342223344452236665555667757556677777868888888
1112222312223333111233431444444455667777555666675855667788888887
1111122345151233455512334456222345567273466677734686677748888888
1111122211132222443352554335555644337566443777664887877688888766
1112222211111322333333425366774455667744556777445667888455688888
1122222341223323411133334114555544445555666667776888677768888877
1222222212113333111143335566443455666444556774885766788857777888
1122222311224553111244531664445377644553766668537788685377788883
1122233451262334512623345116233451166444576688485776888855777778
1111123314212223142223334445553644755536847775568877776688888666
1112222211123342133333421354444465554777666557776685588766888887
1111122345551263455512634455126374444263777722638877766388888863
1122333312223334121255341112555466666654776765547777844478888888
1112222311422423114444235154466355577663557777638578876388888663
1111111233344142553444425333642253666222566667885577777857788888
1222222211112333411155634755556347755863447788634777866344888866
1111222211312244133322453334444536775455666755586667788867778888
1122222231124425331114453314444536677755366755583667777866888888
1122223312222333114433341114444455667888566678885566787855567777
1112222311224523112445531444555366447553677777736666673388888888
1123333312222333122444441124545461175555677777586666775866888888
1233333312344435126664551266444512666455127777581278885812777888
1222234412233354112233541113365416666654767688547777785478888855
1111111122334555266345552633445526334477263448772688887726688877
1112222341122333441223534116665347786553478866554778866547778885
1111222211113222444333324453666645533766458777764588777655588888
1112222311124443115222435554444366577733665577736665877368888888
1112222213122425133334451134444563345555677777586677878866668888
1111122213333332134555521346655244466752484667528848677788886777
1122233311122343122244431544463315564667556666775558877788888877
1111111122223334222563342555663475855634778856347788864477788664
1122233311442223111442335164423355644667586666775888777755588887
1222233411233344112333445122674451166747566687775668888755558887
1111122233331422355114423355446235554462775646687776668877788888
1111112344411223454422334556223345666273556887735668877756888877
1122222312242333114445331444453311666555666675558886777788888777
1111123412222234125233341556333455666774566677445886877458888877
1122333311222233114224331144444566664755866667758888875588777755
1122222311244243516642435116444351766663577776835578788355788883
1111112234411522334445523334552236644552366666578888767788887777
1111111233333122334452223644555266477752644475556687777866888888
1112222233122425311144453316444573366465773866657778886577888855
1112222311422323514423335114636354446666554777665557888877778888
1111112213333322143355224463522744655777466557774465887866688888
1123333312222433122524361155544671785546717854467778546678888866
1222222213333442155533441555334615574446117766661887777688888876
1122222211332442113333441335554416666554768666547788885577777888
1111223311222433512244365124473655447736554777365877886658888866
1112333344122253441122534461225344615553766668557676888877777888
1122222211342552113444551334555613744656337746667378868677788888
1122222213344425113664251136647513364475836664758388877588877755
1122223312223333112334551144444516664775666847756868775588888775
1111123344122253411262534422655344666553746785337667858877778888
1111223314111253644442536444225367777253667882536678885367788855
1222333411123354111233546612235467772554666755546777788468888884
1112222213344442153446621534466215333677153666775558888758888777
1122333312222233111423345614444456164777566668775688888755558877
1111222233112442531124425334444655377766553776665837776658888888
1222333311222333112445531124445561444775668777756688787566688885
1122333312222343112233451664444517668845177685457766855577768888
1111222314412323441123234555233344456666755556667778886877778888
1233333412355554123355441222544412625477166668871688888716687777
1111233311122233412222334445553677444566877745668777555688888866
1122223311112223114523334445536347775566448775664888755688887766
1111112231122222333244443533444435666777555666675886888755888777
1111123344112223444123334422235364777555666777556688775566888888
1111122344112223441522334655257346555573468887734666877366888877
1112333312223344112233451162244576644455786666657888888577777855
1111222233112242335112443655544436557447366577773665788766888888
1111112213332124335222243356664435566664755586847588888477777784
1111112213333324135332246557724465577224657774446557888866668888
1123333312232343122224441555444617755466177755561788888677888666
1111111233444412344544523665555236666552366788823377788277778882
1223333311234443512244435112244651127666555777765777888658888866
1111111123344444223444552335555623755886237788662377888627778666
1222234412223334112563341555633411556444715666667758888877777888
1112333311222344111233445522234465577744665577776655788866688888
1122222314425233114255531444566317445563177885637777866378888866
1222233412252334112555341115633477156364777566647785664478888888
1112222213132244133332441533666415556664557568845777688477778888
1111122345511223445156234455562374485623748886237887866377778663
1112222211111222334444453344466533336665788866657888885577777755
1222222213333424113344441133546415555666177755667777588678888886
1111111231332222333322245355664455576664575768647777886478888844
1112233311222333112223441555634455666744556677745668787488888877
1111112233341125344444253336422536664225776685557776888577768888
1233333412323354122222541166555416666554116767548877777488888874
1233333312223243155222441555444416555647166666771886777718888887
1112333311222223411552234145553344455666474858867778886677778866
1222222213444526133455761134457611345576813455768338877688887766
1111222314442223114422335144463356666673566777735557888855778888
1112222213322244153333461537444615374466155788865557866677778888
1222222311111223144433331454433655544666575566887756688877777888
1122223314444223144442231111553355555533666666676888888788777777
1122233314422533114225531642555316444553166647786677778867788888
1122223311122243115244431556664355556443566664738877777388888877
1112222233111122334441256334445563447855637778856667885566777888
1111123341551263415552634552226344527263477778634877786348888866
1111122213142242331444423544666235578866335788863557778655777886
1122223341111223411522334655573346655737465577774666678844888888
1123333411234444112335441122355466622755688827756687777566888875
1111222311112423556644235564422356664443567677335577777388888888
1222223312223333111334445511144456666674555666745588777788888877
1222233312223343125553431166544411165574886665748866757488887777
1111122314112223445552234456552374466553774866637888866377778883
1222222314255533142545331444455314677753116777736166878866688888
1111112311222223442253334555533645577366457777664778888644888866
1122222211111232444153334455556345577763485776634877766388888866
1222223412223334115533641155336417555664177756647777668488888884
1122222211213442511134465333374655537746585374465877776688888866
1111111231322222333332243566666455777644557776445557768488888884
1223444412234544122355541233555512336677183666671866887718888777
1223333311234443152224631552246611557446155574667777766878888888
1111222233122244331254443115544433555666735588867777786677888866
1111111122222222333345553333455566644455644478886677778866777888
1111112211333222333445223344555264445577646855776668887766888877
1222233412522334115253341155533416577744165774486667788866678888
1123333311244553112444531124445322266655726685587666888877777788
1122222211223444111334441553336455536364557666687578886877777888
1122222341211223411155334666653344665573466557734885887748888777
1222233411223334112234445116334456167784566678885566777855577888
1123333311222344112223345112444455678884556777885567678856666778
1111223344111233444152634555526344552263775882637888886677777866
1111222211311242333522443335564473555664777755647888886477888666
1111222231111222344445523344455536477575366677753667788836688888
1111233312222223111243335554463657554666577544667777744688888888
1222223312422553114455331144455311644533666675786777777866888888
1233344412323344122223341255664411555666155777761588777688888876
1111222211132422531324665333346655534446575574667777748678888888
1112333314123335142253551442555514422266784488867888866677777766
1122223312222334111533346515344465154447655588776888888766667777
1222233311122223441111335446663355444666555546678858877788887777
1122233314423333114222351142555516445557666477776664888768888877
1222222314444233144442331155553316665773168557771688587766688887
1223333312224433112444351224655511446665177777658888766588887765
1112222211122233145555531455566344466663447776637478888377788883
1122222341122323441533334415553644117556477775567778888688886666
1222222314224333144443331554463715666677156868771568887715558887
1123333312223443111244431152244455526777566666675888867755888877
1122233314442235144622351446623511466335717688857776885577768885
1111222211322342113333425663734456677784556788845567778455668884
1111123311412223554423335444226357446263577666685777868855778888
1111122231131222333344425335444255556644577668885776688877776688
1111123341412223444152234555522346565333466657776688777768888887
1123333411232334122223441125555461777754667755546677888466688888
1111111213333322444553224445332674455226788855567778888677786666
1111111231444442354544623555556233336562773766627777786288888882
1222222211111332414155334445533346655573466665774886677788888877
1111122233111222333322456773884567738445667784556677845566888445
1233333312233444112444541122225416777555167777556666878566888888
1111122231415552314444523364455236647752366677523386677788888887
1111222211122324155233446655377465533374658377746588787466688884
1112222211323442113334425136334755566647585664475866887758888777
1112222212223444111134445633344756663877556638775568387755688887
1111112344515123455552234456223344562773488626738886667388867777
1122222211111332145553324465333744653777446587874665878766658888
1111223314222223142533331445355614455566447775667777788688888866
1111112314122223444444235555462357756623557666837777668378888883
1222222311211323411133334556667344556677488556674485567748888877
1112222344115223411556234415662374456663745566837775888377788883
1111122213144225134462553334622537746665377468653774685577888888
1111222213111422334444425333464253777666537877765558788655888866
1111222311422233144252331445566377458663744588637555886677778886
1122222213333332111343521664455516644455667488856674888577777788
1122234411223334112335346125354461255544667775586777788866678888
1111112211332222443325624443756648337566488375564877755688887756
1222233411122234111523346175553466775334677758846675584466788888
1111233411112334552222345555223466655334676788846767884467777888
1111222314444223111422235444633357766338557666885777668855577888
1222223312144223111544431615574366657743666557436885577388888877
1111122213312242133332425533444655554666557746867778468677788888
1222222311233333112344431155546615544466557478665777786677888888
1112222233142255311442553116445536664557366448773668888738887777
1222344411223334512223445166334751163847551688875666887755688777
1223333311232334112224441552444411556666775558667758888677778886
1123445512234455123334551233344512666475122666771866887788888777
1123333312233435122444451244555512645577126777771666688766888888
1122222213322444135555541333544411365747613657776666888768888877
1111112314441223444442335555226357552263775866637788886377788866
1111112211333332443536324755662247555622477586664475886847778888
1111112231331222333442223444455534555556748888667888866677777766
1112333312222223112444331154444355554677855566678886676788886777
1122333311223444122233341125554416666554777765547786665877888888
1112223455112234511162345577623457786234557863347778663488888664
1111112344441123455552234655222346557233466677736667777388888888
1112222213132244133332441355354415555546777888467777866678888666
1222233412233334112235546177375461777754611755546668858466888884
1111122311422233144452234467525346675553467755836677778366888888
1122223311112233141523334455236647558666477588664475588647777888
1112233311222233122455631444456314445563777775667888755678888866
1111112231144422333452263444526633745266737556667775558877888888
1112222231111452333144523344455233464755666667756886877588888777
1112222344122323451123334516637345166777455566674585886748888877
1111233311212333442125364422253644775556477558664775886677888886
1222222311145523144455231446653314467553188675338886777788866677
1111222211312222413335554466335544666375466683754488887588877777
1111222211313332143335224443652744666577488665774886657788885557
1122222311124433512244435144433351666637588886675558667758887777
1222333311124343112244431125446377254666755566867755868877758888
1111112233112222433552624333556643555666447757664487777748888888
1222223311123233411233354116666544768855447668554476885577777888
1122222341122233441133334451636745516667458667774588677755588888
1112222341112523415555234155652346666633446777734867777348888888
1122222211334242113444441333345513665555766665587767688877778888
1222222212344444113333441113335461666555666655557777778877888888
1111112231332122333322245553644456666644567774485677777855888888
1222233411233344112335441223654411766545777665557666885877788888
1111122213312222133424553334444567388845677788456777788566666855
1111122213114422334444423345666235556762356667773587778755888888
1222233314422233114442331155463611544666755555667777886877788888
