1222222314444223111144431551634375566333755566887775666877788888
1122233411223334111223441552633455556664756666847577888477778888
1111222211322425113444256634744563347755663387556638877568888877
1111111231442222344444423333556237755662377556667775568678888888
1112333411122334512223345162263456666644556778485577784857778888
1222222213332444133355461733544617755446177555661777866618888888
1111112344441123444222235422333355553677588566675888677788866677
1111222213332422133324551163345576664445766664457777775588888888
1111112231331222333334225556444256666744556677445568777788888887
1112333312222443122444431124543316655777665588876655587766888877
1111122341122223441552234466553346665337486555374866777788888877
1122333312222443124444331245466311755666177558867775558677888886
1122222211233323411533334115666745555667444855674848866788887777
1111111233441552344555223446552234465722366677773668887736888887
1122334412233444122335541266335412765554177655881766668877778888
1222222211123344115533446115333465553744666577746685777768888888
1112222231224425311444453114465533333655777866557788866677788886
1111112213222222133333345563777455677744566667745556644488888888
1233333312224344112243456127444561278555617788856177778566668885
1222223311122233144444351144633561466355666655578888775788887777
1111111231444422344555223446552233667552336677573866677788888887
1122233411122234511223345516333455766644557768485776684877768888
1122233412222344112333341155534416555744665577776668787766888888
1111111213333342334444423554664255776662557668625778882257778888
1222333312422223144555531144565311455663714476667777776688888888
1123333411225344112253446122533461725544667758886675588866777788
1111112233144122333544426635544263355742666557728665777788888887
1222222211233444133333341566664415666447155868771588887755588777
1111223312222433112444431524644355566663575888635777786657778888
1111122233331122343515223445555234444556774666667776868877788888
1123333411223334512666345122264451772644517666485577778855788888
1122233311422233144442231445466311755563777758667755588678888866
1122223312222443111444331144533566465535766665557677888877778888
1223333311234433122254441225544411555566715766667777776688888888
1111222213333222144335251143355566444445667777556678888866777888
1222333312223344122334441555446417555566177758661778888617788866
1112222233111442333311423535544265555444665777786677787866688888
1111222314112333441522234665552344665553446758836667788877777888
1112222231224255311444453164464531666665377776553788777533888888
1111112233133124333322245555262455766664757668647578884477788884
1111222213122455131244556332455566344577633448776638887766888877
1122345512223455112334551122345671333456777884667888846677788466
1111122213331442133334425344442255666662566777885677778855578888
1111111234444212334442223333425263555555666677586767788867778888
1222222211111332144415364455553674555336744883367778866677788886
1111112231122222333324453336444577866645788866457778664577888555
1111123311442233514422335564423355664277555642778666677788888887
1222233311422223144555531446655311446553717466637777786678888888
1111122341222223415666234155666345555663444573338848777788888777
1233333312224433112444551224465512746665117668657777786578888885
1122233311242235122443351114335566444755664777586677875866788888
1222223312224453114445536114555361145333667457886777778866678888
1112223311224453122245531144445366466553766665337777758877888888
1111122211332222413325554433335546677558466675784467777846688888
1112222233111112334455223444655533446655374786657777886677888886
1111122233331112334322223544666655544667855547678588476788884777
1222223411223334112335441133554461655544666575776866777788888887
1122222211234442133334451163345516634455766688557776688577778888
1111223312122433122244431556444355566433557766687577686877788888
1222222312233333111444335114466655174686557746865557468877778888
1112222211333442133544221135466673354446777588667555886677758888
1122222311112223144553331445555344556633466667774886677788888877
1112222211132424311324443333354466666554767688557678888577778855
1112222233111452311664523336645233664455776674557777744588888888
1111122314144423144422235646622356666733555677735588787358888877
1123333311233443122224441255244411655555666665778886677788888777
1112333311222223144552231144553366445777684455576888877766668887
1222333411222334511123345161273455666744558667745588667488888777
1123333311233443112444441122225466725555677788856667788566778885
1122333311224343112244431224455316664555666677756777787588888885
1122222311111233144552364445523674553336744556667788868677778888
1122233311122223111424335444443354677777556688775566888755666888
1111222314412333144422331454622355546663555768667577886877778888
1111122213445252134555521344455233647882336477886366778866677788
1122233341255553412225334112553344165777441667778488666788888667
1112333311124433122243351264445522644555666655776888888768877777
1111222213332222111345556663454566334445667344856778888577777888
1111222213312444331122243566664435567664357778643557788855778888
1112233314422353142233531442265514466655146676658888777588887777
1122222211233332114433331145556674445566774485667778855677888886
1112222311222433511624335166644355776443577766435778864855788888
1122222211113332143333521466535744665557446675574866777748888888
1222222312444443121444331113333516667555667677756877788568888855
1123333411223444112234541222345416673555667777556677885866788888
1122333311123433511244365512444657724466577228665577886657788888
1112222233111222333114443335667455556774558666748588677488886774
1122233312233333112244441112555466665754668557546688877488887777
1122222311422253144455531144453361465533666665736877777788888887
1112222341125533441225534412555346165333466677784677788866778888
1112334412222334152223341555533415656444176568887766668877777888
1111222213333422111344425553344265534477665557776688878766688887
1111111233122222344445523346555233466555734468887666688877777788
1112333312222333111223441555244655774446555776468888766688887776
1122333411233334112222341125444466655554667777586777855866788888
1112222341522663415266634152666341577883415578334557783844777888
1122222341125523441155234115553346657733466777834467878866678888
1222233311242533611425376114253761445537666455578664477788888887
1111122213334242115344425553442256633477556637775668778766888888
1111111233122222345555223456655734446757348867773448666738888867
1111222314112333142223334455266344455666477588667755588677778888
1111222344112333445122234551263347556636475586664775888677778888
1111233311212223142225336445553366455557664447776668477788888887
1111222233312442333114223551444435666747556887775568888756668877
1223344411223334111233341222554416655554776568587766688877776888
1223333311222233412255534111665544416557444666578886677788888777
1122222211111342555163425756634457566334577663347776883478888884
1222223311112243156624431556443315664437556684375568877788888777
1112333344122253461122534612255346155573466657774668888748888777
1222222312244443111455431144566317775663775556637785668378888883
1111223311142233514442635554426355442263557778637777786688888866
1111111233341222334445223444455236675552367777556678778866688888
1111223311444233144442231456222355566633575566887775668877778888
1123333311222333122224451444444511666555666775558668777788888877
1111112233114222334444523346445233666752886677558866775588887775
1111112211344422553334425333344255555422666667778688667788888777
1111233311222333122244531244455366644455677777556667877568888888
1112233311112223414423334444223566647775677775556888755566688888
1222233314222233144444331555446315755666117588861775886677778886
1223333311234334112244445162264451662677518666775888877755558887
1112223311222223144555531445553314657773446678834667778866678888
1111223311222233112233345556663455567644586677745868777488888744
1111122213311222443332524435555543356656477666664777788847788888
1111233314412335146123354466223546662275446727758867777588888855
1222333312333443122255441255555416666654167778441667888817777888
1222222211233333144456331145563711456667444556778855866788888777
1222333312243335112444351224544516645555167778881667777866678888
1111223312222223144553331445555314556773844666778846667788888677
1111122233341112333444423444522236555555665777786667788866778888
1112222311111223444442234555445366655553666777338866777388888877
1111111122222223444255534555533345667733466667374886677748888887
1112233415223344155233341552236415552764177777648878876488886666
1111122233312222344112563455555634777556347777763444866688888886
1111112213331222333442523444425534465557886665578668677788886777
1122222211111332441533624555366644573366455773684577886847778888
1223333311234443112345441627455416277755162275556688777866688888
1222222211111323444513334455133644455636775556667777776688888888
1111122311222233122333345563666456666774557777445578874458888884
1112233314122233441223334512666645166777456677884557778845558888
1111222211113442533334425663344256673442566788885667887855577778
1122222211333322111435551444355644473356477788567787865678888666
1222222311123333141253331465555514677775446666754446687788888887
1112333311124333115244635552446652222446577778465778788657888866
1111122213322242133354421663554788635547886354478865547788666777
1112222213144442131455421336654233666547336665778885557788888777
1111111123333344232233442225544466275554667777556678888566778888
1112222211333332113453321664555266645557864445778664477788888877
1111123311441223544442335546622355466623576667235777777858888888
1111222314122233144422331445663344556737555667775666777858888888
1111222233122244351126443516664435556644357766883577777835788888
1122222211113422133334561333445674444556777555667888586677788886
1123344411233344112223341222553416655554666675586777778867788888
1122222211111122334444453446455536666775336667753377775588888888
1122333415223434155234441152334411522666555777668888766688887777
1111222213332222134356661343557614435576445557764887777648888886
1111111234455512344555523344456233374662838777628887766288877662
1112222213344552134444521344555213366755136677778366667788888887
1222222311224433115543331556443315666477156644775586677788888887
1111233311422223144225331466253344466555746655887776658877778888
1222223311242243114444435111433355556377566666675567777788888888
1111111233312222333222443356666455556444575766485777684877788888
1111122231142222331452553344555634445666374856863778888677777886
1122223311122234151132345566333456666744568687445588874758887777
1112222314112323141223334444453367745555667777856677888566688885
1223333411222234111233341552667415886774558867745886667455886774
1111122213331224133333245566662455556424756664447577788877788888
1111222233144255311442553144426533774265337776658887776588888666
1222222312424333144445361114453671775536717558367775586688888866
1112222213224444133255541133355461355544663788886667887866777778
1122223311223333122443351144555514445556774666667777776688888888
1111222211132332143333224453556644555566447588867477866677778888
1111222211332322415333324156637744567778445666784456877855568888
1222222311124523161145331664453366645553764458537648888877777788
1111122231412225314444253444672536666755366867753888877533888775
1111122211322242133555423355554463377544637788846677778466668888
1111111122233344522234445223346455536664555376668887776788888777
1122222211112233114455534446555344666573848665738886777388867773
1111111234445512334455223344555236475222367777883666788866677888
1111222231311242333142423334444455556667558667775586667788888877
1222234411223334112333441125355461555574665687746666877788888877
1112223311112223145552234456666345555663447776634778788347788888
1111122213144225134422256345555563444775633377786368777866688888
1222222314525323145553331455533614444776188487661888876618777766
1111111123334444253333342555554422567547266677772686687726888888
1222333312333453122224551444444511667785166778851677785566678888
1122222231214255311144453314464537746685377666853776868537788885
1222333311222334152233441555444615557446177577661877766688888886
1111223344111233444512234545223345552663755766667777866877888888
1112223314122563441255634112556347725563477885634788886347778866
1111233411222344112333345522263455777644557876645778786658888866
1112234411223334122333441122344566666455675555586777888867777888
1111223415122234155232341552333466555344667774476666777788888888
1111223314112223144223234445533364555555646677776667788768888887
1111112344441123454422234566622375666823755568337557683877778888
1122223311123334152233641552636417566664775555647777888478888844
1222222213333442113534441555334416655774116587776665888766888877
1112233451123334511233345162222455677774556877745668874466688888
1122233314252233142552331444555316447755166478881677788866667788
1112223311122333122233431544444455666664566788685777788855577788
1123333311244433112224431125224455556664557788665777886677788886
1111112231122222344424563334445637745556337556667777588678888886
1122222341121233441112334455555344567773455676738886667788888667
1111122212222233144443331544443365557737665557776665877866888888
1223444412233544122235441123355561773585616738856167778866677888
1112222213123322133334441555344416555547866566478866677788888777
1222223312224443111114435516644355556643755666337778868877778888
1122233311122333114423536142255766444577668445776688857768888557
1122222231142552311444553314645573166458733364587766668877778888
1111222233411112344444223345555236457755367777753688887866666888
1222233312212343111123435516634455766664557688445776888457777888
1122233311222223111444335144463355474688555766885757688877776668
1112333311123444151233445552364452222664566666775888887758887777
1111112341122223444444234555522355665333566667738668877788888777
1112222211111222333445556333455563344455677744886767788866677888
1111122211333342513444425333464255774622557766665777788658888886
1222233314422353114225531444455314666553117666587777766877888888
1222333314222353144225531144445311145556788885667887886677777666
1111222211222332114553364445333645555366457777664777876648888888
1111122314442223114442235445526355555663777776637878666378888883
1122233312224433115243331152444416555477666658776865587768888877
1111222213344422113334421555344265653347666587776655887768888877
1111122213144442331542223555466233354666375546667758888877777888
1222234412232354121333541111635477766354877666548777865488888655
1111222213142222131444453344664537776685377768853766685537888855
1112222211333332144333221144444456666677556688875568887755588777
1112222211223424511134445333364753366647555666475856877788888877
1111233311122435661244357662433576624435766224557777845578888888
1233334412253344125563441255634412256677112556671888866788887777
1112333311122343115244436552444365524777665227876558878766688887
1122222212233334111334445133446451666664555777685777776855888888
1222222211133342513334445111366455773664557788645578886477788866
1112233311223333114222531446255544765555477666884476866877778888
1111223311122333415223364457263645572666445777764555877648888888
1111112213313222333332224556666744555677445556674448886788888777
1122222211123342133333451366444516644775666847756888775588887755
1112234411222334122333341125663477756444755566687555668877788888
1112222213333224111332441533644755556447556666475668887788888777
1111222211113222333334245533444455556664557666647777786877888888
1222222211233333114343351144466571774655777446558877666588888865
1112333311122223412255234155553344456777884567678446666788888677
1122222211213244511133345553333455667744556777446666777868888888
1222333312123344111234441122345466665455666755587677758877788888
1112334412223334122233341112566455555664775586447788866677778888
1111222231411225314442253444666533476665377778653788886537788855
1111222231144442331144423333342255677778556777885666678855566888
1122222211113223144133334455555346775583466775884466778866677888
1223333412233344122355541255555412667784166678841676788416777888
1112222314111223544122335444333654473886557788665777866655778886
1222333311233344122234441112444516777755667787756668888566888555
1111111122333333224443356244444562255555627775886677777866688888
1222223311214233111142335556444355664743566647775586687788888877
1122333451122334511122345512263457776634577664445766888857768888
1222222312423333144433531444555614777556177785561877886618888666
1111223311212433122224335555446355444663554777667777876688888886
1111111213333422334444253346442577666625776682257786885577888855
1223344412235546123354461233544612235566177775561178888677788886
1111122233441122534414225334442653776666533776685777868855578888
1111122213333324133352241555552465677724656777446667788468888884
1112233314423353144222531644255316472555164777756667778866888888
1222222212111333111433536664555364444753648477556688877568888777
1112223311122333144233351442555544426555746666667777776878888888
1111112213322224133352243363555466675444666755446777588877788888
1222222312244433114445331167455311674553666775536677775868888888
1112333311222333122224431154444455546666555786667577888677778888
1111112213122222333344423354464435556664555666678858777788888777
1111222231111442333554223633544236775844667558486675588866777788
1122233411253344122553341265533412655574166777746666887488888877
1222222213333332133444441114456671147556777775668878555688888566
1111223311422223114252334444555346455573666587736666887788888777
1112222213112245131624453366445536664755368847753688477538888777
1122233311244443122243331112444355555566577766665788868677778888
1111122211313442553334425336664253766442577666425777788855788888
1111223311412223514466235546622354446633554776835577768877788888
1122222311122323144443331554436615544366555576668888777688887777
1111122211122232444444324456633355576663557766635777778358888888
1111122311441233544422235442263355466663756688637555788877777888
1111112231312222333344225563344456644477556887775566877756688888
1111222234412522341155523441555637445886374888663778788633777666
1222222312444423114443335114333655116666555566775888867788887777
1112222213124242331444443115556433557766385576663885776688888777
1112222233124225331144553114446537446665378888653777866577788865
1112222233112242331444443114455536667755336775586667885867778888
1111112231144442333444423335522263555527665588776668887766888777
1111233451112234512223345566223455666334757766647578888477788884
1122222211132445133324551364444513678845336778556667785866777888
1112222314112233144225331644553366644553667745556678888877777888
1122222211233334112536341555363415766644557786445778866477788888
1122344411123544112235441223355462735558667335886677788866677788
1111111233331222433335524465555246657752466778824667778844678888
1111122213114422333334423355642255556477855864778888647788666677
1111222311222333114233335542466655444766554847765888877658887776
1111122211331222443333224433567784445667884556778885566788556677
1111233314112333442123354222265544766658477665584766558877778888
1222222311224433154444631545466315556663155767631777777388888888
1111111233314222333444225335444255556742858567778888666788666777
1111122311122223445666234555662345666333455773884577778844778888
1122223311233333112224341544444415566666755555867777788677888886
1112222213344255134442251334455513674855136778886367788866667778
1111222211222233411553334445536645555336477777764878766648888886
1111111231332222333425267334552677444566774445667775556688888888
1112333311122344122233341562264455666674555686745888887458877777
1111223311112233455662234455622345566663457777634578888844777888
1112233311122233122244431444455367747553667777556666875568888888
1111122211122232444444325446633756666637588863375888883755557777
1111111234412222354444223556447235566677356668773556888733888877
1112222212223333111333345164444456667447555677775666788755888888
1111122231314222333142425333444655774466577778865788786655588866
1111233344122333411222234415266344755666477555667777855678888888
1111112231144222334422553444425533666665337776658888765588887777
1111112233112224333552243635542436665444666557748868577788888777
1112222233112242333155446331544466315544666675556877777788888887
1111222211322444513324445133264455736688577366885773666855777888
1111111122233333244355332444455522245556778488667888886677777666
1122223311223333144223351144555516444455667777576688877766688888
1222222211334442113345441134455516333775866667758668677588888775
1111222211112322433333324356666645556677444568874555887748888777
1112333311122343115223445552234465527744658887746586887766668877
1111122213114222333342523444445533664775866677558666777588888875
1122233314442223114422331444553316666577166665578888555788887777
1111223314412333541122365442223655444736557777665777886658888886
1222333411233534112635541126354412267554666675546777777488888888
1122223314442333144425631174256311742563777775667888555688888566
1111222211322422113444456334555563445777633557786367778866688888
1111111213444222334422223344555533345665777788657778886578886666
1122222231144252311445553144666531446665377776853778768533788888
1111112233344125633341256334422564442275668877756688777568888755
1112222213124422131145556344444563337885633778556777788566667888
1222333312223433121234451116744516667455667674456777785588888885
1111222231114242314444423355545236665555366777773667878736888888
1111111233312222333422523644555536644555667444786777777866888888
1111122211122223455553234453333344566677455667774886667748888887
1222223311442233111442331155443355556446576666665777888877778888
1111112311444423544422235466222355667733566673375886777755888888
1112222213322244113344451136445533366455777766657776688578888885
1111112213333332145533224445555244665522476666664778888877777888
1222334411233334112223341115244465555574656685776666877788888877
1123333312222334115223441152564415555664775776647777666488888888
1112222211223332144533331145555344455666474576867777788678888866
1111122233131242333314425563442256666447555666475587777788888887
1112222311222443112554431555444366655743686577336866777388888877
1111122234441125336412253664427536844275368887753688877536687755
1123333312222333124444551244666512466755114667758886775588888777
1222222312442533144555531446555314466663117688837176688377777888
1122223451112334551222345611333456773744566777445568778866688888
1111122211331322443333224453552644555566475777764777888688888666
1222222312213333111113334555555644577756477776664487888644888866
1112222231112224311444443335455433655557366675776668777768888888
1112222211322244133334451133444566737455667778556778785566688888
1123333311222223111244231444445366455557666657776885577768888887
1111111233344412344445523366457233655572666557726688887288887772
1122333312222333144224531144445561164555666655776687777788888887
1112222312224253111645536616455366664553777445337777448378888888
1111112234441125334222253444425533667555336677758886667788888677
1222233311112233111224536777745367774453667445556666448588888885
1222223312233333124355551445556614457666147776681477768814788888
1123333412223344115233441552224416555554166666778868677788888777
1111112213312222334444223566644435666647355567773588888755888777
1112223311222333112333441526644455666444556777775668777855888888
1112222213114422333154423631544436355747666657776855587768888887
1112233311222223411233334156666745566667455577774455788744888888
1111222211334422133334521366645273644455776488857666885577778885
1222333311223334122553441255544411165774666657746668577788888887
1112233311224353122243551266435517664385777648857666488577744888
1122233311112343515122435555224356664443567664487777668877788888
1112222213324224133344441333546411775566777558667755586678888886
1122233341252223415552334115553341156677466666674448777788888887
1111122213331222143333225444367754444677555666785666777855888888
1222222211333324113444441333554411665555666677576688875788888777
1112222341222323411153334616553346666577488665774888555744888777
1111222311122423155224335555444355666743666677438868774388888777
1233333412355334122256641255566412566644125678481777784817778888
1111222211112232455555324555663344666663446777738447877388888873
1222222311123323111453336144553764455777664557776644587866888888
1112222231111124333332243355566475558864757886647578866477788644
1122223311242243112444431155544366575573655777736668787366888888
1111222211333222114335524443355546663755448667754886667788888777
1223333412235334112253441122555461555444616678886667777867778888
1222233312233343122554431655547716554477166544771668887716688888
1122233311112233114422234444553346455555666577776777788866688888
1222222312213333111134456166334566644445677777456788555577888888
1122222213324442113334441563337415667774156666775555567788888888
1122233411222344111223445515334455553346577766667777668678888888
1122222211113322411433334444443355677777566667885566778855568888
1222222211123333111334435515647355556477586664778888647788866447
1122222213324425133344451133345511677445666778856777885566678888
1111111212222222334444445333446653336667555668675588887758887777
1111122314421233142222334445663345555663457756667578888677778888
1223333412223444111234445122346651773766515777765558788658888866
1112222312224423111544331655544366675433677754386677558867788888
1111111122223333242225534466555374466853746668537447685877778888
1111223312222334123333441244444516666665776788657777855578888855
1222223311243333122443531114445516447555666677758866677588888877
1111111213332222333342425553444256554477865546778666667788888877
1111123341112223455522334665523744665237446557374666877788888887
1222222312444523144645331746455317766533177685381766855817768888
1112233411122234115223345552333456677774566677745668887456888884
1222222211342555113445451333444516634775163377756666877768888888
1112222213111244333312245663334456777444566777885566877855568888
1122223311423333114233551442265514766665447765557478668877788888
1222223314442223144555531444565311666653116777538668777388888877
1111111231333222333422225344444456666774558866775888866755588777
1122222212233333111133431554444655574446577776665588777688888866
1112223311122233114422334444533647745556777755667878856688888566
1112333341123233441222234511662745566667455688674558888745887777
1112222211223342111335446333554466635554667758546677888477778888
1222223312444333122433531664555516645577168445771688877716688887
1112222314124223144443231554433315666377556667775888667755888887
1111222213114442133344225533442655334666755558867788888677777866
1111111231222222334444256333455566374455663774556688777768888887
1112333311122333412222354146255544466755466667754886877588888777
1112222311222323411143334444456377455563777558667775586688888866
1222222211133342133353441113554465555744657777846777888866666888
1112334411223445162334451623334516277845662788556627885567777888
1111111122223333244223532645535366455557664447776647777868888888
1122222311142333141423531444255344667753666678556777788567888885
1111222231412255314142553644425536674775336747853667778836688888
1111122213122244135552243365544433675584336775846667788866777888
1122222213332444113525541135555413356664773868647778886477788866
1111222311422523114665234446552344765533747655337776888877668888
1111122231422225314442553144446536666665367777753888877533888875
1111122234411125334422253444425536665555366667773688877738888877
1111222213222444133324451163447586633475886637758866675588877755
1222222312144333121444531114555366447753677775536688775866688888
1223333311223445112336451122664571266445778664557788648577788885
1222233411253334122533341255555416775444167774881676778866668888
1122223311111233444512234555523344555663477766884766668877778888
1112222344112223451162634517666345777683455776834577868345588883
1122222314422323144443331445663317755666177756561777555688888888
1112333311122223411225334444255366475588644775586667758866777888
1222222312444423144433331143355516666755188677551886675788886777
1111122213331124333552243355224466755544667775486677784866788888
1111111122233333244444332222543677555446777856667878555678888866
1111222311415223144452334455523346555233466666667888888877777778
1111122211333332143332224444552644545566775558667788888677778866
1222222311122333441133335441166755444677554666678555886788888777
1222223311122233111133334444555544645577486665578866667788888777
1122222311245553112444531124555364445333666666736887777788888877
1112222312223333114233356144555561445758664777586647888866477788
1112333312123333122244451162245576664445776888457766688577788855
1112223451162234511662345166223456667734555777348577873488888834
1111111122222333442555634227756344447563487775638877556388888666
1223333312222433112254341555544411657744616587776665877766888888
1111111122344445223333452336344522666455727766557777665878888888
1111222213411222134455523346557738466557384465773848666738888677
1111222213332242135444421354446613557766335777665558777688888886
1111122213144442134454423365552236666552336755773667777788888888
1111112233441122333444423536422235664777556666775568777855888888
1122223311112333141222534466655344666753466877554888775548888777
1111223314112223444123334444223356667777566668875558688755588877
1222223311222443155666431155644311566443775664837558888377777888
1222222211134442133334441335346411756666777555567785588677888886
1112233311142353114422534444625347666253777762557766688578888885
1222233314442223114444231154663315566737158867775588666755888877
1111222314412223114444235644772356677883556678835567778355668883
1222222211111132451555334555353644443336447777667778866678888886
1122233312222233111453334114555644445556747785667777866678888886
1111122213222242133334441536664455336647588886475588766755887777
1111222311122223415523334455553345567737444667774666878766888888
1111222311144233551442235444226355466663556667335887777788888877
1112233311123333142255531422255544445566447766667778866877788888
1222222311112233114433335146777354466677554686675548867755488888
1122223312233334122334441155444416555577165858776688887766668877
1222222212111333111443536666435377644553766844557768845577788888
1122223341122333441123334411255564447585666778856677885566777888
1112222233111112333445523344445263744555677775586776788866668888
1123333312222233111112234444556677745556774455567774666688888888
1111233412222334112333441223444455666666555557768858877688887777
1122233312233344122533441125554411555546777786467788866677888866
1112233311123343112223435552244675555466777544667777846688888886
1112222213114252631144526344445563334557633875576668777768888887
1111122341551223415562234555622344566633444776637777868377888888
1111122341112223455555234466552344466523747766637777863378888888
1223333312234355124345551244446512247665177776651777886618888886
1111122233142222311442563334555633444566774885567788856677778886
1122222211112233141566634455556374444563747785637777856388888863
1111222211122332133333324455555644455666774588867744866677778888
1122222231124442311114443333544677335556777855567788856678888666
1111223312222433111224335444443354667777556667775568878855668888
1222233411122334152233341555553415566774166666748888867488877774
1111123311451233444552334644523376645222766655827776658877788888
1112222211122233144433331456663344556666447588687775588877775588
1112222231112422331554446315777463557744633557486635778866688888
1222222211334442511333445511634455166334566677775866778758888887
1222222212133333111144331544444365547778657778786555587866666888
1222233312422233144444331455555314667558116677581667778866778888
1111233314122233145552231455552344465723464677776666878768888887
1223333312443433124444451222255516775555166788881167788866667778
1111222211133244133322245553344455663744566777785567888866677888
1122222211123333411233354166355546667755468677754486887544888877
1222223311223234511133345511634457766644557686645777886457788888
1222222312244333155443361155443671154436717555667778866677888888
1111222341512233415222334155666345557663445776634477868877788888
1111122211122222344555563344555634444566337788863378888677777866
1111222233311122344145623444456237455566375558863777788677888866
1111122233122222311445553444677534466675348667753888667538888775
1122233311222233111233341555544466665477665554476888874768888777
1222222211112333415566334155566341755563447776634778768844788888
1111122211333244513222245333444455536646555766667777788677888888
1112333311122223141552236455527364885573644885776444888766668777
1222233411112234115223341555533455677734656777846667788466888884
1112234415522334115522346115233465552344666773486677788867778888
1111122314511223445522236455572364455773664477736666887388888873
1122223312222433155554631115446317554863775448637788486677788866
1122222211133322144443331455553314566555744666887766688877777888
1111111213222222333333425556364455766664577664445777884857788888
1111112341122223455566234775562347558623475886634777886344788863
1112222233124522311145553316444536664455337664857776688877778888
1111123345111233455222334455522344566623445677776666788788888877
1123333341222333412555554122657541266577411866774448866788888677
1112222233111242311444423335544463357777666578876555788866657888
1111122314412233142223356444233564467735666667558887777588888755
1111222213111242333322445553344455563644756666667588888877777788
1111222231122425311444253344445536777755366787553666877836688888
1111222341122333411223354662335546665555446657774886887748888777
1122222211111132444443324445633377756633777586667555886675588888
1222222213333324113335546111154466665574865557748668777488888774
1111111213334442555344425553664255333642777766627787668278888882
1111222213313242133332421563664755666647555864475588447788888777
1111111122233344252333442553634722556447885666478558677788886677
1122233311222443115224336155543361675444666755546777888867778888
1112222211113242133332443334444567777455666755556677858866788888
1222333311123343112244435126664451266447566677775558877755888888
1111112341451223444552234555522345667723466667738668877388888773
1112233312222333122455531444455311644455666667578688677788888777
1122222213334422113444451133334561677745666675556867777588888885
1111112213444122533344425633347256377472566777725566888855668888
1122222231124244331144443311564783355677835556778885566788866677
1222223311223333112434531144445617774456888755568877565688877666
1112233311112223412223334444563644545666755556687775886877778888
1111112345112223455555234655222346666733468677734688787344888877
1122222211233244111333345166344456663744556677785567788855778888
1222233311242253111442531614445366446553766665537788885877777888
1222222311111223144444531646445366665553776655337777758378888888
1112223314422233144442231445533311655777666555576866687788888877
1222223312211233111144335564443755644437566666775568777758888888
1222234411112334111223345562334456663774556667745568887758888877
1111112231444442314422223345555233665755366677753866677788888887
1111122314122223144442235544433356667783556678835667788855677788
1233333312222433121224441115666477156444777566667755555878888888
1122222213333322113344441153464451556647555867775888677788886667
1111122213122244331524443555244637555546377888863778868637778666
1122222231111442331444523614455536664775366777553677785836888888
1111112233411222334452523346555233466655744468857766688877777888
1111112314412223444422235544623355566333755668887577688877776688
1112222231111422351544423555554435666674333677743866677788888887
1111112211333222333444423355444266555542666577776665877788888887
1111122211331242333444425534442255366667553676675886777758888887
1223333312222344125533441256666415555644157776641177886877788888
1111122233311222333314223444445566664775868647758686775588887755
1112222211333442111334425533346255778466577884465777866655788886
1111222231411222314555523344665533346557834467778884677788886667
1111122213411225334442253644552536644555366666773888887738887777
1122333311123345611233456612224567724445677884556778848566778885
1222223411233334112355541123354461755544677588486677788866667788
1123333312233443124444451222246517776665177668851786685577888855
1112222211223424513334445163334451666347556667775558677788888887
1111123345551223445112334555222344562733446667776668778768888887
1111112213333332134443225444422254677778556678885666778855566788
1233333312344443124455441222256611112556777775568788775688888666
1222223311122233114443331155444365554477665888876655887766688777
1111222213144422133444521333445233655555666777756866787768888887
1112222314122223144455331444533316465553766655887776668877778888
1111222314122523146625531466255344467553848677538486673388887777
1112333311222433511244365122243655554446575784667777886677888886
1122223311224235114442351446433517764335777666657886688577888855
1122222213224445133664451136674513367745138667458388675588887775
1111222211112222333344443334455536674485667777856678888566778855
1111222213114422331334225333544455555644578866667778868677778886
1112233311224333111244435522264375666644755566487557868877778888
1112222233111112344444523667455236774455366777853668778536888885
1222222213333332144343561444445611555556117588667777786677888886
1112222341112223441133235444433354666667556886775568888755887777
1222222211233344111333345516364455166647555664475886877788888777
1122222341122553411626534116665347766653447855534778883347778888
1112222213112422133554441355544633554466737566667377688877788888
1223444412233444122533461225533615555366115777768188777688888766
1111222211312242513342445553444655533466758833667788886677777886
1222333311123443112224335116247755564477556664475668688758888877
1122222311424223114444331144333566788355677788556777788566668855
1111111122234445226344452263344572633355766388857666888577777885
1122222231124424331444443111555637755556337566663777868677888888
1111222211112223444555234445333346657733466557776685878766888887
1233333312223344125244441256644712566667115566771855577788888887
1123333311234445112334551222444516224775666887756888877566688775
1111122213344442113544223335542637355426877555668777776688888866
1122222213334242133344441353644615566666115577685557788877778888
1222233314442353144423531144265371882655718866557178866577778866
1112333312222233122445531116445366664455677748856777485567788888
1111223344112223411422334444523677775336775556667755566688888888
1222333312223344112253346115544466157474661577776555788766888888
1112344411123344511263345552634455226337858266778582677788886677
1223333311244433122244351124446571266665718865557778665577788888
1112233312122334122233341555555416666554777766447778668478888884
1111222213333332133444421544446215555662555766667777786877888888
1111122233441252344412523446155233466555337666657777768877888888
1111122233331122334351263444522644555766455777664858777688888876
1112222233144422331144425331164453666666535677885555788877777888
1122333311223444122334541223555416777754166788546667885566778888
1111222211222334155626341566663455633334576777445777844857888888
1112222311124443112224435566444355666733555867735888667388887777
1222222211332444113444556133477561634755616337756668877588888875
1112223311111233444442334564423355677228556678885667778855667788
1233333412233344112222441566624415556664117566887775558877778888
1122222211233333112344431155544366665447666855478688855788877777
1122333411122344512233345112263457777664588877645588776455888666
1223333411222234111523346615237466155774666855748688577488885774
1122222211113332441133324445553364455557664875776688777766688888
1111222234411112344442223333455536674555366775586677777866888888
1122222311124323551243335116443357666444577666845777688855778888
1112223314112223141223334455553344555566477666664777886877788888
1222344411223444112333541223555411336555766665887676688877777888
1111111213222222334442556333475566334755666447756864877588888877
1122333312223343122255431555544611155466777444867788888677788666
1222222211344442113445551333445516637755163378856666788867777888
1111111233331222434355524443352246655572446656778886667788888777
1111233311442223144422331444223355556777566668875568887756688877
1222223311222333411555364155553641157736448777764487876648888866
1111112213331452633444526344445263355552666758226767888877777888
1122222341112223415113334455637345566673455677774856667748888888
1111233314212233142223331445255544455565748886667777888677788666
1222334411123444111233445152234655572366555783867777888677888666
1111222233112224351126743566667435566774355677743855874438888884
1111123341411223444422335464622356666273555566735858877788888777
1111122311442223154422335554233654443366555778867777786678888866
1222222211123333451113364551337644577776445777664555866648888888
1222222311223333411111334445556344556567845566678488667788887777
1222223311244223511443335114436357144666578888865777786655577886
1122223411122334112253341655553466677534686675348868754488887777
1111122231142222313444243335544435556777358567678588676788886667
1122222211113232411533334455666344456663745586687455888877777788
1112223314112223141442536444725367747553677775336666855568888888
1122222231144255311442553114665537746855377468883374668837776688
1111112233112222344444223354446673555566733855667778586677788888
1122222231112244315444443155546631775556337756663387777688888886
1111122233111422355544223355442633577446355777468877876688888666
1222222211213333411155534155565347576633477766664477868844788888
1111222233311112443333224443555246666555467866554678888877777788
1112222211223345111234456673345566733445667384556678848577778888
1122222314525623145256631455566314475633144786631747888377778888
1112223311112233145522334445523647756636475586664758888647777888
1112344412123454122234541122355466333555666377756677788867788888
1111222211122332143323556443335764455557664577776648887766488888
1111222211122223441566634555563345756663457788634777788344788883
1123333311234443112224431225564412556664755566687757688877778888
1222222213344424113334441155333416655555166677756686787788888877
1122222231114224331544443315544673185566738885667378855677778866
1112333311423335114222351442666544422655477766857778668577888885
1122222211111223145533334445556344556663745666837477868877778888
1111222211122324155523446553337465553374666883746888777466888774
1122222211133242133355441135555463355774667777748666667488888884
1111122213441122335442223554467733554667355546773888666788888677
1112222213111122333444423354446633545776555557768888776688887766
1112222312223323114433331145555566444755666447756667777788888888
1112223412223234125333341153666415556644755766847577868477788888
1111111233344122533344425553344256667422568777725688877756668888
1122223311112233415126634555276345555763477777634448876648888886
1111111234442212335442223555462633554666335746887757866877778888
1111112233112222334452523334555637444456877745568777766688888866
1222222311114233111542335555433655744366577446667788488677788886
1222333311223433511224435511246675144466755486667755868877778888
1111122211312224333332245536377456666744566677845587778455888884
1111111122222222334455553644445536667445366877753668777733888888
1111112213132224333322445335244455556744566667775886667788888877
1112222211133442113334223335544675558846758888467557864677778666
1112333411123334112233442224444562778855666788856777885566677855
1111222233111242331444423354674233546777555666775566868758888887
1122222211233233111133345666663455677444566788845577888455777884
1111112233112222333332245553444456664474555667775666778788888887
1122222211111322415533664555336647753886447538864775386644777888
1112223314122233141223331444555344465755666667856777778567888888
1222333411223334112223341115664455556447566666475587777788888887
1111112213122222333345253334455566447555664477776648888766888877
1111222211312222133455553334455536444445366678886677778866777888
1111222213322442113333421335444455554666555788867777888677788666
1112222211344222133344441553333415666664556776685777777855888888
1222223312223333144435531444455511145556177776668778776688888866
1111122231331222333415523444555234644557846665778868667788886777
1111222311142233551442236554442365555443677888836677878366677788
1111122211333322144433225546633254467777554677875546878856668888
1122222212233333111433356164475561644755666447556884777588888877
1222223312224443115544431155443361555533617777786677788866668888
1111112231313222333332224455555546665757468667774488667744888887
1111233314142223144422331452255344555563777566687666688877778888
1111222213114422133334253344442563647775666675556886777588888875
1222222311244423111544431555446315556663777568637776688377888883
1223334415222334156223341566234415766648157668481577888815577778
1112222211345222133455551344666513346675334466758848867788887777
1111111213333332443555324445522245556722466667774688778766888887
1111122231114422335664223356642735564477356648773586488755888877
1111111213333422566344225663442255634442566377885677788855777888
1111122211312222433332564444335644773556477775668887756688888556
1122222211223333415563334115666344155766455577664447777788888888
1112222213112244133325441366555433768554377688547776685477668888
1122333311122334111523346665222467655554776588547668884477778884
1111222311222333112423356664435577644355766645587674458877788888
1111111122233444223334542236355427366544777655887776588876665888
1111233312222223111243335554466377554666755444667758846877788888
1222222312444453124555531146553314466573188866731886667388877777
1111222231112222341555553446665534466757344667773346888738888877
1112333311222234111223345556234456667774556667748558677488888874
1112222213122244133333541667335416777754666777546868555488888854
1122222211132244153336641536667415366674853377748555577488888874
1112222314444233114542236145427361555873655588736666877368888777
1112223312224433112443331124445366666455667785556777858577788888
1111122233441222344112253444555533466665376688853766888577777788
1111222211132242561332445663344456333744566677775556787758888888
1111122231412255334122253444455533334465777766657887866677888886
1111222314422223114442335164473356648773566688735668877755558887
1112222314422223114443331155446355554763577777635778886688888666
1112222213113242133332441335444465554778665777786655778866658888
1222222211121334561113345666633455663344556774485777884857778888
1222333312224433121243351114444561777545667775556666775868888888
1111222211132452133324523333445566664445666777458868775588888777
1222233311233344122334441125544416675555167777556668877766888888
1111111233312222334442223555446633555466777754467778566678888888
1122333311122333111223445662244456666744568867475588877755588877
1111112211332222333344223355544467755548667554486677777866688888
1123333312233443122225441125555461157554677778846677788466668888
1222223312243333121444351114663571444655777666657777688588888855
1111222233311122333144256334452566445555666447576677777788888888
1122333411233344112335441122255466625544667775586777785866788888
1111112233311222443333224445636247556666477555664775588877788888
1222222211324445113444551133445513333665777776657888866577888866
1112222233111112435566624355576243357766433557764447778648888888
1111111233333122433322224555552644575566477766664478886847778888
1111111233331222334444253644422536664725666777756877887588888555
1222233312224333112444335111466651744688577466885577766855577888
1112222311112433512224335444443655547336555778667777786688888866
1233333412222344122233451164444571655555716668857177688877766888
1112223311222233144423331144536674445556778885567778556677888866
1122222311442223144444531466665316666553177885537778855377788883
1111222211122232144444335544633375546363755666687755868877778888
1112334451122344511123345562233456672344566727885677777856688888
1122222211111332144444325446663354666333556677885777788855577888
1122222211133224511133345666634455566344575663845777778477888888
1122223311424223114442335144663351477663557766685578886855777888
1111122311122223444224335544446355666663576768335777888855777888
1222233311122433511224435116447355664473556647775666888758888877
1233333312323444122244441225556415556666178558861788888617777776
1111222311444233154222231544466355554663755666837778868377778888
1111112211322222333425563334556634445576447755768487777688888866
1112222312224433152444431554433315556663157766667577688877788888
1122222212233444155534341553333411566664715666847757688877778888
1111222341122533412255534125563344557633448776668487777688888766
1111111231444442335442223555426635552266357788863777886637778886
1222222211133342113355446137755461337754667775546688785466888884
1111112213145222334452263345527634455776345577663477788688888866
1111122211222232414533334445556347777563478755634787856688888666
1111122211332242513226445333666455336744555867748588677488886777
1112222211132244131325443333354466666544777665557776858577888888
1112223312224233124444331154443315556666757566867775568877788888
1112233312123333122244341124444455567788555667885666777856677888
1112222213333442133334421155554261655447666655478866877788888777
1112233411122334511233345222673455556744558867748888667488666777
1111112231222224313335243335556477777564787555648876666488888644
1112233344123355411263554122633541266655442676654777777788888888
1223334411233334112223441112255465555544666665776688877788888777
1111233312222343152224431544443315647777556676675586667758888888
1222233311112334111522346665233465557744665577446857777468888888
1111112213331222443322524663555547633558476666584776788844777888
1112222213122424131144443335554637885546377855563778666677788886
1122222212233333114443331144455671445566777555667877756688888886
1222333312224333112244341555544415666647155866671588886788877777
1122233312242333111422431514444365555547655777776688878766668888
1112333311422353144225531142225344466557466685778666857788888777
1222223411122234511113345533334465557444657777786567878866668888
1222333314222333142555531425555614466666147778661447788817778888
1112222341155523411155234445522344653333466667776688887768888777
1111111233122222344552663444525633745556377448563778888677788866
1111123415512234155223346555233466522334666788447667784877778888
1111111213322222333334526663745267777455678744456687844568888855
1112222231144252311442563144455637745556337756663777788638888886
1222233412222344113333445166344451666666511577885555788877777888
1111222211132222313344443334455677344556778885567788556677888666
1112223312223333112244331444455614755556747885567778886677888666
1123333311224443512222435112644351776644557766665587777658888888
1123333412223444122234451162334511666645666775557777758578888888
1111222231144225311445253334452533446555737666667777786678888888
1111112314442123544422235564422355666663556777635887877388888773
1111222213311242333155423335544266655544776665487778664877788888
1122222211133322113344441553344655534476557777768578876688888666
1111223314152233144552231445223344555563746666667777786877888888
1111112233112224333322243554444435666477556777775566887856688888
1111122213112222333333324455555544667775466668754688687744888877
1111222211222334115253346555533466557344677773846778788466688884
1111111231444442334424223333222563677555666775556687777568888888
1122333311122233111243345522444455555674588866748886667788667777
1123333311233443512222465122444651177746558877465558776688888766
1112222213333244133522441335554416555574167777746666877866888888
1111223314111223445522234445266345555663457777637778876388888866
1111112213444442133544423335555236657222365577776688788766688887
1111122211322222133444445333344655553466756666687557788877778888
1111222213311122443555224335666644355556433777664777878647888888
1111222211333322414333324145555244446655776666557777766878888888
1111222211112223444556234444566377455563777566637785863378888883
1111122213344225134444251333342566673425667777556677878568888885
1111222344111223441222334455333345555666455776867777868677888886
1111222213144225136444251364542533645555366788883667788836777778
1122333311233434112244341152244455525666775556667788886677778888
1222222213334424115334441556333415566664115576668885777788888777
1122222231422455314444453166664531667685317677853177788533788885
1122222231211244311144443333355435555554667777776667788866688888
1111111213344422533444425533664257736882557368825776668257776888
1111112233141222344445523455555234666652347786663378886877777888
1222344412223344111223445511133455677338566788885567777856666788
1111222211322445113244553332445563334557666645776866777788888887
1111222213444222134455521344455613333556773888567788886677778666
1222333312233444112334441225546611555466177555667778886677788888
1122222211333322114353361143556677445566744445667777558678888888
1122222211111233444152534675555346777553466677734688783346688888
1111233311222233411233354422555564455577644887776466877766688888
1111223314112223441222534444555366745553667778536777888366678888
1222222212333334111553341555563411575664777766647787866488888844
1112334411223334112233546122355466255544667558486777888866777788
1111112213333122334445223644455236475552664755886667788867777888
1112222311122423511664235556644357668443577684435576888377778883
1112222231122442331144453661475536644755366887553668777538888877
1111223311412223414422534444265366666653777786537777855388888855
1111222233142222311455553144444533336645777766557877866678888886
1112222213124225331144553617444536674485366788853677788536677885
1111222211122322413333354436365546666657446855578448875788887777
1111234411222334112533342225334455555544666677776687788766888887
1111112234441222334412563447225638477556388775663387755688887566
1111222211333332114443224445533244555677855866778588677788866667
1111122213333322113443325566444256666642555564475888887788877777
1111222233311122443155524333665247376655477766554787766844888888
1111123344112233444123335444236657722266557777665778888655588886
1112223312224333111243331552466655574466555746667777448877888888
1112333311123343512222435122664456666744556767845777778455888888
1111222311114223554446235744462357774623576666635777883355888888
1112233341222553411255334112653344726555477668884476666877778888
1112223311122333122244331554466355546677544467775588666788888877
1222333311222443111122431556444355667743555667475666877788888887
1111222211222233415333364157736645577366457777664555888644488888
1222222213333324133344441111546475515664775556667758868677788888
1112222213333222111433356614435576664455767644587776455877888888
1111122213444422134445521345552233336557888367578888677786666677
1222222311223333411111334445556344557666445777768855777688888866
1222222311112423511144335555443655774436858774368887773688876666
1122222211322444133566471355644713566447135566773355687788888887
1112333312222233124442531144455361664555666645578868777788888777
1111111122223333224433532244635577446555774666587746885877668888
1222222211113332111333334444566645555556457778664778886647778888
1122222311111223445133234456633344576688455776884577666855777888
1122223314442233114442331155426315554663557776665778868677788888
1111111122233344222334445223346455737466577777665555766688888888
1222344411223454112234541132345516333755666687756686877588888777
1111123314451223144522236645772366455723864457738666557388888877
1233333312222343155524441115224461655544616577776668887768888877
1112222213224424133334441335554416355777165557776668887766688888
1222333312122223111444331515443655554666755746667777486877888888
1112222211223332145555331455633714556637844666678444867788888777
1111112231144222335444426355574263555742633357776688887766688887
1122222211334442111354421333554433655774666557776668578768888887
1112333451123334551236345512666455127644522276647777776488888888
1111111233333212344422223344444255677778566678785566787855566888
1123334412223334112235546122354461555574615777746688877766688888
1112222233111224351156243555566435756664377776443877764438888888
1111112341421223444222334456263345566673558667735586777758888887
1111112213142222333425523344555536444557366648776688887766888777
1111111233334412333344225664478255647782566478825666778255577888
1111223344112235441223354617223546677335466677754668877588888855
1112222314112233441522334415533647885356478855564778888677776666
1111223344112223541162235444623354466337588667775586677755888887
1122233451123334512233345122666451176664558777645588776488888774
1111112211332222433355224663755846637588466375884466755844777788
1111112314422223144422235546333354463777555667775858666788888867
1111112233311222443352224433555564435757644887576668777766688888
1222234412123334111223445116333455666774556677845667788855778888
1111123341122223415525234445253344655537846666378886677788886777
1111222314111223444444235455562355556623776666637778883377788888
1122222311122333114233331444455567444588677755586677758866667888
1223333312244333124444551222445617775556111775568777666688888886
1112222341123233412233334155556641755566447756664778886847778888
1111111213342222533442225334666653447766534487665888877755588877
1111122213331122334355523444452236444555666777756866787768888887
1233333412335344122554441225556412275564118777668188876688877766
1111111213222222432355554333556543377566444777768844877688888666
1112222233144425331144253116472538864775338647758886777588666655
1111122314422223145226631456666344566733455887334588877755888777
1112333451123344511223345122234456277744566787775668888755666888
1122223311224333112543331125466675554466757554667778844677888888
1111111234144442344422223333225533677775666887756866875568888755
1122333341123323441222234115555541666655446667758468877788888777
1111112234155122345566623445666234456672344587723335887788888777
1222222211233333111114536777445367774553667844556678844566888885
1111222211222332114333335444436654554666555546778888866788877777
1222222211213344111133445553334455637748566667485677778856678888
1111111233333142533634425566442255766442577684825766888257777888
1223333311222333144222551146755514467555144677778846666788888867
1112222211133222114433335644437356644877556648875568888755668777
1111233341112353441623554466235574662358744628587776285877762888
1111223312222223145555531445655314466663744466637788888377777888
1112222231112422313144553333455536444755666477578666677788888887
1112333314122223141125334446253574462555746666657778886577788888
1111111213334422333344225536422755664277556447775666778856888888
1222223311424223144443331455436315577866115788865557886677778866
1112222213133222133334441153446655574446557786665777866857788888
1112222211122234115555346553333465573444667734846667788867778888
1111112213342222133442243335444435556666777555667877758678888886
1122344412233344123333541222555416555754166777771666888766888887
1222223312443333125434361254446615554666155788861757888617777788
1111222213333324111322245533664455577664577776645577664488888888
1111223341152233415552234155223346557783466778884466778846667788
1123333411232344112323441122244455556667585866775888666758887777
1122222212213333111145536644455364447853674778536777885566678888
1112233411223344512333445122344451267777555667775666678856888888
1222233312222344111133441566633415666664555577748585777488888877
1112333311123334122224341225544466554477655888776558887766668877
1122222211233332114555361445533614475536447785664778888677788866
1122222312242443111444531164775386647553886675538886775388667753
1111111122222223444423334444335567775335666755556667777868888888
1112333314123335441222354411625574466225748666657788868577778885
1111111234445212336452223664557236645772366455773364587788888887
1111222213111244533222645333666453378864557788645557866477778884
1122222211233324111334441333554677755546787754467888556678888666
1111222211332222113344445333664453776844577768885577666855576888
1122233412222234111113345553334455566447885664778856666788887777
1122233311242233111422331544446355476666554777665557777688888888
1111112231222222314445563334555633445556374486667778888677778886
1112223314223223144233331144455516674455667775556678778866788888
1111112213344442135454223355544233565622735666667777868877788888
1111122213314252163445526634755263347552634475886347788866777888
1222223311222333111143335551446655444666754746887557668877778888
1123333312224343125244431152244415555566177756667777768688888886
1112233314122335441223354116223546666775448867558486675588887777
1223334412223444121233441112355461773555677777856666788566888885
1111122233122242311444423444555637775556377777563888865638888666
1122333311123233112222435156644455556464775566647777886477888888
1112223341122233411152634555526347565663475666834777778844788888
1122222231144442311445423116455533365577336685576668877768888877
1112222341522223415556634115666341555633444776384777863877788888
1122222311142333514422335146773351466777554667875446888755668888
1222222311123333114243351644443516477555664775856667888567778888
1111111233441222334452223334526673445556777456667778558678888886
1111112231445552313452223334556273345562774446667888888677778866
1222222312243333111435531114445366774555666744756867777568888888
1111122314142223144423335445263355452636755586667777866877788888
1112223311142333114422335564223756647777556448775666487855688888
1222333411123344151263341522673415266744555567748566677788888887
1222222211113342511134445555336457733664577388645778866477888866
1111111233144522333445523644557236445572366858726688887266887777
1111233314122335142233551422366544266665444676857777778578888885
1222223312123333111244331155444655544776558747668587776688888766
1111222233311112343335523444465244777652477876558778865588886666
1111111123333344223344442553466725554677225586778258866788886677
1222222312124433111114335664444355647733566777785566677855888888
1111222314112233144422235544446357777763577667635588666355888888
1112222211112332144433324444553346665537666665778885557788888777
1122333415522234156222341566633415566344155667441777777788888888
1112223311122233414233334142556644445556775556667788888677778886
1122333411222234111233345162364455666644576677845777788855578888
1112333312223343112224431525664415555644557766647777686877888888
1122223311123333415222634155566341455667444556674888886788877777
1222344412223544122335441133354611735566717756667775566878888888
1222333312222443115244331154444316557788166578886655787866657778
1111223311122333441223534662555346727555467777754668887844668888
1112222311223223111333334455555544675588446778884467778866666778
1111122211133322333343526744445267474452677755556667785866888888
1112222213333332113435221444555514645657446666578886677788888777
1112223312223234112333341556667415566674885567748855674488887774
1122222211133242133333441355444415566664755568887566688877777788
1112222311422253144425531664455316674533666745538867777388888877
1122222213223444133333441555534615577446175576661777766688888888
1111111213342222333442523444465233466655777766557888866577788885
1112233341222333415223634152666641577688415776684557788844557788
1112222211223444152333441533364715836647558666475588667758888777
1111111122333333233444562244755624447556288875562888775688777666
1222222211111233411455364444753648777536487755368877533688885666
1112222344111223544162235541666357446833577468835576688357777888
1111222233311112433333224444444255566667556666875588888758877777
1223333312433355124444451224455511226655117666667777888677788888
1122222211123234511333345163663456666744555867748558777488888774
1112222211132322141333334444355546644577866665778686555788888777
1111123311122233444233354442253544662555766688557766688877777888
1111112213444122333344223556472733564727555647775566887866688888
1222233312222333111113341555556455666664758888647778886477778444
1111122213331124335566243555622437756244377566647775684478888888
1112233411123334152222341526633455567774588667745588667488886774
1111233314112223444152334555523344552266745666687776886877778888
1112222231114442333114223335444673554666775556867758588677788886
1112233311442223514466235146622351446673554667735888887755888777
1111223312222333124423331145555566457775644777756644878866688888
1123333311234433122444451222245511666475866777758666877588888755
1112222311114423144442234455552366655733666587376685873788888777
1222344412223554123333541233555416667544167675881677778816678888
1111122231314425313442253333422567774455677748856677885566668888
1122222211123233114333331544446655447766554887665588876658887777
1222223312124235111144351666433566764355677643857778448577888885
1222223312444443122433331114435516155555667588886677877866677788
1112223311123333144223351422555544677588466775584667777846668888
1112223311122233411522334445673348456777488566774885566788855667
1122222311244423114444235114677356666733558677735586677355888888
1111122312222233112443335564447356644473556667775586677758888888
1111123344122223441522334415623344556663775556667775888677788888
1111233311222323411522234445566377445663744555667777588678888886
1112222314125523145552231465533314665733446677774668878746888887
1123333312223433122244441552466615554666155748861757788677778888
1111111231444442355664223355644273356882735566827375668277778888
1111122211322244133225543333655477366654777666548777865488888854
1233333312224553124445531224556611247556184477661888876688877776
