1233333412233344122225541111254416777548666755486677755866788888
1111112233333112333442225555422657544466574486665778868677778888
1111233314422335142223351444223516644555776666557777668877888888
1222222211112334515113445553333467555384677788846767778466668884
1112233341222223415233334156666641567677415677774455887845588888
1111222231122452331144523644455536674475367777753678888536668888
1111122314212233142223334444453346666555667768857677885577788885
1112223341122333441223534412635544166755488867558886675788667777
1222222311244423115443336154443761588337615588876665877766558877
1122223412222334155333441555534411566344165678886666778877777888
1111111233313222343335226444455266644452666788557677788577788885
1222222211233334155333341556666417566684175568841758884477777884
1122222211132323141333331445555564457588644577786647777866668888
1112222211112232144444335544663355746833557768385776688857776688
1122223311122233111424536674445367744553667455536677885867788888
1111112213144222334452667344522673345566733455667888855677778888
1222222311124423111544431555546375884463755886637788863377778666
1111112234444112334422223334255536747775367778756668888566688855
1111112341122223444232234545333345556677458566778885666788886777
1112333311222433112244331552444455524666577777765577666688888888
1122222211223444113333441553644415336778556667785567778856678888
1111112213133322333344225555542265574488657744486667778866677888
1111111234444122344546223355462735556627356668273568888738887777
1111122233122224311556243555764435857664358877643888766438877764
1112222213332244135352441355566413556644135776647777766878888888
1111222341152223441552234415533344556377645663776666777788888888
1112222231122444311244443156477735566777355666773358866835588888
1111222211122232144333335543366654444466577888865777888655577786
1111222211122233451623334556667344566673455677734557778844888888
1222233311223333122444431444564617555666175855661758888677777888
1222223314455223144552331444533314555677118666671888677788886677
1111123314412233154442235544622355466233566678885676788857777788
1111111123333333222243452622444566444775866777758666877588888555
1122222211113342115533425553344456773344567777485666677866888888
1111222213311122433333224455366644555766444577768885576688888777
1112222233111224331512443555555436665774367777443688778466688888
1222223312244533124445331664557316645773166455771166577788888888
1122223311124223511243335164444356677443556677775586667758888888
1111222233312422335124443551144435555546377766667788866677788888
1111122314151223445522234445523345556663477786637778886377888866
1112233311222443155244331552243315566447556674776666777788888888
1111233344122233411252364172533647725666477856664778555547888888
1222222312433333124433551144445511467555166677758886667788888677
1222223412333334122334441155666415566744156677881567778855778888
1222222212333333111344341511444455566664555677775866677788888887
1222233311233334112223441155544671775446777556467885566678888886
1222222211334255166344451633444516377845163788551637788566777888
1122223311122233111233334444555546445575466887756668777766888887
1111222314152223144555231645552366444533667748386677883867777888
1222344411223344122233441113335416677555666777756688877568888855
1112233411222344112523441555234455553364777773668778766688888866
1112233311222333122444331125544466555774655858746688887766688777
1233344412323445122234551263344512666655166777551867777718888888
1122222341255223411153334155555341667773444667738488667788888667
1111222211312422313554243335544463665574636857746668577788888877
1111222213332244113322546133555466635444666755846777758877788888
1112223311112233142225534444465374746653777776538878865588886665
1111122211334222133442243335444435555566777775567787666688888886
1222223311142233114442335114666355544763577747665557778688888886
1111222211132322413333524336555744668577466685574466885748888777
1222333412523444115234441552336417523666175556661777888677788888
1111222314442323114223331444253364555577666555776666887788888877
1233333312344434122224441155225411155556777756667778668678888886
1222223311112243551124435661444355644773556677335866677788888887
1111112213322224133324445363244456636674556667785577778855788888
1111222341122523416255234165555346665773467777834667878344888883
1111123311422233144442335544222356467773566667775688687755588888
1112333415123634155226341552263415522634758886647777886477788864
1222222212333333144445531145555311455666714488667778866677778888
1222222211113442111333445533444455367777553666678556686788888877
1112333311222333112425531624255566644457666844578868475788887777
1112222213111122334445523344455637745566337455667777866678888888
1222222311112233441133335441366655444677554866675588867758888777
1111122314112233442225534426555344466553766688537668888377777788
1223333312233434122244441125466617554666177555561778858677788888
1111112233112222433332254366665543476665444765557477885877788888
1111222211313332413335324444452246465577666655778686557788888877
1222222211213333111133334444455544665577846665778866657788888577
1111223412222334152233441553336417558664775888647558866477778866
1122222211132442511344445513647458336677588366775583367758888667
1111111122333444223534442665333426557774266587772655887766588888
1111222213114242331442423335444633555666755786667557868877778888
1222234412252344152553441555634415666333177668831176688877777888
1222222211111342113333445553366455536674588666745888867488777774
1111112234155552341655523446577234466722344667723366777838888888
1222233312442223111433331554467715446677154667785566877855688888
1111223312222223111433334444445345555556775888667778888677786666
1122222231114225311144553336455536664445336667458868777788888777
1111222233114442335144223651444236555577365567773666677788888888
1122233411225334112253341625534416555374668588746688887466877777
1111122213311442333355423355544266655542666778426777784867788888
1111222211322242113544446335545463375554633788586777788866667788
1111222211112332444223334444453355555536778858667788888677776666
1222222211133324133334441355555415566544166677746687787768888887
1222333312243533122445531244455617747566187475561877786618888866
1222222311112423511444435144666357466883577666835577788355778883
1111222231112424355124443556274435667747355667773566888733688888
1222234411233344112234441112335466667355677777556667785588888885
1222222213455562134555661345566613444667134877771348777813388888
1111222211311222443352664433556643355567443556678488776788888777
1111112314444423144222235646273356662773556777735568788355688888
1111222211322422113344453333444566635455666655578886777788888777
1111222211122233144442335566433356674838556748885667477855677788
1123455512234455122334551223444512634777116336778866666788888877
1122222311424323514443235144433351166777588866775588866755886677
1111222311122323441233334442553546775555466758884677778866667888
1122223341122233441233334115555541667755466667754688687748888877
1122222211123442115334441553446475533366755583667788866677778888
1222333311222243155244431156644315566443156677775586687788888877
1122222213332244111333341156344455566647585866475888866758877777
1122222311233333112334445126666451567664555876748558777488888774
1222333311224353122244531144445311466655776665587766858877778888
1111112344112223444422234455523366557783655778836567788366677888
1233344412333444123355441255555612277756128877761288877618886666
1112233311142233514426635142263355472666554788865447778657778888
1111112231444422314422223554466635576666335777763557887735888888
1222222311243333142443351444435516665555116666657777788877788888
1222233312244533124455361244533614455566111577667777766878888888
1222223412333334125334441254446615557766185577761858877618888766
1122222211344422513334445133344651173666557786665557868877778888
1112222213122444131244441333555433665777366657876655578768888887
1122222211233332113333441155555466755444667577486677784866788888
1111222213332442113334221335444675554846758888867555868677777666
1111123311451233444552234655522346655223476666634777888877778888
1122344411223334122335441233555412555564177786667788886677788866
1112223311111223455666234566662345567723445877334558777744888888
1111112233131222333344225344466255784466577848865578888655777766
1112222211132322114333334444555344455555667777786668777866688888
1222233311223334112233541655555416665544166677748688774488888777
1111223311222233114442536447425364478853666788536677855567778885
1222233311222233111133345155564455556644777666847766888477788884
1222223311122233111133334555555544444665777446687776666877888888
1233444412335544123335441223556612777566122755661777786618888888
1223333312222223111114435566144356667844555678845566788477777888
1122233312233333122244441111545466775554667555846777888866677888
1112222312223333112333441144444455555556777776567888766678888866
1233333312232443112224451111264577776645778764457888655588886665
1112223412223334155223341156334415566647885664478558667788887777
1222333411222334155523441115234416555374665677746666877788888887
1111222213122242134444441333456677355556773555667738866677888888
1111222311411233444442235554423356666273556777735666877758888888
1122222231112424331114445333346655553466555774668888776688887777
1112233314123333141222351462278544667785466678854677785546788855
1111122231112244332224443554446635566667355556673888777738888877
1111112213134442333344223534422255554677588566675888677788866677
1111111213444222533444265334422653777276533777765555866688888886
1112222211123332145555321456553344466537446677378466677788888887
1111112213334425134442256334225563342775666477756668877588888875
1112222213114422331144423333445637884556778555667788855677788666
1122223311242335112443551626435516664355664443576777777788888888
1111222231112242331524443555446635544666335766887357768877778888
1111233341122235412226354126663544466335474768557777688577888885
1222223311425233114452331446553314765555147666887476866877778888
1223333314222333142422561444445611155556718855667778888677778866
1122222311244443112454431124566377855563788885637878556377786663
1222222211332445113444451334664513376665173768657777786588888855
1112222311444253144642531466425316666253778655537788853377778888
1111111122233334526633345226663452276664558777445588777458888874
1222222312455533124455531114445316147453666778836677788366778888
1111111233333312344423224445222674755556747555667778666678888888
1112222314112333441122235444463355554663777556667788588677788886
1111233311442333114222234442255344665577666555778666587788888877
1112233311122343115233435552244456662774556667445866877788888877
1111222211132452631324556333245566344475683447756888777566888877
1111112213341422334444225344666253378862553788665557788657777886
1222233311242353111423536144255361445555644777776688878766688887
1122233311224333122443551266435511644455666477556887777768888887
1112222314422533114425531644255316644533666675538688777788888777
1222222312124443111114335666643355764433557664885577688857777888
1112222231114442311334223333444566666545677885556777858567778888
1122222231114242331144443561447735666677355567773558667835888888
1111122311144233556642235664423356447223564777835667888855777888
1112233341122223411125334445256374555563744756667777868678888886
1233333312222223144444231455544611755556177766561788866677788888
1112334411123445122233451262344566623455667737556777775868888888
1122344412223444122335541123665471336558713665887776655877768888
1233333312224335122245551244456617744566177745561187776688888886
1122333312233334112222441115666455556444757566847577668877788888
1111222213444422133445261344552613777566337875568388755688887766
1122233341552223411562334115623341756666447558864777588647778888
1111122341511223445552234555223345666663446777734866877388888877
1111112231442222314452623445566633455666334577768355787788888877
1111222234412552344111523466655234446655333666578388777788888777
1111111231422222344224563744445637777556338875563888756638887566
1233444412233334123355441222555412665755166667771186677788888887
1112222213142552131455521334655533446677384446673886667788888777
1222333412233344122233441111544617855456778555567788888677786666
1111223344112233411222334444255345555553666666776886877788888777
1122222211233332411113334455555346575758466777784666787844668888
1222233312244443112454331124543361155555667777756888887766668887
1122234411222344152233341556334415666347156777775567888756688888
1112222314442333144223531444235516677358167755586677775866688888
1111122211312244333322245563334456664447555666675888777758888877
1222222312444323154643331546663715448637155586671558876718888777
1222223312242333144433351464755514677775146777551866666518888888
1112222211133322441563324415673345556773458566774588666748888877
1222233311122343111422431544444355566663577888665778786655777888
1122223311242235111432356164333566644445766645557777785877888888
1111222211132224155333245553444465333474656777776568877866688888
1222333314255553142566531426665314226653147767881447778814778888
1233333312344443122245441112455516122577666885576688875766888777
1222233312333344122534461255444611555476188557761887776688887766
1222222311224333511144365114433655544376855477768857776688888766
1111112213312224332224443566644435556477356668773568888755888777
1112223311123333114222356444423564477555647788556667785866778888
1112222213342422133444551344455513335566177775668878776688888766
1222333312224453112644531126445316664453167785557667885877778888
1123333312222223124444331144445561155555667785886677888866677778
1111111234412222344422523455555634577756348887663387776638888766
1111222213333342133355421155544265557742688887446866874766688777
1111222231112425316644253366442536664445336788557377888577778885
1112222211223324113335446133554466355774655587446668877768888877
1112222233111112344555523444556237745866377458663774886637788886
1111122231441142333444423533674255366772855566728556667788888877
1111222311122233414422334444533345555566777756667787588678888866
1122222341212233411153334414553364447555667778586677885866677888
1111222211222333114523334445556345557763445777664888876688887766
1222333311222223111144435551446355784463577846665578866677778888
1111223311122333122233345266664455766448557664485577774857788888
1111112233142222531444225333344455536477585866675888677788866677
1222222312445553121455531114453316447533666477736687787766888888
1112344455123334551223346511223465172234657777746567788866688888
1122222211233332411353334146555541467758444675586666788867777888
1122222311124533166245531162453377664533766445887764455877788888
1111222314445223114555231444452366666523767665537777883377888888
1122222311424223144443331145453361555537666655776888777766888887
1111122213122244331242443355444633555666375556667777886877788888
1122222231212444311115543655555436667754333677743666887488888877
1112233341123333411222354612265546666665447785554477888577778888
1222222311124233151144336551447366584473665874736658777765588888
1222222211234444113345541333445513355556178886667787866677778886
1111122211312224533366245333672458366744588667445588674755888777
1111122213112242333322443356644435576664557766645587777758888888
1112222311144223156422331564443355644737556667375886677758888887
1222334412223344122533441555534415556377116666671868867788888777
1222223311242333112443556111433567774485677448856777885566668885
1111222211333222144333321444443564655555666667756887777588888877
1112222213112424131324445333444653738886577888865777768655557666
1112233411523334115233341552444455622247566667775886667788888877
1233444412333345122233451122244516677555167785851667888866677788
1234444412333344122355461233566612225667155556771888867718888777
1111111233444142534344425333366255777622577766625778686255888888
1112333311122333411523264445222647755566478885564777856647788886
1122223412252334115523341155553461775734667777346667888466888884
1111111122222333422253334555533644445776844557668887776688887766
1233333312234444122344551126475511264775812666758886667588887775
1222233312222345111133456171344567773445667788456678884566788855
1111112233112222333334225555344655574466757748867774486678888866
1233333412233444112355441222554617255546177588661777866677888886
1222334412223334125266341756633417566684175556841757588417778888
1233444412334554123346551233467512666675122286751188867588887777
1222223312425253114555531145653371446663717448637778486677888886
1123333411233444112233541622555416255754662857746668777768888887
1122222211223444115333441555334415533646775886667758866677778888
1112233344112223445122234451133344567777555677776556888866668888
1222222211111323415133334455336644566667455677774586887745888887
1112233311222233144255361442553614445536748885567778886677778866
1123344411223334111233441222344566725555677788556777788566668888
1111111122333444233334442325545422265555777658887776888877666668
1112222211122233411555334465753346667553466677534886777744888888
1112222233111242311552443355544433555446377776667788776688888866
1112223311222243155244431155443355544663577788637778866677888866
1222233311112333415122634551726345557766445577664888777644888886
1111222211122334152233345556333475566664755668647777888477888844
1111233344112233444122235541266357472863574778665777886655588886
1122234412222334115523441555333411566344775566667777778688888886
1112333311223455112334451222344566624445667778856678885567777888
1111112314444123555442235566442375566623756662237777883377888888
1112223312222333112444335164643751666477566844775658887755588887
1111222314555523144455231664452316644523667777236887877368888873
1122333311123333141225554412655544426665477286654777866877788888
1223333412333434122244441252456615555556177776661777766818888888
1122223311122233144442531466555314655773446557736668887768888877
1111112213134222333344423553454265555542666666476888777788888777
1111111213344422333344223553422255554466755666667777777688888888
1111233314112235644123356422273564277735644477556687755866888888
1111222211132244513332245336774453666774536867745568677455888888
1111222213114422335142263554466635544476355887763588887638877776
1111233311442233511442335444223655542666575526867778868677778888
1222223311124233511142635714466357748863557488635574486657778886
1111223314422333114523667145236677452366744526687455888877755888
1122222311242523144455331145566371455563774466637777668378888888
1222333411123444111233341222355466666654767776547775555878888888
1111223312222234155253341555534416566334666677748886774488888777
1111112233331124533332245555222455656444766666487777764877888888
1122222311244223155544331544446315566663155676338888767788887777
1111122213133242133322445336274455566744855867478558677788886667
1222333412222234155533341555553411164444176668887777668877766888
1111122213334442115344226553444266533372655877776658787766588888
1111111213333222443555524435652244356526443666667777788877788888
1222222314256263144566631445563311445663711455537788888377777888
1222233311233334122355441255554411554446718888867787688677776666
1122222211112233415555334165577344685773466858734668887344668877
1111233341222253411222534615555346657753446777734668887746688888
1222222314244423144445531655555316657333167777381667778816688888
1111222312222323114333331544444455566647588666675586877758888777
1223333314223353144225551422655514766665147768881477668814777888
1122223311223333112234551644345516644445776668857778668577788885
1222334412233444122344551123345561773558617777586167875866668888
1112344412223434111234345152333455526666577266865577768877788888
1123333312233443122444441222554511665555616777756668877768888887
1111111122333333222223435266444755644477556648875666887755888877
1112222211332224113555541635445466357444633577776638777866888888
1111111213444442334564427355662273556622733568287735688877756888
1111122231331122333442253444662534666665447677758877775588888855
1122333312222234111233341155544465555744666577746666887788888877
1111112233333112333452224444552244655555466666778886677788888777
1111233312222243112444431524633355746666577468865577688855777888
1111222231144222331144425334466653347666553777765888887655588877
1233333312224335126245551262455511664577166644471868874788888777
1111222211332444113222445333334456666647556887775668777755588888
1111111233314442534442225344677253666672533668725555687788888877
1123333311222233114422231444555514646555746666657788886877777888
1111111233122222334422563344555673445556734475667777786688888886
1112223311222333114225536145553364455777644457886467778866678888
1222223312442433125444631555466315774633155766881577766817788888
1111222211112222333334443535344675554446777556667788568677888886
1111222213314422133144523344455263354577688555876688888766667777
1112233311112433552124435522244356667743556667445868677788888877
1112222211223334111233345555553456777534667744446667778866888888
1222223314422253144444531145555311665333166657778866677788888877
1111112213333224133332445566627456688274566872745568777455888874
1223333415233364152663641522666415226744155777741577788415888888
1112223314112233144122234444553366645553666758586677588877777888
1111112231133322333322245566264475566644755886847557868477778884
1222222311442233144444431115566317556663777556637785586377888888
1222222311242333115444331555544311555443677777886766677866688888
1111111122222333244445532464555326644573666655736888877388887777
1111123411122234522232345555333465657384656678846667784477778888
1222223312445223144453331444533617555556177777761888867618888666
1223333312233443122444551122445511677455616677556666877788888887
1111111123334444223333442255634425556666277555662777777688888888
1111222213312422133144423344445536666555366778857667885577778888
1122233311222233411152334416555347766555447766654778886647788888
1223444412333344122334451122355561255578616577786167788866677888
1112333312224335122443351224555516647575166477776644887766888888
1112222341111523444155234444552366777523667775836778858366688883
1112223311123333114233556642777564422775664887756648887564488855
1111122213334422135334421353442255567447566677775666887756888888
1111112213144442334444223335522236365577666665778868857788885577
1111111231444522344445223345555233355622736666887667768877778888
1111233311112433522224435622744356677743556667445667778855888888
1122333311223334122235541112555466665744666657748888574488887777
1111123314511233445222334555523344445226777856667778886677888866
1112222233111112334444223445455633455556737888567778888677786666
1222223311112333114224435144443355555467856666678586677788888777
1111112213144422533444265533442655333226557766665777868877788888
1111112233444122344441223335466273556662735666887755558877778888
1122222341555223411566234415666341156663445573334887777788888877
1122233311223343112244431125446355554467556666678588776788888777
1122223411233234112233341555364417755664775556447766668877888888
1122222213233442133354441363544416655557116685576668887788887777
1112223341222335412623554116335541663557466667574888877744888877
1112333311123433112224435552644455226664755888647758886677777886
1111122213331122443333224453667244566677455666774588888755588877
1111122213114222333445223344555533446555774766667777666878888888
1112222213122332133333441154444465557748665777886655777866658888
1112223341222253411255534115553346666573446677734668877748888887
1111111233444122334222253644442536666665337685557777855877788888
1122222314442233111442331514463355746636577776665888777655588888
1111112213331222433332554663622546666655447778854777778544888885
1111123314442233154422231544226355477663577777635557886688888866
1112223341122233411152234665553346655573466857774668887744888877
1123333411233344112344451222446517227665777776558788866588886655
1111222231411125344422253444555536475885367777883666777833666888
1111111122222333242233334444355674748566747885667778856678885556
1222222314442333144423331114435516666655177666558877777588888875
1122222211233332114455331664553316444555666447758667777788888887
1222333312223443155224431555554311657448616777486167777866688888
1111222311142223154462235544666354446733555667335888677788888777
1111222211332442513224445133344455336666755556687777866877788888
1122222231114422333114443335166435556664777566847555688877778888
1222333311123334112234441122555466655444677755886677588866777888
1111123312222243124444431244333355556666575566665777888877778888
1111222231312242313154423333564477855644778856647778556678888566
1111222311142333144422335554266355742663577446665777786857888888
1111111213344422333554223655544236665472368554726688887768887777
1222222314442253141445531111455366664533677655736877777368888888
1111122233122224311254443355554673335446777754667888586677888866
1112222233112422311544443615477836554788365547883665578836667778
1122223311243223142433331444456611477556877777568875555688888666
1111223344411233444112235546622357466233577766665557777858888888
1111122311222223415556234555566344566633477686334777888844777888
1122333341522363415526634152276341552766411557664448877788888877
1222223311144223511144235144446356666663556777335577888857778888
1111123311122223444442334554223345666663555576665777788877788888
1222222211111323444153334441533346655577466855776668587768888877
1122223311124433112224431554443365747738657777886555578866666888
1112222314122233141123334455553644445536777755668887776688888766
1222222212111333111444435554646355446663577776635778768357888888
1111122213122224135524443355446633554666733548867775886677778888
1111222231144222315544263154446635547766335777663558777638888888
1111111231222222332444443334546677345556773888567788555677888666
1111222213322244133244451366464513764655337666557778885577788888
1223344412223444122334541263555516635775166387751688887716688877
1111222211222323114433334444353674455556777785667787855688888666
1112222311124423151244435552664357776643577776435887666358888883
1223333311222234122553341555544411655444166667778668677788888877
1222222314555223144455331114453316446553166667738866877788888777
1112222314444223111442335514423355566633775556667777768678888888
1122223312222334115333441555344415556644175766687777666877888888
1112222211113222444133556444435564777335677773856667838566888885
1111122211132222333334243563444455664748566677785567778855678888
1122222211111123455555234444455346647573666777736867788368888833
1111112341122223445222536455555364447753664777736688787366888883
1111111233331222332222443356664477566664775688447755584877558888
1111112231455552314665523344655273346662733444627777776288888888
1111222213112424533124445533246455533664775536668777777688888886
1222334412533644125336641255336412555564127777641777786618888888
1111112231144422335544263554422635574626355776663377888677788888
1111222211112223444423334554436655747336577777365788888655888666
1222333312233334122244441114454516165555666667756888887588877777
1122222211233244113333441135344455555646777756667888566677788888
1112222341112323411223334444435546666355767665557776858877788888
1122223311122333142255331444556314555766845877668448766688887777
1222334412323344123334451226664511116645777886657788886577788555
1111112314222123444422235554443355567883566677835677778366678888
1222223412223334155533341115553411554444667777776668887766688888
1111223311122333412222334555677345666677455688774556887744468888
1112334411223444112233345122366457723664557766685577776855888888
1122333311244335112244356112453566224555666447576877777768888888
1122222211123324151334441553334655553446778584667788866677778886
1122222311222333411155534415533344445667848556778886667788866777
1222333311422353144425531446255314462755116677576668877768888887
1222222211112333141553536415555364444453664788836677878866777788
1122333311122233441522334115526644475566477785664778855677888886
1222333311223444122233341566666415766844157768841577788855557788
1222223312433333124444431214554611155556777765567877666678888888
1112222213111422133344423355544633554466775886667557886677778888
1222233314552223144523331455555314444666117776861778768677888886
1111112233113222433333224444555266444577668885576888557766688777
1111112311422223554222335444443356466637566667375588777758888887
1111222213313224133335241355552465577774657784446677884866668888
1112222233112425311144253644477536447755366667753866877538888885
1111222211312322143333254433655544466655744766657777688577888888
1111122311445223144555234466552346675523467777236678877368888883
1223334412333334122225541112556471175564777775648878856488886666
1122233314442335114426351744263517742635177726657788666588888855
1123334411233444122354661123546671235466772255667777855578888888
1112223312224233114442335144463751466637566687775556888755888877
1112222211122332144444331444555366677753866777538866675388888755
1122222341125223411155534416557346668573468685734688887346877773
1122222311222333114445531144455364455553667777836677778866688888
1111222231112425331444253644742536647775366877553668775536888888
1122223341155223411152234615555346666533444677734886677788888877
1112233314123333141223551444225544662555746668587766688877777888
1111111122222223444433234454333346555777666577776555887866688888
1111223311212233412225534446665344467653488676538877765588887775
1111223341412235414123354444233566672385666728856777788567788855
1122222312243233144433351446366514666655146777551777877588888885
1222233312223344152533441555344411155564717888667778886677788666
1111112233341222553412665334622653346666577444485577788857778888
1111122233122224331124443554446733546667355668775556687788888877
1222333312444533124455331244456612255566177785661778866817778888
1222223311242233111444431514443355555563775866667788866677778888
1111111231444422333422223554266635447766355778663577788655788888
1222222212333344153353441553566411555644117776647778766678888888
1112223314424223114442231154666355546633755766837557688877778888
1112222211112332441526337445666374455563744856637788556377788888
1222223312223333111443556614435561144555666447576677777788888888
1122222211332442113344451333444513666665788666557888888577777755
1122223311112233415152334455523345566677445667774866688748888877
1122333415522344115233641552236417528364175888647758866477778866
1112222233111244331122456337444563377445668777556687755566888888
1122223312242233111444531614445366745553667788536777855866778888
1111111213342222333425226634555563345755688477776684447766888887
1112222211112332444143325544436655774336577783665778888655788866
1111122233112222331455256344455563344775663488756664887768888777
1111123341122233441223334422536645555556477775664878777688888866
1123333312222233124442531144555511644657886646578886665788877777
1222233312222334156733341567777415666774156667841588888415558844
1111122233114442351444623554466233566622335556778858867788887777
1122222311422233114445531146455377466553774655837766668377888888
1111222213111244533222445533364475553646775536467777766688888888
1111222213314252333145523331455267774455667744856777488866668888
1222222311112233144433331564444315664677555666775586777758888888
1222233311233345112263451126634571664445777644557776655878888888
1111123314422223144456231474562388745623877756638787556388875566
1111111213442222334445523345556233455662734586667888888677777786
1222222311123333111234536616345566667445777674458877744588888855
1122222231111442331144523444455533677575366777753688878566668888
1111122213311222333333245556772456667744566677445586877458888884
1112233412223334112334441122344455667777566677875666788855558888
1112222211113222143333554433667544436775486667554886675588888777
1222222213324444113444456133377561137775618377556688788566688855
1111122233411122334452223445555634755566347886663477888677778886
1222222211332334115333341155666415557644858776648588766488877774
1111111233331222343332224445662645555666457756884777568847778888
1222222211333332113453351144555561444575666447776866777768888888
1222222211134424151344441513646655536666553337678538777788888877
1122222211112332114333334443555546667575466775754688777846688888
1122223311112233144422531444455364655553666577736667787788888887
1222333312122343111233445112544455555464777756667787786688888866
1111111231333222333442224344525544465557886665578886667788867777
1111122213411225334444253664442537668825376688553766785537777888
1111111233444122333344225534466255346622577786665577888657778888
1111111233333312435355624555566244775662447776624778762248888888
1111123311422233414422234444255366777533677555586677588866678888
1111223311222443122244331544463355546663575558667778888677778886
1222223312123333121444351116743566667445688674456887775588887755
1222222211133332114333351144455567774455677774856667848566688888
1112223311224253612245536144453361445533666475576677777788888888
1122222341111223455112334453333645555666475776684777668847788888
1123333312222234112552341155663415556444757764647777666878888888
1222234411252334155522341555333416653744166777741677788866688888
1111222233411255364122253641777536444475366664753888677538888875
1222334411233445122634551226344511663345716666857777788577888885
1122222213224555134445661344555613347566183477761833876688888777
1122222311224423144444431115553355555633777766637766686877888888
1222233311122334111233341552444455554466775588867778866677788866
1122333311243443122444331124545612255556777558667777886678888866
1112222213222444135554441335666411355564733356687777766877888888
1111222211311244333222445533444653378466577788665777866655578888
1111111234444122334222253442665537466855377768553776685837768888
1111222211132422513334265537344655573346557744467777866688888886
1112222213324522134445551333444513666455136777756668887768888877
1223333312223344111223541116255466666554767655447777754878888888
1222233311142253614425536144255361144553677748536667788867778888
1111233311122223144442235454423354556663555788667777866677788888
1223333411233534122355541122654411626554776666547778868477788888
1222333311243353112443551224444511266455766668557767688877778888
1111233311222344112523346625533466255554666574448868777788888777
1222344411123344122234451266334516673355167777756668775588888885
1222233311222233411113334155666744566667445577674855577748888888
1122222231111242351514443555555436666774367777743667888433688888
1111122213133222133322443355664455556644566667745888877488887777
1222222211113234551133345661374456633744556667745588677488888877
1222333311224333111244431122444566774555677755856667778566888888
1223344412223344122335441263354511666555716666557177888877778888
1111223311412223544122335544233654478836554788665577886677778866
1111122213332222133456621334556788345667884456778845566788445777
1122223311112333415122234455553344445566774756667777766688888888
1111112213331224333522246355244463557484655778846567778866677888
1111122231444422311442253333442536637755668877756688777566888855
1111122213131452333334526734445267774552677745526678485866688888
1222222212133444111133445513344455553366557776667778668677888888
1112333312222443112224431156643355566444577666685777888855777888
1122234411233334512333445122264451166664555676675858777788888877
1222233311244433122433351264445516645555166665771688888788877777
1111222213442442133444521333545216335555666677756866877788888877
1123344512233445122344551233644512366555126667771866877788888877
1112222211111322333333423555444455667744566677745666787758888888
1222233312224443152444431555433311566666155567761888887688877777
1111122233314225633142256631442563344555666447756888887588877777
1111122213144242331444423333342256666666577776885557777855588888
1222333412223444121233341111344455677777556666775668868755588888
1111123311222223415223334455633744556677485666674855687748888877
1112222233112425331124553314444563347745667777756688887566688885
1111112213122222433333524444335544677755466887756666877568888875
1112222311452333144522231455663314555663444758667777888677788886
1111122233141522331445523366452233644577666645778868457788888577
1111222233111122333444423554464235666647355566775588677788888877
1111122211313224553333245563422455634444566666775888867788887777
1112222311422553144225531644445316777453667785536678883366778888
1111111122222333224333536244435764488857644858576688555766687777
1122333311122223144242331144453566664555677648556678885877777888
1111122311142223566442335644422356664433566778835777788855577888
1233333312344443122245441122255416665555166675771668777788888887
1111233311122223441252236444557366444573668555736888857766888777
1112233312224433122444331124445316665555766655887667588877777888
1122233411225334122255341115533466665534667785446677888477778888
1122223312222333111444435166744351667443566677885567778855578888
1111233314112233144422234454262345556663557558667777888677788886
1111112231441222344555263745522637455586374478863777786633888866
1111112213331222333442526633455264444555666647556877777788888887
1112222211133222114433335544336655544446577776665777786658888888
1112222211333232111333324556666645567778445667784457778844558888
1111222311222233144442351466663574463335774666557778855577888888
1112223312223334112334445126344451666747556687775668877755588888
1112333312222343111123435666224455566444577668485776888855777788
1111111122344445623334456233344562223555667278586677785867778888
1222333314425553114222531644425316664453116777558666777788888887
1122223412223334125533441553344415556477115667776666778768888888
1122222311244433122454331444566311755563777856637778556678888886
1111123314144233144442356467723566667235677772356888722588888555
1122333311123333111222445566624455677274556777745668874456888888
1222222212333333145555331456655514466777144466671184867788888877
1122222211123333111243534444435364645557666655778668857788888777
1111222213312224133333241355554467775554666785446777884866678888
1111112211344442333344223353642255556462755566667777768877888888
1222223312445223144555531444553311465733816667778186666788888777
1112223311111233445522364452233644555536747756667478888677788886
1222222211333332111334441513444655544776855777668557776688888866
1233333312445533124555561245765612487666124877661248877712488887
1112233311222233411122534465555344666753446667558467777788888887
1112333312222334111233441522444655554646557786665778888677778886
1111122213144442331444225366642253677777536678875336688755558888
1111222213322452133444521333445516634455776688857776688577766888
1123333415222334155522341155223415566444166677746686877788888877
1122222211132442133344551637744516337455663874756688777566888885
1111112345555123455521234456222346662773466687734486877388888773
1111222233122442311144423334445637777756388775568887556688855666
1123444411233334122235541226335411267754666667558888677588887775
1111111122223333224444352267743566667435668874358687745588887755
1111122314422223144255531442555364775333647753886667888866677788
1223333312234533122245551244456517744565117466667178868677788888
1111111231444422344454223366522236665557368665773888557738888777
1112222314444223111142335554423355546673565667738666877788888877
1222333314222233144423351446665514666657148865571188755788887777
1111222211311222453666624533366645537886455378884553787844477778
1111122211322244133322445663444756633347566688875688888755557777
1112233311222433122524331555546315544466775484867778888677788666
1122222311224423154444331555443611753336777556667778588678888866
1112222231112452331144526333345566634445667784556678888577777888
1222222213332455111334451113446577334665788844657788866577788665
1222223311222333411115334444153677445566774555668777756688888886
1111111233314222333542223555444236654744665577776658887766888887
1111123311442233514442235644772356467723566667235568777855888888
1111112213133222433332524366655244476555477766554776688847788888
1111122213222242135444441355556433355664773358667788886677778886
1111122231311244333322443536244455662748566777885666778855577888
1111223314111233544222335466623354446277546668775586887755888877
1122222314422333144233331145555514466555174866667778866877778888
1112234415522344115233341152234465552334657777786778887866666888
1111122213131222333345523666445237666455777664457788448577888885
1111111233333312444433224555522244556277848566778885666788866777
1111112213122222333344425536477753364487555644875666888756688877
1122223314242333144423331444255516677755166787751688887566688875
1111222211312422513344425333446655738446577388665778888655777866
1111112213333124555332245555322465773824677778846767888466668844
1111112213312224335522246335544463375484667754886677558866777888
1111222211314252133342556344425563347885663478856674788566777788
1122222211233342133335441535554415556664177777648888766488887766
1111111233331422553344426537442265377442655777726557888866668888
1111222233142242311444423315546637555466375558663777788677888886
1111222211222333144233351644443566674435666785556777858577788888
1111222231411152334445523334445236374752667777556688877566688888
1111222211112223444443234445533366655573666557736685877788888877
1111112231122222344444523644455536665575366657773386778738888887
1122233311422233114225531144445366447853677778556677885566678888
1112222233122244531116445331764453777684537776845376668855568888
1222222312433333124444351111443516664555666777758667887588888775
1222222311112333141523631455736644557366488577664885577644888877
1111122213333332134345521644445266447552666777526888875568888777
1111111233332122333322245664442455666444555677778556687788888877
1112223314125553141222531446255344465573846666738868767388887777
1111122231311222333444225344446653466667535567675557777788888888
1112222211133222411335554333555643455666444776664777777688888888
1112233311222233411223334155666645566667455777774455778844888888
1222233312123333111224341516644455776664577776645558776458888888
1112222233122425311444553314666533146655378446657788886577777888
1122222311112323144423331455563344565677455666774566888788888777
1222222311111223444115334445553346455733666577776685788766888887
1111222211312222333144453444455534655577336587776668888766688877
1111223312222333144223331144455564464555666677558686777788888877
1222222211233333144443351444463516666665177777651788855577888885
1112222341112223445116234455667384556773844567338855677388886677
1122222314444223111455231614533366445537666557376685777788888887
1111222231144422351444423515466235555677356666673388877738888877
1122333312222223111144335166643756686477565864775558844758888477
1111111122223333224445532664453326445553664778556677788867778888
1111222213333342135353421555564217775642887756448887664488877666
1112222213145222131455551334556673344566733466687744868877778888
1111222213314252113342553333425677744556774485667884856677888866
1112222211123333114223567444335674483556744855567778586677888866
1122233311222333122444331544667715444677155566775585666788888887
1111112213333342134444423355464255556662576668225768888877777788
1222222211111112333344553664445536774445367788553677785866678888
1112222311444423155462231154626355546663575488637778886377778883
1111122213144225331642257336442573366445773666457778655578888888
1111123341112233442222334425553344666577846655578886675788886777
1111123314411233544222365442233654472366577786665777886855578888
1111122211312222443352664335556644355667443587678435876788888777
1111122211333222133442553344625573466555744666857476688877778888
1111112213333122334442223345555266457777644557876468578766688888
1122223312224433142443331444555316665577166665771888657788888577
1122333311233344122253441122555461555754688887746688887466667777
1122222311112333455123364551263645557636445776664447777788888888
1122333311222345112233451126634577776645887764458887644588876655
1111122231141222333444223533644455536664577668685776788855777888
1111122213122222133344443333445466667754668777556687875588888755
1222222311122433115544331655543316655437866654478668874788887777
1223344412233444122334541122355611773556177855567788666677888886
1112222314125223145555231465777314655733446777834466788366688888
1112223314125223141253231455533344556667445667678486677788888877
1112222213124442133345421335554416335574666557776668877768888887
1111112233445112344452223464557233645772336555776666688788888877
1112223311111233444442235546623354466273558866775558667788888777
1111112213222222133333345355666455557644857776448878766488887764
1111222231412255344112553446625534476665374788653777786633788888
1112222211222333415553334155555341666773446888774668887744668877
1112233415522334155523441522234415666344156763887777666877788888
1123333312223433111244441522466415527664555776665777768857888888
1112222231114222331144443354464635556666357558683777586877778888
1122334415233444152234661522344615523376115777768855876688888776
1111233411222234122533341255363455556664757886647777886477888864
1122222213244442135544441335555513336665177368681777688877766888
1222333412233334122235441115554416155554666666647777777788888888
1222333411122344122233341556634415766664157777645578776855888888
1111123314112223442223334455233647556666475588864775586677778888
1112233311223343112235441622355466667554666775447777755488888888
1111223312222233114442435164444356666733566777775657887855588888
1111112345516123455666234557622344576623475762234777783348888888
1111123314121233442222536477275364777753644475536666655588888888
1111233344412333411123534222255544266655746688857776688577776888
1111111233322212333452223344555566645577666457776444887768888887
1222222314444523145555231466655314467533166673371186777788888887
1111112344152223451552334555523344666237486862374868677788886777
1223444412333344122335441623655716226577166665771888855718888577
1123333451233334512444445122266451122666517788665577886857777888
1122223311222333412553364177553641175666447756664778558844788888
1112222344122223411333334413555544166655477688857766668577778888
1111111122223333242223334445636644456667485556778858567788885777
1111112344444123455441236655552366665723667757238877772388888823
1122233341122223411112334555533645756666447558864777886647778888
1111222233144422331114253344442536667555368677558886677588886777
1111111234444122334444223555522236557777365778783657888836666688
1122333312222333111243551612444576668845777684457666884577788855
1233334412555334126655341266653412675544126788841267878812777788
1233344412353444123533641225556412557766128577761288877618888766
1111222311222233114442354443333546667775466687558668877588887755
1111111122333333244435552466355724668557246688572468888724687777
1222223312223333111443536144455561147885664478856677788566777885
1111112311442223444225236442555366475853667778536678885367778883
1122222211113332141333524443635544766655447866557778668577788888
1111112231444442314455423335555233665652737666827776888277768888
1222222211111123445153334555533644575336844766668487777688888776
1111112211333442553333425555534267577442677784426776888266668888
1112222211333322133444421133554455555644566666776687777788888887
1111122213344422133334221354442673555466775588667755886677788886
1123333311222233122442351444444516666555177766857776688577888885
1111222341511123455222234455555344666633447663387776688877778888
1111111233132222433325264335552644556666744556867447788877778888
1111111233331222433552264335522645557666457776684477868844778888
1111222211134222551344265553444657534466573338867738886677778886
1111122213344222134444421355554233356667385556778886666788887777
1111222231144442311452223344555563455577633777776366878866688888
1112222231112422314444453146664533776885337668857376685577788855
1122233312242233111423331564444715666447856566678555577788888877
1112222311222443155244331555543315564473666664736688777788888877
1111122341551123444552234655552346666223446677738868877388887773
1222222211113332141133334445553564445555666477776668788768888877
1112222231445266314452263114556631445666334555773888877738888777
1111111233344122353344223553444265577422665877776558878766668888
1122233312223334112233445111444455666646557776665777788855788888
1122222213223444133335441133554615555446177856667788866677778888
1111123311222223415526234555563344456673884567738448677788886677
1122334412223344123334451226344511665555717665587776668877788888
1123333311223334112224441152244455555564775776668777786688888866
1111112311222223444422334555566345566663455766834777788377788888
1222233311222343111253431165554377665544766554447666888877778888
1112222312222333111444335414663754446637555666775888687755888877
1112223311222333144225531444453314666555747655887776888877766688
1222223311223333111234536114445567744455667774556678785866788888
1222223311122333111244335514443657774666557844665578886657778888
1112233311222333122233441555444415555544666677776667788768888887
1122222311144423111442235554433356543377566777775566887866688888
1122333341123335412223554126267541166675444667758488677588888775
1112222311111233444422334554233345556666455766887757668877778888
1112233344152223411552234411552346665733446557776666877788888887
1111112211333322443555264335222643557766455777764447887688888866
1111122231222244311244453364474536666755368667553388875588887777
1222222211334442133334551113445516637445668775556888777766688887
1111222211222333112433536664435364444557664555578667777788888887
1122222211324444113255441133354463335577666665778886655788888777
1222222212333333111435531144555614445556744766667777888677888886
1112222233111222344155663441555633445556734466667378888877777888
1111122341115523455552234455226374444263766666637777778388888883
1222233311112343511122435554424355554443666667776668877788888877
1222222312444443124543431555533315657377156677771866666718888888
1122222211133242155336441155366477553684755336847776668477888884
1112222213332242133333441144444561677555666677758866777588888855
1122222211122333441113335444436355554666557746667578868877778888
1111112233344112335542223654422736554447365557776666687788888887
1111112233333112344532224445362244555666745566867775888677778888
1122222311122443511266435166664355678443556784337557843877778888
1122222211133244113352441335544673554466737566667775586877888888
1222344412233344122353341623555416777754167777551666668518888888
1112234412223334122335341125553415555664777776648787766488888866
1111223314444223114542331445223355552663755866667778886677778888
1222233412533344125333441255555412657844116778881667788866667778
1111222314442233144442231546662315666663555778335757888857777888
1223334411223444112334541122335461277555666677756668877588888875
1111111123333333224445352444655522466665274886652778886577777888
1111222213144242331144423355554263555547638887776386877766668887
1222233312222343111111435555444356555443766666487777668877788888
1222222311124423511144335144433655547336588777765888766658887766
1111112312222223124433334445555346555573466667774688888766888777
1233333412222344111123345116244455662774556677775668887755688888
1111122211333242133332425366624455677774566677445556774858888888
1122222211223333111334335166748855677488556774485667748855667448
1111122211333224133332445673722456777744566687485556874855668888
1111122341155223441552334555223344452336774776667777888688888666
1222234412333334122234441555354411155566177858867788886677778666
1222223412212334111113345667734455667334556677445668777855888888
1111122314122223144456234455562347555663477566337777866378888888
1111122211333442513344425533464275534622775566687756668877788888
1111112233144442531446425337466253777622533766285577668855788888
1112333312223343111224431522664455555664775566647888886477777888
1111233311122333144422234455522344566677845567778855667788888667
1222222311112233114444531446455366664553777665337788655877788888
1111123345551223455511234452222344566633446677378866677788888877
1222222213444452133444551334555511333665177886661788888677777866
1112222314442223144423331454336315566666156677775587787755888888
1122222213323342113333445111444456666664557668885577778855777888
1222222311245233144455331455533314456666114566678888767788887777
1122223311242333512444435124464351666663516777785567888855777888
1111122231441122344444223334552677335556778356567888566677788886
1112233314423333114225361144255677422556744555667888886677778886
1112222213124555331244553112455633444756334777668888777688887666
1111222211133332414343324444432255555556758888867787886677776666
1112223312223333112244431555664315756444757564887576668877768888
1111222211344442113342223334445635555556377775667777888688888666
1111111122223334252336345522363457766664576678445777788455888884
1111112233331122333322245556662455667744566777745568787488888844
1222223311224233144444331144533671185566777855667778856678888556
1112233411222234511233345512633455566664557764447778668877788888
1112223412225234111255346155553466665334677733846777778468888884
1122234412223344112335541623554416635547166385576688888768877777
1122222231224555314445563114755631147756334477663377788688888866
1222222312444433124554331115543316555473168857776668877766688887
1122222211123342115333441555344455653744666537776888888766688777
1111223344111233444122235446223354666663566777775558778755888888
1112222231122444315244443156664731555677388856773338567788885667
1112233341222223412553334155553641155776444777764887766688888866
1222344412233334122533441125344611755556187775568878766688887766
1233333312222433152244461552447611544776115777668555877688888866
1112333341222233412252334155555641576666415777764447787688888886
1111111122333333222245332244455544466557884655778886667788866777
1123444412234434152333341523677715266678152677781526667855588888
1222233412212344111123456661634577666345778683457788834577888555
1111222213311442333514423335544265555472666654786777777866888888
1122222211333322133344451634445516677445186677558886677588886775
1122222211232344511333345113636455566664577688645777784457788888
1111122234441112333422223544466735846667358866673558887755588777
1111122213312242133325423335554466555447688854476888877766668777
1111112233131222433355224443355246555577466666774688677748888887
1222223314222433144444431115556315555563177788637777886678888666
1111222231415522344115523445556234466567334866673388876788887777
1111122231311222333322453666744536777445667744556778485568888885
1111122233111442333554423335554266755542677788426667884866777888
1222234412222344111333441155634471556388755663887556666877777888
1122222211134442113333425136344455366478556677785667778855678888
1111112233331422335314423555554265577742666787426677884466788888
1122222211113342133334421334444455666667556888875668887755587777
1122222213332452133444551136455571364445713666857776668877788888
1122223314442253111422536614455376144553766668537678885377778888
1112222314112333144123335462277354666777544466675555687758888888
1111123311122223442255336442553366445553666475886764788877777888
1111122311142233554442235644223356644337566668775886887755888777
1111112213344422133345623344456273477562777755627885556688888866
1122222211223444113334456113444567333555677888856777778566668885
1111222231444222311144423355564433555666337566687775868877778888
1222222312123333111143335515446675554446757544667778666877888888
1222233314422223144453331145536611445666177555867778588677788886
1112222231114242314444423156774735567777335666673558686835588888
1111111231334422333442223555422635444776557777665588877688888666
1112333411123334112235446225354462555554626677746668887788888777
1122234412233334123353441225556411175564777785647778856688888666
1122222211123324113335441633554466635554666557446888877788887777
1122344411123454111233546622335466273854662738556677888577778885
1112233311112333441523364555222644755526487775664877776648888886
1112223311222233114552336145555364444553647777776488888766668887
1122223314444233111422335514263355146666555477768577777688888886
1112222211122233411333334555666345576666445777684557888844777888
1122222341112223445111334455333647753666477556864788558677788886
1122222341225533411255534411553344416533746666667788886877777888
1123333311222334512226345117264451777664555766645577764488888888
1222222212333334113133445111664457766664557776645558777458888888
1222222311122333144444331155443615574736557777665778866658888886
1111111233333122433356224444562245555662477557664777776688888888
1222222314444423144453231111533316555377666657776865577768888888
1111222213333322111343526664435264447558644775886777558866775888
1111112233312222333142523444445534666665748886657787886577778855
1222222211123333111334331556444475564664775666847755688877758888
1112222211344222113444441334555673333566788885567877856677788566
1222333311123433112224431124444455555666757586867577868677788886
1111112213412225334622253446677534466675334686753848877588887755
1222222213333442113334445166346451666664517777785157788855578888
1122223314522223145553331444553316647558164477781667778866678888
1122233341125553411253334122553641255766477777664787866644888888
1111122312222243154244431544433355566337885566678885666788877777
1111112211334442533664425536644253366422553678825576788877777888
1111234412222334111223345552334465553784665577846666788867777888
1111222211122232145553364445533647555336478888364777786647788866
1111222213122242133355441633354466355554666758447667888877777888
1223333412233344122534441225446611755566117555667777776688888888
1111122211314422333354223655544236555544366777748666687788888877
1112222231122425311644553316644537666845377768453378684577788885
1222223311111223114442536664455367744453667775536777855368888888
1123333341223553411232554612227546116775466667754888687544888877
1222222311123333411233554116375544666775486867754888667544888775
1122222211333322111435556614333576644455766484587667845877778888
1223344412233445122344551223345516635557116877776168888766688877
1222222211344244153444461533366615377786153788861537786655577888
1122333311123333411222564122555644444556477755667788866677788888
1112233311222333112443351627444566277445667778456887785566888855
1122223312244243124444431115555315556633775866637778686677788888
1111112213444122333442223344452536665555366775586677888867777888
1111222213133222133332441355444455554666757546867778868677788886
1112223314112233144125364442253647455536777585367785866677888886
1111112211333322443333224555555244657772446587776466888766688887
1223333311222243111224431516664355556644556667445877777788888887
1112222211323224513334445113364455663644557666685577888877777888
1122222213244444132454541355555513666666137667771377778833888888
1111222213222442134444441335566613356666335577765558887788888777
1111233311222223411253334442553677444566777485667788856678888556
1111111122222333425266634256633345566773455567784457777844888888
1222222211112344111333445333666453666664577788845757888455577788
1112233314423353114223531146225544467285466678856677785567778888
1111111231444442334554423555666235566622335676728388777288888777
1111111233441442355444223356642235556622355776663777868877788888
1111111122233333223344442223444566666455767768857678885577788855
1111122213114442333334223355542265555477665884476688877766688877
1111122213333322113433524444445266666452677778556777888567888855
1222222211132444133334441353644713566667155666775555777788888888
1122233312222333144233551444465517466655174666581777865877788888
1112223312224333122544361555433611544466555747768887776688888776
1111122213411422334444423566664235676662357778883575788835557788
1222233311233333412255664112555644155566441777764477776688888888
1111233312212333122223341444444455566777556677775886666755888888
1112222231422245314444453111664533766655377866653788885537777888
1111112233144122344455523444552236655572366777773368877866688888
1222233411223344512233445113366457118864578888645777886655577766
1111112233112222344555523444555234645777346688873666687736888877
1112222233112444311225543617775436687754366887543668775436888855
1111222211132222144335554443336547733665487776654887776588888665
1112222211342252613445556134445561333457668334576888888766877777
1122333411225334112553441222533416665544776665547766888877778888
1222233412333354122335541255554411657444166677771668878766888887
1222222212334444133345561334445613555556117766661777786877888888
1222222211113442113334551633344566673445666777456877775588888885
1233333312234444125345441255556412556667122886671888766718887777
1112223341112333415122334455522345565566476666684777888847777888
1111111122333333224444332224546672555446777556667775586678888888
1222233311122233144442351464433511647775666877756888875566888755
1111122231141242333444423334456277355562777885667788556678888566
1111122211334442155344225553342675334426755366667777766878888888
1111111233331222444333526444355266644522676685557768885877777888
1111223314122233141255334442253344667555488675758886777788866667
1111222341222223411555334415553344665533466777784677878866678888
1112222311222233111333345563444455644774556677775666678758888888
1222223312444223144443331145336671155666771555667788855677788888
1112333311122223141225334442555346655557468888874668878746667777
1111112211332222333442256334555566347555644477776648888766888877
1112333411122334115622347756283477562834775628847556688475566884
1222222211233333113345531444445511466665774666657777888577888885
1122222231142525311445553114444536674855367778883666788833667778
1122222314555523144455231144452316748533167788336677788866667788
1111112233112222344225553344456533344465788888657788866577777666
1123333412222334111253341162544466625744666557776555887788888877
1112222211222333111433335564443456667444566777785667778855588888
1122222213334242133444441333554611155666555578867777786677888886
1111223314512233145522231455523344445563747776667778668678888886
1112222211122323114333335544346655744446557888865577866677778886
1222333311123433112234441225544415556664775666687755688877778888
1122222211223344113334441155334466557384665777886657788866557788
1111222233112442333124443331245465555554657788886777778866666788
1111222312222333111233334445566674445668745556687455886877777888
1111222211132222133345667334456673345556774455667748586877488888
1222223311242443112444431154633317566663775588667775588677558888
1223333312233435122264451112645517766455176664457788684577788888
1122222211342244113444456133334561377555663778856677888566778885
1111112213313322443333224444522566445555666657778686577788888877
1222233311112223415562334115663344755666447555864777778647888888
1112233341112223444123334451223644576666555778665757886857778888
1223334412333546123355461225554612275546177788461788884617778866
1111111233312222344442253344625537746665377466657777886588888855
1111122211133224333355246353572466555724688577446688877466888774
1222222213333424133444441533664615555666177555861178888677777888
1111122213331242335314423553647255566472858644778586647788886677
1122222213333332114435321114455566774455666748556667488877778888
1112222213111244335152243355554433666544366775846667788877778888
1111233311122333414222354442523544665555466677756686777788888887
1111222211122223144453336444533766645337666455578865577788888877
1222333312223433122444351444646516666665177788851778885517778855
1222223311122234511133345167344456673844566778845567788855667788
1222222312424453144444531666555316766653177767531887775318888883
1122222211113322411333334566666345556667455557774888887744488877
1112223311224433112443331522444355566647556666775586887788888777
1111111122223333224555532445533324456666447588867477886677778886
1111223314112335146223354462235546662357448665578486775788888777
1222222211133332111133445567388456673844566778445666788455577788
1112223312222333114255331445566314455666445577764777787688888886
1111112233313142553334425535444265557442677777726768888266668888
1223333311244443122546331255466612254676155547761588887688887777
1111111213342222533444225533644253366447588666775586677758888877
1222222211133332411353334611555546666555467667884777777844488888
1223333311222344111233441152664755526447588864775888666755886777
1222222311124423144444531665545316775553167785336667888367778888
1122222213333242115333461155344615555446757788467778884677888666
1112222211123324113333245536737455567774566674445668778456888888
1111122213341225133444253344422536647755366778856677885566778888
1112222314222233144433351144433516647775666778556677785568888885
1111222231114422315442263354477635544776335557768388576688888766
1222223312422443144444331556663715556337158566771185866788888777
1122233411222234111233345515663455555634766666447778888477778888
1122222311112333141223335444436655574466555784667577888677788886
1111111122233333244433352264444522664555666665578888757788887777
1112223412222334125553341665334416755344167758486667588867777888
1222233314223333142255531444555617445586174788861777868617788666
1222233312455533124455531224456311144563771746667777788688888866
1222333411222344511123445611234456666334566677775557778758888888
1111122213331422133444225333446255555466557784667777866677888888
1122233412222334112553446115333461555554667777446678877866788888
1122222211111223444133335544363755446637588467775586666758888877
1111122233341112534444225334644253366662555578667577788677788888
1222233312223333124445531444455611114556778885567887886677778666
1111123311142223554442235544223354467337556677775666778866888888
1112222211112332444133524643355546337575466777754688778566688888
