1122222211133442133333421135444675555446756666667558888877777888
1123333312234444123345551222455512664557116647776666778788888887
1111222213133242133333421555544266755544667584486777888866677788
1222333311244443112224331552446315778466157788865557888657778666
1111111233312222344452223444555633445666735558667777788677888886
1111233314412233144122235544622354476663557776665578886857778888
1112222212223344113333341155553465557584667777846678778466688884
1122223311223333412555364125773641557666418577764485776644888888
1111233341112223415523334445222346555777466557874666878766888887
1111222231112242315552443555664435777644357886643377886637788886
1111112233344122353541223535462235554666758844467778886677778886
1112333312223333144225551442266517444665174788657777886578888665
1111111213333442333344425564447255677772556677225568872866688888
1111222211322242113344443335544637358846777586667555868677758886
1222222213233344133334441555446415556666177556681177786877788888
1111112233412222344142553644425536647555336677578366677788888887
1222222311423323114453331145566314455677884556678845667788886777
1111122213132242133333425355444255556644757668847776688877766888
1112223314425233114552231144552366744533677745886767758866678888
1111122211322224513332445555333456577734665777746666784468888888
1111122213131222333332423555544455644447856666678568776788888777
1111222211332222144333331543677755446767554666675446887755888888
1111112212222223145555534445533346657733446777736467788866688888
1111123311441223555466235754462357544623775466237888662377788888
1222222211123344511333445511634456666334555766645777778877888888
1112222211132452113324556663345566734458677345586773448867778888
1233333312224443122244531124445511166655776686857776868577788885
1111111233444122344545223445552233656527336567778866667788888877
1122223314223335142336551424365514444655116666578868877788887777
1122222341212333411123534416635344666655447667558777777588888885
1222234412333334122534441255354617755546177858861788886617778666
1122233311442333111422351444623577746255777465558778666588888866
1112233311442323114222235144446355557463855776668858776688887776
1111112213314425333444253634442536666225766677257777785588888885
1122222211113244113332445535334455555344666667776668877788888877
1111122213333322113334224444442566477555666777556677785568888888
1222222211133332415536374115366744153667485556674885867744888877
1122222211111223415666334556673345666773455557734488887344888877
1122222211123323441113335446663354477666554778665547788855778888
1111112213333122444433324555366245755662457666824576888877777888
1111222344511233445112367455523674458236745582367777883678888666
1222222311122333144553331444553614555566144777768777887688888666
1112233314442333144422351164423561662275666777758677755588888885
1222233312223334155233441566644415656447155566671188877788888777
1222222211133244111333445155334455553647886566478666677788888777
1112222231111422313554263335544637554446377554667777866678888888
1112222311422223114444331546443375666638755566387555688877777888
1112223314112233544112235544442355677433556877775668877866668888
1122222213444252134455551346656513446665137767681377778833788888
1112222314112233441152234666555347665583477655834776688347778888
1222222211233333411153364411536644475556447775568888775688887766
1111222213112244133224443335544467375588673775586777558866666888
1222222212333333144355361144555611145556744466667777788677888888
1122222211223334111333345513664455776644577668485576684857778888
1112223312222333112443536114555366644455667774856777748567888888
1111223314222333144423551146233574462555774665587776688877668888
1122222311112223144444431545664355556333576668385777688877776888
1112333312222333122244431154444416557777668557776688555766688888
1111112344122123445522234455552346575333466788836667778866777888
1111222311112223455522534465555346667733466773384667888844777888
1122222314424223114444435111666355566763855667738558777388888773
1222333312223334112535441125556417556664175766647777684478888888
1222234411222344112333441333566417785664178855667788855677788556
1111222213144442131334425333442255366777556666675886877755888887
1111112233331124533662245533624455556224566667448877777488888877
1222233311222433112444331444553611475556777758667785586678888866
1233333312222243111252431115544466665544677558486675888867777788
1111112234155226341522263455727634557776344577663344788638888886
1222222211332344153333341555566417556644177566441788866877778888
1112223311425223114252331445553364557783644578886467777866667888
1111111213444442333334223356644255566672855667728558677288888777
1111222311222443155522431565544377655443766684337666888377778888
1122223314242333144422331544456315555566177586661777888677788886
1111112231134422333334225555342678555426788544467788886677778666
1111122233141125334422253334442563747855677478856677788566668885
1112222213122425131144456334474563347775633677756666755588888888
1111122211133242333322425553344655788466577884665578844677778866
1112222234111225344116253346667533446675833466758884777588887755
1112222233122442531111465377774653374446533777465888666655588888
1222233311222334155233341155544416655574166887746688777466888877
1233344412233344112334441122255611277556877775668788756688885566
1111112213142222333445223367455533674885666748856777488566774885
1222233412232334112333445111444456167777566688875656877755568888
1111122213312244133222453334444563747755677778556678885566668888
1122222211233333142335531445555514466566144666678477777788888887
1122222231111122344156663445565634445556347775863378778637788888
1112333341122353411233554412266547722665487777654888776548888665
1111222213322245113266451336644533664445366747557777775588888888
1233333312433555124444451244665512666557122866671128887788887777
1223334411233344122233441112555461725754667777556667878566888888
1222223311124223114444331144455355555533677778886776778866666888
1122222211112333411525534655553346656773446666734448877788888877
1111223314412333441122334555522345566277465567774666688788888877
1122234411223334112335441123655477236654777886547878865578886665
1112222213333442135334421153446215577466557784665578866677788888
1112222231222444311114443335664433555677355856778888567788866677
1111222213111222433333254433555564445777646455786667777866888888
1111222344122523411225334165555346665533466777734677877846888888
1111112213144222333452623334566273445566744556687775868877758888
1111112211332222433322554443336544466665477776657787865578888885
1112222231111422331444423554466635546666355567883577778837778888
1122222312223333144444331156644315567488155678885566787856677778
1222222211133323411553334411555364477758644475586667777866688888
1112222231112442315544423155546633575466388754763387777688888766
1223333312222233111124435114444655574846575788665777888657788666
1112334412123334122233441152634455526664555788665777888677778886
1112333341122553441622534116625346662253467655584777888847777888
1122223312223333112444331555544611544466555766668887777688888777
1111122211322242133332445363344456666644557667785577777855888888
1222334412122334111223441555333415566644557776885776668877768888
1111112233144122333344423553444255566662557767625777776688888888
1222344411123344115233341152363477522664775558667755886677888886
1112233314122553144222531466625314776653447865537478665877788888
1223333312243435122444351224665511446655176666551788888877777788
1111222312222333142443531444455314678853666788556667888567777785
1112222213112452331424553314444536674555367788853667878866677788
1123333312222223111442531444555314645757666457776866587768888887
1123333311234433112444441122555466722258677777586767555866688888
1222233311222233111443351664773516447755664475556664777588888888
1222334412223334122535341555553416577444167777771668888816666888
1112222211323342133333421554444415567774556667778556666788888887
1222222211344425133345551133444561334555616777776666788768888887
1122222211123244133333541366555413666554776865847768858477778884
1123333312222223111112334556666744555667445558674448886788887777
1222222211333323114453331664555516644557166644578886477788888777
1222222311111123444155234455553346657738446578386666783867777888
1111122344451123445512234455522345566623766688837676888377777883
1111222213333322111443524444335266644557866655578686577788888777
1111112213331222435333224355662644556666455576884447778877778888
1111112213333342153344425553442265744882657778826556788866667778
1111222341112333451222364572333645778886457788664557786644557886
1222222314422433144444331111555315555663788856637778866677778886
1111111123333344223335542225555422657544666778486677884866777888
1223333312243334112444441225554612557566175577661777788688888866
1222222311111123145566234455666345577763445578634777786348888883
1111112213145552334445223345552637445226374666663777886877788888
1111222233112442333114223533444455555646577776665787666877888888
1111122341112233445552234556223345667733455667774866678748888887
1223333412223334112536647125666471256644711556447775558877888888
1222223311124243111542431555444355654333566777786667878866778888
1112233314142223144422331454423316555555666677578686677788888877
1112333312223443111234435122246655577466855574668885747688887776
1111222213122442131254443355566433566644355576683777786877788888
1111123341551233445512334445223344552226775786667777886678888866
1222334412225334112253341555534416655344166677771688887766888877
1111112233131422333344256634442566744225667788856677888577788555
1112222213223244133335541163375481666754866767548687775488887554
1111222213314222134444421334455563377555637777586678875866668888
1122333311222334152523341555264415666644156776447577868877788888
1122222231124442311145443155556437755664387756663887777633888886
1111112341555123444522234465552344657223666877736888777366888873
1122234412223334122553441155334671155346788558467788888677776666
1222234412525344125553441215534411165337666663376886777788888877
1233333312334444122244551112644511226655776666557777868577888888
1222333312233334122554441255554411165544177666667777688677888888
1112222213342224133444441134555561335557663775776668777866888888
1111222211112232333333324555555544446665477467664877777688888886
1223333312232343112225446111155466775544677785546678885466778888
1222222312114233111544336155444366655543666577436885777788888877
1111111233333122334322225544442657788446577788465578866655778866
1111122211132222433333524435355564455577664447776666678788888887
1122222211233324155333441155334415556664777566447888866677778888
1111112213333222144332554466322544463555774666657777688577888888
1111111123444455233446552333466522334665722766857277868577788888
1111112231441442333444223334522235555555666677776886778766888887
1122222311224443111255436615554365554443667788336778888366777788
1112233311422223144422331454446317556663775555667778856677888888
1111222213332242113324441553446455337466555877668858777688887766
1122222211113232141433334444355544663575666885756688777568888777
1111122211222234513332345555333455657444666677448666877788888877
1111111122333334223555542335655422266654766684447768888477777888
1222223412523234115533346115533466175544661775846777778466888888
1122222213324444133244451333345516666557116655778668857788888777
1222233311243353122435531124445617448856178485567788865677778666
1112233341122233412223334115666644555556477755864778888647778886
1223333312233444112234451112244516666455767766557778688577888885
1222233312244433112445331126455311664455766665557688888877777788
1222233311112433112224435156444355564743555677886666788867777888
1112222233111224331312546333555466555544667778846678778467788884
1223333412333444123244441222555511115666777755567777866688888886
1122223311122443151622431566644355644433556778835766788857777888
1122222211133332411144324444433355556677588556675888667788866777
1122222311122233111333334566666645677776455587774455878844458888
1111122233331244533312245366124456667248555674485766788857777888
1122223411223334115223341555336415577664885577648888766488777664
1111111122333344253353342555566425576644277766642787776428888888
1222222314224443144443331556333715666777156677771566888815558888
1122333312223433112224351166444516664455666774557777775588888888
1112222311223333412256634115566344556663455567774488777748888887
1112222314444233144422331545233315556677158866775588666788886777
1122222213333224133335541155555416666754168877746687777468888844
1122222231112445331124453617744536677455366874553688777536688888
1111112211333222433333254444422546674775666777556667755588888888
1222333311222233112444331114555566444475688777756688787566688875
1123333311222323411122234415556644445556747556667777786678888888
1112222231144442331114223555546637775446377558663777586638888886
1222222213344442113444451633555516633555166377771677788766888888
1111122311222233144425336447255364477753664887536668875568888775
1223333312433356124444561222445617288456177885561778855617778866
1222333311233344122344441125566471255664717588667775866877558888
1111222344411233441122234445233355556377555668876666887768888777
1112222211332342133333421155564455566674585677748886677488886774
1111112233331224353316245553662455566224756688447776844877778888
1112233311112223145552234456662345567633455776664887777744888888
1111112234411225334442553444222536666775368777753688877536688885
1111233311142233155442335544226354472266554777765887876688888766
1111112345155123455566234455672348666723488867234487672388877723
1222222211133332113344351136455566664555764444857668888877777788
1111112213122222334425563447756634777556344755563477886638888886
1111222233311244335122243351677483556674855567748586667488886774
1112233314112223444123334441223566467755666675558868775588888777
1111122233312242533112425333444655574466585774668858776688887776
1111223314122233145233331452677744526687455668874566888745568877
1111222341112223441442235444666355666633577767835577778355888888
1122222211132442113333441333444567774755676777556668885566888885
1112222213333442133534221135544416657474665577786557778866688888
1111111233333312444433526644455267774552677555226677888266788888
1222344412233454123334541226345517763558117665887176658877766888
1222223311223334112533341155554415564447865664778666677788888877
1111122231311442333344423344455266665522676655557776888877778888
1111223341122333415222234155553345556666477768664777886844778888
1111222211322322113333445553344655555446777777468878764688888666
1222222211332444133344541366445513666775136888751668777588887755
1112222211132422113344443333445466355555667777756666777588888888
1111111122222344525523345253333455563774866677748686667488888774
1122222311142253661425536114555366445533677443386677488877778888
1111223311112433222224435666444356666443567777835557888855777888
1111222213322442113244451334445566333555766665587677688877778888
1111111233144442334454223334552263666527666655278885577788888777
1111223314442233114423335142236655472866554778665777888655778886
1233333312234453112444551122455671244566712755867777888678888666
1122222314442233145423361454336617543666175556681777558877788888
1112333311223443512234465112344655227446577777765578666658888888
1112333311123344122223441225536477555864775588647758866477888666
1123333312222344112553341122544416665474866657778665557788888877
1223333312244335122444351226444516667555167677751677788516888888
1111123311122233422223334455555344445556477666667777766878888888
1111111213334222333345526344452266645552677448586777785866778888
1112222213112245633112456634444566345555633475886637778877778888
1123333311234455122334451122444561227745677777856768888566668885
1111123314112233444422334552223345667778456678885567777855666888
1112222233111244531122445336666453366744536677745888877755588887
1122333312222223111145536614455366444753666477558684875788888777
1122222211113332415556324155563344456633744568887747666877778888
1111111122223333233334452666445527666445277766458877774588888855
1111122211222233144523364445336674455336745588867558888677777866
1222223311233333122344441111555466665444665557776885777768888887
1112222213332444113324441135264473355666775588867755888677758866
1112333411223544112235546127354466273544662735556667888877778888
1111233312212433122224431555543355644447566666775668888788887777
1112222344111123444451234455552367777523677875536678883366668888
1222222211133332111334335155544455564447566666478888866788877777
1233333312223344125554441222555416665744166857771688778716688887
1112233411112334561223345662234455662344557666485778888857777788
1111222231311122333334225563444456667444566877775568888755688877
1112222211134422311334243333444455555566576666685778886877777888
1112222231124255311142553444465533374655337746667777866678888888
1223333312233434112444441124555561225575618857776668888766688777
1111112213331224333322443555226475555564777766647887686478888864
1122222211323442513333445113444655134666557786865777868657778888
1223344412234445122364451223665513336555177668581777688817776888
1122222211113322444133354641377546683375466877754688775566888855
1111123314112223444442234555523345655233656777776668788766888887
1122222211234555112344551133445633377456387744568887776688887666
1111111233444142333544423335422266655522666755576867777788888887
1111111233333122345366223456662744566827445688274458887755588777
1122223311144223155544231555442315654733666647386677778867788888
1222333312122234111233341555544416665547868665478688654788877777
1222333311423353144236551422666514266675144677751488777588888875
1222223312223333111113345551444467555584677758846777788466666888
1222222312244433154444331554663715556337155667771666888718888877
1111112213344222133442253336442576366445766685557677855877788888
1122222211134225133344451663455516334445663777556777877866888888
1111223312222233114245331644453366444555667775586667885877778888
1112233311223333112222345155444455554666758448667788888677777866
1122222231114422331144443551446635788886357778663557888635577766
1111222231122422311544443335546433775564377756667787556688888886
1111122314551123445555236455222364442733648887336688877766688777
1222222213455552134455561334576613347766133476661844777718888888
1122222211133332141133524466335547765555477688584776688844776688
1112223314422233144442231454633311556666555788867557786677778888
1111112213322224133234245533344455566664577768845577688877766888
1222234412532344125333341255636411566664175556841777868877778888
1122222211122333114433531444445367774553668777556688877566688885
1222222311124253144444531464655311666533776655837776588377788888
1112333311122333141222234444425566774455667777756688788566888855
1122233312233343122243451644444516655555116666758868777788888777
1222223314422333144423331445666615455676155556761177777788888888
1112333411223344512236645127366451273644552766845557688877778888
1111112233333112344444423546422235567772555678775566788766688888
1223333311222233144522631475566614775656147755561477888644788888
1222344412223334123334441253664711588677155866771588666755588877
1111111122222223455555234666555344666733844677738446877388888773
1111111231422222344555623444456234777566338875563888775638887766
1111222211332224155332641533336475556664757566647777788488888844
1112233311222333411125334662255744666577844465578884657788886577
1222223311222333111114335564444356667744555677745666877758888888
1111223314111233444442334555523345552226777566667778888677888866
1111111123333333223444452244454522266555666655776877777768888888
1111123314412223445122334452233345555566477756667778888677888866
1112233341112353414123534444255366422255667777756678778566888888
1111112211342222333444223533446785534467885566678855667788856777
1111233341552233415523334152226641555276477777764448786688888866
1111111122344444223333342335664427555668277756682755566877788888
1112222211332444113225441336655473666544737655587376885877768888
1123333312222333111425551444225514646675846666758468877588887777
1111122211122232445333324553533645555666444666768847777788888877
1122233311224333112543431125444677255446788855667888855677778666
1122222311244253112444531144455366777753677885536778885366668883
1111222211134442133344223344452637555556377888567788865677788666
1111222213144522331455523314455233344566777485667778888677888666
1222223314222433144444351116433571666355716685587766855877778888
1223333311232343112224456127745561777455617774556888844566668888
1222222211133332413333554116655541667755466887754668777744488888
1222222213334525133445551133466517734655117746667778446678888888
1112222341111123445522234445333345555366457776667778768678888886
1111111122222333245223334455663744555637455866674488667788888777
1111223314111223444552334455226344552663775576637777766688888888
1111112213331222334333524444555246644552666755886677777867788888
1111222213311244133332245553326455556664757768647776688477888884
1122233312222343111123435166644355556477855664478856674788888777
1111111122344444233334452663774526637755268377552688778526688885
1112222311114423515442235554662355446663577468637777786378888883
1111122234122222341555553414456534446665333366667788888877777788
1111112311452223444552236477552364755523647777736488883366668888
1111122233311222344145223344455563347775668478756688787566688875
1122233311122233114452331444523644455556777556667778668677888888
1111112341122223444442235445552355556773666667338868673788888777
1122222211233332411553334411563644455666477755664788856877778888
1122233311442353614422536114425367147253677475586677755866888888
1111111233132222433355524663555246635752446777774666888744888887
1233333312222223111442531144445561477485666678856777788566788855
1112222213342555113425661134256633345556377448667774888677748888
1222222211113342511134445533334456367774566687745668887755688887
1112222314152223141523331455667344566673455677734456677788888888
1222222312144233111444435114433355555663575666687778866877778888
1111111122333334233356442555566427566664275688442757788427778888
1111122311222223144442335555433655544736885747368877776688887666
1222222211112333451113334555336645755666457777764444877688888886
1111112213331222333442225334666654446776548668775488887755558877
1111112231334122333442225344667253466877554688775546877755668888
1111122231311222333455223334455566644455676744856767788867778888
1112333311223344112233445126644752286647555886475588666758887777
1111233344412335444123354641235566612255776662857776828577788888
1111122213331222133333224445555647785566478855664778888644777866
1222223311224443111244431514433365557773655577776665788866688888
1111223344112223411222534555555344675333466777884667888866677788
1122222213333242111334441133445466774555667775586677558866788888
1111112234511222345552223465577734665787344657873446688733668888
1122222231144225311444553164744531667775366678753686887533888875
1122222211112332444113554333335546666557446665774868857788888777
1222222211111132144443334456433374566663755555667788858677778888
1111111233444512334555523644552236644572336777728866667288888877
1111222312222433112444331555544355665473566884736668887768887777
1111112213144452333346523334465277744652788866527778865278886655
1111122213314222333142556634424563374445667777756778888566888855
1122222211333324113333241154444455556674566668775566887788888777
1122222213244255133444451334645513336657188665571886677788886777
1111111234414222334444423335522263557777636558876665587766888887
1112222211112223133333334445666645556676444555768485877788888777
1111222211333222114433254444435566674335666777556867877588888875
1111112233331122333444225344466254466672566688775588888755587777
1112222211133332141335627443356274455566744485567777885678888866
1122223314444223114544231555452311655533666666637888888877777778
1122333311233433122244551224455514445566177785667787886677888866
1112222213222444133344451113455566334555666377856777788866778888
1112233314122335142233351442655514726665447777654888776588888766
1122333311123444112234441522346655273466577786665577888655778888
1122233311223343122564431255664311556644775556647777768478888888
1222223311122333111423531644435566748555677488556674488866777788
1222222311142333144423331144435516455555666666657777788877788888
1111112213333132445533324465555244677752466667524868677288888877
1111112213334142333444425354462253566622555666775888677788888777
1222222311145223114453331144533364455577646658776666587788888877
1122223311244223112444331544666315546673558666735588877758888777
1222333312245533112445361224453611774556177445567788888677888666
1222333311222333114253661142555641455556444788667477786677788888
1111112211333324555322245333224455566444566667478686777788888877
1222233311223333112443441125444617558846775888867555588677776666
1122222341112523444155236411553364447553666777536688877368888877
1112222231145222311455663134566633345666344457778488557788888777
1222222312442333144453331144566311745566177885667778855677888856
1223444412233334122335441223555416667555116677758166687788888877
1122222311223333111233441556377455566674586687745866877458888744
1111122312222223114444435666444355666773566887335888873755588777
1122233341112233411223334145266644455556747855667778856677788888
1111222233314225331142253616444536666445366774857777788578888855
1222223311224333111244431154466355554463775888667755886677778886
1111122344111223444522334555223344556663755766637777786678888888
1122223312223333112444536114555361445557666457776684888768888777
1111222234411112344566223445566234457766335577763885587638888877
1111112211344222333344423354462253546666555567668885777788888777
1111222213311222333142553634445736644457666645576888855788887777
1112333312224333122444431224554416655557165577776666888768888877
1223333311223433512224465112444655117446555876665888777688887776
1111112233332112433322224355666745556667458866774558877744488887
1111111122223333442233554662355544623555466667774888677748888877
1112233411222534112225346155553466557334666773746867777488888884
1112233311222234511223345166433455674444556777775666677858888888
1122333314422553114222536142555361445573614877776648777866688888
1223444411233546122355461123354612235546177385667788856677778888
1122333311122223142255631444456314555563744885667777888677788866
1222222211111132414433334443335544666555777665887766655877788888
1222222312423333144445531145553311445566177775768888777688886666
1112222314452333114522331445523314445566778885567887888677776666
1222233311112344151123345555223455566634777766447888666477788888
1111122231112222333324553664445537664445377664857788668577788885
1111222213312442113334225336644755366447555564775866677788888887
1112333411122344511233445522334456622774566667775568677758888888
1111122231144422314444223333345263777755688887556886875566668775
1111122211133222433333324455567245566677445566674458687788888877
1112222314444423144422231555553315653337166577776666787768888888
1111122211133242333344423355442265554777665547786657778866688888
1111112231331224333322245553244465577774665577746658878466688888
1112333311124333122245531244445522464557888666578866775788866777
1111112211222223444444234566666345567763558677735888873355888773
1111112213314222334442253334625534446555666665778868857788887777
1112333314122553142222531444625314446553777666557788666877788888
1112233311122343112222435556664357766443577668445776884855778888
1122223312244223114444331554456317555563177566638777776688888886
1122222211233344112534445115334455555334666667776668887788888777
1112222233124242331444453315544563175555631777776688888766668887
1111111234444212345552223445562734855627388586773888867733666677
1222333312122234111233341155544466655554667577846777788466788888
1112222233111224331514243355444433555664775656887776668877768888
1111222213114222331444243333544466635555676685556777888867777888
1112222213333322111143324444435546645557666665776888557788888777
1111111123334445222366452233364522736645777764457786688578888855
1111122231114425333342253334462577744625777746658878866588886655
1223333311233345122264451122645511666445776664457888885577777888
1111122213144552133455523364455233644522636647776668887788888777
1112222211332422113344441333554463677554666755556677788867788888
1122222312244233114444431554633311566637555866775888667758888777
1111112213334422133444225533346257774462577766665577868655888888
1222222213444552134455551344455613378886113788661337786677778866
1111122211331422333344256663342567644425677488856778885567778855
1111233344122233441112235444223355647777556678785566787856668888
1222222211233334115336441153666415537764557778645877786458888864
1111112231422222314444423333344563777755666677756888887566888555
1111112213455522134452263334552633445726384457768887776688887766
1111122234441255344412253364122536645555366778883666788837777788
1222233312223343112335461775554617754446175554461777866688888886
1122222211333332114433521444435516447775866667758868677588886755
1111112211222222333344445353334455566674585667745886667788888777
1122333341222333411122234151666645556677485566774885587744888877
1111222213332422155334421533344415566447558866778586677788886677
1111122211322244153224445533344465553377665837776658878766688887
1111122213334225133342551663422566634775688444756888747568887775
1222222212333344133355541366544416655447168855771688777716688887
1222222312444443125554331665443316555537166677371686877718888887
1222223314455263145522631455566314445663177476831777768317888888
1111222213444422134455221334456617333566873775568777755688888866
1111222211122322143333335446666354444766554877765558787658888877
1122222211111232145555334455333344455366446666678888776788887777
1122234412233334112233445112634451566674555666778556777788888887
1111222213411225334412253444667533446675338667758886677588887755
1111112231444125366642253366442537766425377764253377785588888885
1111123344111223445552234555623344566223475766637777668877888888
1111122211122233444422334544333655546366555566667777788877788888
1222222311122433114444431555443315566336555666667777788877788888
1112222311124243115242435555444365577743665778336667883866778888
1222223415223234155333341555536415766664117777641777886488888864
1111233312222233111223334444555544645555746666687777686877788888
1112222211132244551342445313444653336666573786665777888855777888
1222222314444423154646231546666315557633155576731177777388888888
1111222213111224333333245637772456666774556677745586844455888888
1111222211132222133333345366444455664474566888775668888755587777
1222333311122223111244531444445366647753667777586775555866888888
1111233311122223414452234446552347465553776666537768865877788888
1111223311442223144422231544666355456333555567778888667788886777
1122222211233324155363341566633415676674156777745557887488888844
1111112211344225333422657334226573446665734468657788886577788855
1111112233331222433312524663555244666655447676554877777748888888
1111223456111234566122345666233456762344557723445577838877788888
1112344411523444115233445152233655522236757766367777866678888888
1123333311243355122443561222455612774556177445667784866677888888
1222333312222243115554431155444361157443685577776888887766666887
1111223411112334522223445662633455666634555786347757888477778888
1223334512333445122234551122345511664455166664776688877788888777
1111233311412233514422335446622354446627588666775586877755888877
1111222233112244311524443365254433655554366665776688888788877777
1111223314222335142333651422636514476665444786657777888577888855
1112222213124224131144443355466437755688337566683775668877755888
1122222231242555311445553311445533314446366666667788888877777788
1123344412223334125233441252634417566666175555861777758677888888
1111222213333332144334521644445216645552666755576867777788888887
1111111234122222344455623345556234445566377885863777888637778866
1122334412222334111223541617335466877354668875546888775466887755
1111222344111223544122235446666354477633557776635587776358888888
1122333314422233144425351144253561142555677777856767788866668888
1111222211333222113444253333444566664455667685587677855877778888
1111111233412222344445523334665236446752366667558777777588888885
1223333412223444121235441112355461663754666677558868875588887777
1223344412223334111223441512634755166347566687775566878755888887
1111112344412123444222235544263355556663577777635787876388888866
1111111234415222334555223444552234455666333766667777778678888888
1111123341122223451222334555663345555637448666774886867748888777
1122223314442223111424331154443365555537668885776888857766668777
1111222233311122333314225536644455556664577777645888776488888764
1111111122333344222534442525333425556744556667776667777868888888
1112222213334224133344241335644417556668177556887755666877758888
1122233311242233154423331554266711544667555446778858867788886677
1111222341155523411522234655273346557738467778384666783844667888
1223455512334555123444551233444612233666127766681178886877777888
1112222213342225133446651344666513346765134477658888775588887775
1223333412222234111253341611553466665444677554886675588877777888
1112233312222243125544431154446315546663557866635778886877777888
1111123314222223144444231554542355555633766666637677788877788888
1112222213332224113564441135667483355674835566748855667488887777
1111222213312242333124443351664435556644555776665777788677888888
1111111233444412335444423555666235566772355667723888677288888772
1222333412233334122235441666654416756544167555581677788817778888
1112333311123323411222234555256644555566447786664477886877778888
1222223312244233111144331551446355777463557874665888777658888666
1222233312425553124253331444566314475566147775661778886617788888
1123333311234334112444441225556412775566227555667777786688888886
1111233311112233422225334462755344677755446875556468777866688888
1122233412223334122533441155344615554466175888667758886677777886
1222222311114223144443331456437315564377556667775668877855688888
1112222231224425311114553333344536664455667674586677785877788888
1111223311222443511244335622433756644437566887775566888755688877
1111222213312242133124445334446653347766557777665558877658888886
1111222213411125334444253664422533664555336777758666877588888877
1111234412222334112233341523364455555664557778647777886678888866
1112223311223333144222331144444566666645767755557675588877788888
1111122233311122443332254666332544667755466777754467785588888885
1222222213333244111334441153356415555564777588647888866677778866
1122222312242333114433351164435516664555767645587776488877768888
1112234415112334551223445512333455627734566278846667788866777888
1122222311124223511443335144436354477366577777685576666855888888
1111222213333332133444221144544266645577886655778886657788865577
1122223411552234115223341155633477586634755866347888866477778864
1111222213342442133444421135546277356666733555667775586877888888
1222222211333332133444451366644516666445116788857777785577888855
1111222213332222134333341544444415566777555866675588667788888677
1111233341112233444152334645522346665522467558886675788867777788
1122222213444422133445551344555613355766183387661888876688777776
1222233314242233142453361444553614555776115577768188876688887766
1112222213333342111333421554444266547778655477886555788866667788
1111222213112244133332245556334455563444556666678886777788888777
1112222211113224513333245333667456666774555566748587777488888844
1112233311222233122443331544446615544776557777665887786655888886
1111122211314452663444526333445263334552666677528888875588877777
1111112233334112344444223456422733566627555556778856667788888877
1111112213332222134335224443355544455565747886667778888677788666
1112222213333342113533421555544215566447856644778666677788888877
1111111122223333222444335626477356664773556448775668488755588887
1223444411235466112354461223546617235556172358867773588677738888
1112234451123334511233345512223465527744655777746688877866668888
1111233311222233144223331442567744555677455566774588866788888667
1111122344111223445222234555633345566633445566667777888877778888
1123334412223344122234441123345617775556177756667755588688888866
1111122213114422533342265333426655534466755544667777888677788888
1111222211312442133354423335544235554466557788667777888677888666
1222223314442333114223331144455561774885617778556677788566668885
1222344411223455122234451116344576163855766638557676388877773888
1112223311222333412533664125366641555556447578664477788847778888
1122222311223333142443561444335614747556177775568877855688888666
1112222314444223114442235154633351556337555866778888667788866777
1111222211314442133344423355464273355662755566687578866877778888
1123333312233434112444441224556715225667155556678888666788887777
1112223314425223114452331145523344455663777755667888888677788666
1222233311442223115423331554444315546666175566667775888877778888
1112222211112322414433554446355544663555666633778886377788888777
1112333344122333411122234451266644552666455577665577788877788888
1122233312222234111333341156644475556648755564487577666877788888
1112222211123224155334441553364455336664553667748888667788887777
1222222312244443114444531115555316557533667777336688877766688888
1111111233314442335555423354444263557222666577276688777766888888
1112223311423333114223551442236574466665774488657777866578888855
1111111233144422333344425334422256666662555677675588777758888887
1222223411522234155553341156534417566334177866347778666477888888
1111122213122224133354243333544466555447668555776888887766688777
1223344512223345122233451163344571684455716888857166668577777688
1111223311212433512224635572446355744463577486635578866677788888
1112223311222333112423531664435566444445667777558667777588888885
1111111123344555223444552633344526773345266778852677788826667888
1222222311444423144555231446555311666533166765337767888877778888
1112333344122223441112234441525346655553666575776868777768888887
1122233341233353412255534112255544116665477888664788786647777886
1122222211233332111444335144446355547663855577668588777688887766
1122333312222433122444331111544466555554655777886667888866777788
1112222211113332144433324454433255546666555777668588776688888777
1111222344412323455123234551233345516778456667784567777866688888
1111112213331222443322254443665544336775488667758886675588867775
1111122311415523644555236444522367745283667452836777888366778883
1112222231111242355514423355544433365447366657776667777868888888
1111223341222223412555334155655341766533477666884476688847777888
1122333411123334122222341155553455567444588677748886767788866667
1111222233311422531144425333364255766644557766485777866857788888
1111122341222233411552234445553344455533666667786677778867788888
1112222211112322415333664555533647575336475788864777786644488886
1111223451222234512233345116343455563444575666687776886877778888
1222222311224443154443431546333315566666115788865557778677778888
1112222233111422355114423555444633554646375666663788888877777788
1122222211133442115533421555344466533774665377746657778866888888
1123333341223353411222554122666541666655417688584477785847777888
1112222311444223144422331154433655556336557766667577888677788888
1111112233331122343552223445552634775866444758664777588677888866
1111222211322444133324441333244563555555665777776666787768888888
1122222231121244331114443355677483556674835566748385567788886677
1111222211113222333334245533444456666447555667775866778758888887
1122222211334422111334445163337456636774556667745556887758888887
1111222213322244113332441333444456666666556777775888878755558887
1222333311122433112254331125544466665554667655847678888477777888
1111223311222333114233354442255546444665766666857777888577788885
1122222211233323111143335554434655784446577884665577888677788666
1223333411233354122223541266555417766544176655441776688877788888
1111122211133322453333324555566245475562444777668488776688888776
1122223411122234151523346515534465553334666666748888877488877777
1222222311244423114444435116666355177663555577638858876388887773
1112222211133332451133324555536245777666455788864477866644778888
1111111213222222433333254666633544446655447886657777888577788855
1222223314422553114255331144533611455636744566667778886877778888
1222333311223334112234441124445561645557666855576688887768887777
1111222314112223144422335554443355546337885567778866677788886667
1111122213144452133444523344655233666522366675578886775788888777
1111112233445112334455223344652233446527888865578866665788677777
1122222231214452311144553314444536666655366677753888887538887777
1112222314444233111442235516423356664733556677775566788758888887
1111122213142222331455623444556637445556377485663778886637778888
1111112233331122334445226344455263445552666788556677888867777788
1233334412323334122222441555566411156644175566887757668877778888
1111222311412223144552234455553364777553644777736668878366688888
1223444412333334122234441255355612755556177777661878766618888886
1122222312223333111444435614443356177478566677785556788855667888
1112222213111244133332243335444455554666557766865777888677788886
1111223314442333114222335144223655544666577888865777786655778886
1222223311212333111123334444455546666655446667558888877588877777
1122223341212223411115334445553346445537666657776886577768888887
1222233312223344115253341155553411666554777764447766668877888888
1122233312233333112244441124455516645575666485776888857766888777
1111222311422333514222335144466355554463577746665788888677778886
1111111233444122344444253366662537777625377886253778662588888555
1122223311222234111155346665533466657344655573746888777488888774
1111222312222233144444431145563377456633777556667877555688888886
1222222312333333123445551444465514466665177768651778886517778888
1122222213332444135526441335666413356644155556771888867788887777
1111222311112333455522234455267345556673444466738888677788886677
1223344411233334112233541162225416666554667765547777885577888888
1123333312223443112225436125554461157554688877546688777466688877
1111222211132332144333224443555546437775664878756688787566688875
1112222211113332144433224455533344465555777666567888866677778888
1222223311122433511124335144444355546663577766665777768857888888
1122222231112244355144443351146435555666357778663778886637778888
1111112311222223442233334445536674555366744566687755868877778888
1122222311445223114552531144555366644753668847336888873766887777
1111112314441223442222234555553346557538467777386667883866677888
1112223341222333411523334115266647558866475558664775788644777888
1222222314444233114442335114666355116763557777635557776688888888
1111122233144442331554223315442233655477666857776888557766688887
1222333312453666124537761245337612455776124555761448877614888888
1122233311223343122255431555554316667544166877446668874788888777
1112333411122344511623445666234455762334557622885776688857777888
1122333314422233144422531644425316667555116677758668777588888875
1223333312334434122224441112555461155774655588776888888766666777
1112233311122234112233345526634475566644755566447578868877778888
1222233312212344111123345516633455666644556777745567887488888877
1122333451123334512236345122264451166674556687745868887458887777
1111111122344444233334452633354526666555226677758267787588888877
1111112233114452336645523664455233647552366477528684777288888877
1122222211332245113333456113444566637445688777456687875568888775
1112222312222443111144335554443366554733666577776885588766888877
1222233311233333112224441564447415664777156666875588688755588877
1111222211132222413333334555566347555666477566684477778844788888
1122223311212233411125334555553344455677844666678466876788888777
1112222213123442133333421135554465555444677588886677778866667788
1112222211112232144444356744433567773335677888356778888566668555
1111111122222233425263334556663345557663455776684777888844477888
1222222211113323411133334445555346666555466766754477777788888888
1111122211132224333332445633727456677774556778445666684855588888
1122223311124223511142335544446357777463577884635778866655888866
1222233311122233114423331445666614555667444556778855867788888777
1111222314222233144255531144455364465533666657738866777788888877
1111112234442112355422223354466635544766355877763358887688887776
1222223314444223144542331455556315577663157778631177786688888866
1222222212333333111144335164477751644478566647785556877855668888
1112222314444233144452231114523367775533667785556667858866778888
1222333311222223114453331644555516647755164477756648787766888888
1111222213311244335122246355574463335774666855746668857488888777
1112222311222333411123534444435544667355666777756867877568888885
1111111122344444223344542335555522366655273686667737868877778888
1123333311222333112422241564444415666664555777665587877758888887
1233333312224443122545431225454411555566117776667777768688888886
1222222312444233111145331444455316665533665557886667778877778888
1111222213415262134456621345556233455566344778863747788637778888
1111122211334442513344425533464255377622553766665777688677888888
1223333412222334155223641557736415557764115877641888776488886664
1111222211112233444423334555263344566663455666775587777788888887
1111111122334444223545442335555423556777238867772388666788886667
1222233312242233114433351144445511467775666677756687755568888888
1112223314125223144253231644533316455577664577776645788766888888
1111223311412223514222335544333655477776544776665487768658888886
1122233341222533412125334111655344446555774666657778886677788888
1223333411222334122253341665554416657444165577881657788866777888
1111112314152223444522334465227346655773466557738666587388888877
1111111122333334233555342666654426766554267855442778884827777888
1111122341222233412233334155677345566777455677784556666844888888
1112233311112344551223445622234456667334566677745567787758888888
1111222233112224331124443555546435774466355777663858877688888766
1111112233311222343322523436555544465757466667574486677788888887
1122344412223445122234451133345511363555666667758668777788888877
1111222211344422513334225133444453367788556677785666787855667888
1122222212234444113345441113354566633555666355776688777788888877
1222222311114223111444435566444356667733567777835667888355578888
1111112231122222334444253344466533774665737866657778886578888555
1234444412333445122333451222635512766655177886651178866577778888
1222222314225533144455531444655311466563117766637777868377888888
1111111213333332455536324445662244556627445862278858667788887777
1111222314412223154442331544423655553336757886667578868677778886
1233333312222233112442551166445511644475666847756688877588887775
1112222341111223444412235446666355466763577777635587783355888888
1111111233422212334442223445446733556667388566778855566788885777
1112222341125233412255334115553346657583467777884666777844668888
1223333311223443112234451162445516627445666677758688875588887775
1123444412233344122235441233355512677855166788551667788866677788
1222222211113332441113554443333546477775664777556666878568888885
1111112233112222344442523334445536678455366785556677888866777788
1122223311124223511244435514464356666643567688335778888855777778
1111111231422222334422553444555533466755834867778388667788866677
1222222311422433114444331145433316655777666555576866587788888877
1123334412223334111234441222344516667775666677558868777588888555
1222223314225233144555331145553311444566717466667777778688888886
1111111233333122344435223664452266447525664775556877777568888888
1222222312442443111444331155546371575663777756638775586388888866
1122222231144255311142453661444536664555366677583777777833888888
1122222311123333412233354116666546667655447777754447755588888888
1111112213222222134444553343444563337755677777756888888566666885
1222222211123334551134446517344465173384657773886555777866668888
1111112344411523664455237644452376655523776582237768882377688883
1122333312223343111234441152444655527466587777765887887655888666
1112234411222344112233345123336457777764578887645788866655558866
1111122213311224333222445536444453366664555556678887776788888777
1122233311442223514223335144446351174666577777765578888655888866
1122222311244223111444435154664355566733588867735866677358888777
1112223341122233411253334612577346665577446665774865558748888887
1112333455123344511234445512334655122646572266667777868877788888
1122223311122243151125436555554366665443777664337788644877788888
1223333312223433122244551444445511665555166666671777777788888888
1122233311112233141225534445256347755563477586664478888677788866
1111111234415222344456623445562234775662337556883777566837788888
1111122211332224513322445553344456633474566777775568787866688888
1112222211333322413355254113355544467755464677774666887766888888
1122333311224553122245531124445316664453777648587776685877668888
1222344412223334125334441253354615555566177777761877666618888888
1111223311112333456222234566772345566773455567774456678844888888
1222222312442333144455331445553314556777118566771886667788888667
1112222341222233411155634144566344455633775556387776668877788888
1111222314444423114544231555222355653333566667776667777788888888
1112233311123334151233445522266455552664577788647777866478888864
1222222312244333114444435114633351176688577776885577668855576688
1111112344112223445522334445226345556663755668337776688877778888
1223333415222234155223341555563415776644111766447777666878888888
1222233311112333411223354412666544666755477667554877778548888885
1111112231331222333344225553546257555466877774668778744688888466
1222222213324444135444641356666613557676133577771135558788888887
1111122213141222333444223335544453556747555667776666687788888887
1222333311223343112224431556744415667744156777885566778855668888
1112222344112223411563234415633344456637885556678885667788857777
1112333312223443112234431122554466655744655557776668888768888777
1222333311233443122225431115554466177544667755486777758866688888
1222333311122435122244351166433516644475668874756687777588888755
1111112233344152344451523334555266344522666775286777778866788888
1222222211344442133454671335546711355467133556678888567788886677
1111112231122224333332245363777456666774558867745588667455888844
1111222234411112344442223455555534566666375688883776678833777788
1112333311223323114222231445555564444475688887756886877566668777
1111122314112223444222335546666354446633577766385578888855777788
1111222213312442331124425333644755536747855567478885677788886666
1122344412233444122355541223555416333755166777781667888866677888
1111122213334242113442423335444235555556758888867787868677776666
1112233341112233445112234555552344565623446666778888667788887777
1122333312244333122244351264477516647755116477756666755588888888
1233333312223344155222241155544416557844165778881667777866667888
1111111122333333222434432444445525555556277777768788867688886666
1123333312222233124452631144566614445667188456678885577788855777
1222233311442233111442351664423516744535667785556667858877778888
1223444412233554162335441623555416233755162677771666888718888877
1111111231444552336455523364452273664582737645827376888277766888
1122233312242223114444435114466351766633577776885757668855578888
1222234415522344115223441655534416533337165888871688878766667777
1222222213344256133444561334555613447566137775561888777618888876
1111112312222223124443335646447356664873566648735888887755558777
1112333341122233412252634125556341456667444566778885567788888777
1222334412223444122333541113535416155554666657776668888788887777
1112223311422335164223551642335516443785664777856447788566778888
1122333412223444112234451123334516666645768885557667888577777885
1111222211333222114432554443333546777755466778854677885566668888
1111122211333222144332256444377564883775644837756668875566888755
1122222311111233441422334444563745555637855566378886677788886677
1112222314112223145553231454533364445537648885776886887766668777
1111222213322244113352441333555467375754677777546668885466688888
1112333314223355144236551422365514422655146666778467777788888887
1112222211134242133344421333345566667445888675558866757588867777
1222344412223334152263741566637415556374185563741856687718888877
1122222311112333414125334445255344655553466777776668888766888877
1122344411223334111235341222354466663545676885556778888567777788
1233333312224533122445551244455612744566177775661778766618888888
1111122341412223414222334445555364775533677775536667888866678888
1111112233112224533322645373726453777664557776645888664455888884
1112333311222223144522331445553614758886447558864775888677776666
1112222213344442133344221533344615555766157777768558876688888766
1111222314442233114223331544236355477666554788665577866857778888
1122222211113422516334445163337456633774556667445568877758888887
1122223341122223411113334555533644555566477888664477888677778866
1111111231444442333554426335542263355552666777726867777268888888
1222222211132444113344546113435466633357686655576888577788885777
1222333412333434122234441152446715566667155886771588866755888777
1122233314442233111422331554426315744666557776665578888657778888
1112222311224453112445531624455376644533776655337666888877778888
1222222211133324155333441153534617555546777788467788844678886666
1111223341112333412222534627775346666753468667554488875548888775
1111111122222333424422334445333644555556788888567777865677788666
1122333411122234152233341525663415556774558667748886674488886777
1111222231122444311225443335555436665554336666647777788877788888
1112223311112223144422335466777354467773546666735458867855588888
1111222211132222413333334444356674445566775555867777588678888866
1122333412233444112335441222354615555546175888867778888677776666
1223333314222253142455531424555314445666177778861787786617888866
1111122233311122333342256663452567664555677444586778445877788888
1122333312223435122434351244445511674555166777756688877766688888
1222222211111233414133354443363544766655747666557778865577888888
1122333341222223411555234115663347156666475586864775888844777788
1112333311422355114233561442235674442256748888567777855677888666
1112222211222334113333341555563477755644776556847766668478888884
1111222231122242331554443315555433366654777666547788668477788888
1222223311422333114423551146335571466555744465887776666877788888
1111222311222443511224435555443365554433666788836777778866677888
1222222211233333411113534465155344655577466577774468778866688888
1222333312423536144255361142253671444566711845567778858677788886
1111112211332222433332254344367544446675666667758887775588888755
1122233311122233141253331442555544465757446667576666877788888887
1111112211333322444453324555553244565632747666627777866877888888
1222223311142233551423335114444351644677556666675586887788888777
1112233312222333111122334444455674884556748855567888865677777666
1111112213144422333445523634445236666652367678527777785578888885
1111222314144233144422231564233355647737556687775566887756688888
1111222311442233144552331455622344566663475566837757868877778888
1111233311222333112224335566244455768444557688845776668857777688
1222222211111123451555334555566344766663477676334777783844888888
1112222211122233441133334453367745566677455556674458866788888877
1122222211112234113333345555633456656644576664445777888877778888
1122233312243333124444531224455516747755167775581666778866688888
1112233314112223145122234455563374456663744556667777586877888888
1112222211333244113322546137755463377554668877546888775466688854
1122333311122333141122354466522546665555446675884767788847777888
1111222234411552344155223341555234466577364667773666877738888888
1223333312222343124444431245554617775886175558661758886617778866
1111111123444444233344552355555523666667233668772886887722888777
1111112213344442135444223355452233655527636857776668887766888877
1111122231113322333332245567742456674444567777485666788855568888
1111223311142333155422235554263377542666775444867754888677888866
1123333312222333112456661124556671244556744445567777785678888888
1122333411123534122235341622355416555574666777746888777466888884
1112333312224443122245431552454316555543166777886667888866777788
1112223344112223411152234655533346565553466677774486677788888887
1123333311222223114442231144556377455666744855567788885677788866
1111111233344212334442223354226673546666755488867755558677778888
1122233311242223144425331464553314655777146557776666588768888887
1222223311224233111444331514446355574663575777665777888658888866
1112233341122323411122234555663347756688477566684775586844775888
1111112314122223442252634455566345566633457776334578768877788888
1111222211132332441333324455553246665777465558774668888746688877
1112222213322444133244451333344511665555766666587767885877778888
1111122314122223441452234444553366677553666675538688775388888777
1112222211223332114553331444533644445556777756667788586677888886
1222223312423333124455331444455614555576111777768888767688887666
1111112213322222143333524443635544466665746665557777885877788888
1112222211111222333333443344444566647555667775856678888567778885
1223333312234343124444451224655512666665177776551788768517788888
1233333312222443125554431255554612775446117884661777866677888886
1112222211112232144333356477735564447335664777556647888566888885
1111112233341222344414223334442536777775667888756678885566688555
1222233311442223114425531444453316775538166775886677558866677888
1111222314112233144222334455555364457853664578836667778866777888
1111112234441152334666523346555234466552334675228886777788888777
1122223311122333411223554146633544446665747765557776688577888888
1112222312223333144235361145553617455566774445667774866877888888
1112233344122355411223354412635574126385747666857476868577768888
1112333311123333144222551444255564742258647775586776788866667888
1222233312223333111234551664444511664545666745556877777788888887
1111112311444223544422235466622354776333577766835576688855778888
1123333312224333125544661254444612547766125576661855777788888887
1122222211123333144233331145566677455556774445567748866677888888
1111222233411152334415526344775263447852637478556377785866668888
1112223341125233441252234415566347155633475566664788888677777888
1122222311244443152244631555546315577463175766637777663388888888
1122222211123332114333331444444455556666577776865777768655888888
1112222311422233144442331555444316655533666655778886677788888777
1122222211132424511364445133664758836447558366675883376755888777
1111123412222234115223346655334466755334667755846677858477788888
1222333412333434122344441122455516666655167688551678888577777788
1112222213334422113334526113345566667445666874458888755588877777
1122223312233333124444431255544415565577156667771666687788888887
1111222231142422311444423554466633555676833556778835667788888777
1111222213314422333114223556644735666647355564478855677788888877
1111112213322224132255446333355467737544667775546666775488888888
1222222211333332111143331555444465655554666666447888888877777778
1122233411222344112233441555536415753364557778647778886678888666
1111123311142233544462235466662354776223544768835577688855777888
1112334411523344115233341552344455222666577286865777888677788866
1111111122222233224333354444335546477555664875576668777766888888
1111111233314422333442225334442255664777566777875566788855668888
1111112213314442333344225336442755664227555666678558876788888777
1222222311122333141333551443555514666755446867774488666788888777
1112222211112323445123334455566345565633457666684477788877778888
1222344412123444111233445612233356177883566677885556778855667788
1222223412223334111135341166354466653544666555547788888877777788
1112222233124442311144423315446635555566357588863777788677788866
1111122233112242333124443536247735566447556684775668877755688888
1122223311111223444412234455556344577563777775638878856388886666
1111223314422333145622331456226314566666445577774885557788888877
1111222311222243511264435556644356664443556777338568777388888877
1111222213114552333145223634455236344577664475576668777768888888
1111111123333344235534442355554425566664277766682777868822778888
1111233344112223441122234455263344557636855576668588776688887777
1111222231112444315224443552664433566666335567773855877788888877
1122233312242223144455331144533617455566174785567777866678888886
1111112233331122333444423555422255544677588846675866666788887777
1112233311222233412552634115556344477563447755664778888677888866
1111112211222223455552334445555344467733848673378886777788866666
1111112231422222314526663445556633455666344758883347588877777788
1111122213322224153334241533444455536477585567778886677788886666
1111111233412222534444425333647255336472855567778586667788888667
1122222231112425311664453177664533376645373764458777684588888855
1112222231112224313144443333444566637755866675558686777588888775
1222223311111223451512334555533644577736445766664477778688888886
1222233312112433111224431555554366655543666664478887774788888777
1112222211132442511326445333364455366664573668845778888855777778
1111223314222233144225331144453367445555677775886667758866678888
1222233411123344112233341525663415556774885666748855667488887777
1222333311123443112235431122554466555774688857446688577766688877
1111112213455222134452663344522633455666374556883747768877778888
1222222311123233111333341555564477555644777566447786666478888888
1111222311142533661425336644255364442253667488537677785577788888
1122222211234442113333441335354416755584667775886667755866778888
1122223311122223114444431445466355556663577667635877777358888888
1222223311422435614424356174443561777335611777356688755566888888
1111222213312444331124443333224566777745667887556688877566888555
1112222213122442331114443355446433556667355668775566887788888777
1222222212333333144555531144456371145566771445667788886677788886
1123333312224433112554431122554416625554667775846777778866688888
1122334412233334123355541225554416275574166777741666877866888888
1112222311224233142445331444555316466553766688537776685877778888
1111222211133322413352254433555544365757446677774668877866688888
1111122213411222334442523344555534455666377566863777768677888888
1112222213113422133334241355344465557744665557886667778866778888
1222233412332344122333541167775411667554166775446667755588888888
1222223311111223415553234165533346665557446777774467878846688888
1122223451111234516222345163333455637774556666748568877488888774
1111111233415522334445223445552236455772364666773666877788888887
1112222341112233444122354441333564677535666675556688777588888877
1233444412335554123555541233354412677777126667771266688812688888
1111222341122333412233354142535544445555666677776677788866788888
1222222212333333111134431156644455556464575566647778868877778888
1111111213333222444322256433725564437555644777756666877568888888
1112222311124523614445236147452366774533677845336678855567788888
1123344412223344112233441125533416265555666667556887777788888877
1111122314412223145522234456663345567663456677734558787388888877
1111222314412333114222334445623344556667555866775858866788887777
1222222312442333144433551446633514666655178886651787888517777785
1122222213334224113444441334566617335556175558867758886677778886
1122223311442233114223351644433516447555666877756888877566888775
1122333311122344155523341552234415526744858667478886677788866677
1111112213122222433333324444355546647555466677556668877788888877
1111111123345555223455652334456623347776223477768244787688888866
1122234411112344511223345552234466553334665577778666687788888877
1222222314444223114144335111433355555563775666687776866877788888
1111123314112253442225534444255346662533666665738888857788877777
1111122233331222344311524443655247436555774668857666688577778888
1122222211134242113344441553344655553366577736685777666877888888
1111122233441222344511623455666234755566347855863478888637777788
1111233314112223544123335544226355472866554788865747866677778886
1111122213331244135222443355254436555544366677776677788766888888
1112222312224423111444431544663355555663577886635777866377788888
1111111122222233455252634455556374546663744488637778866377788883
1122222311122233441155536415555364475783664777836647778366488888
1112233311112333444125334662255744628857466285574688855766887777
1111222311222223114444536444475366677753677755536667585388888883
1223333312224333122444441254456617555566175577661777766818888888
1122222213332244131355541113555466635544667388446677888867777788
1111122213334222134444521345445233655555736888887666666877777788
1222234415222344152533341555333415657884116677841667778866677888
1111233311112333444222334544266655472886554728665777786655778888
1111111213333442335444223556472235564772555647728666667788888887
1122233314222223144433331445667714455677155556771566667788888888
1122222213234455132344451333464511374655177776557787666688888886
1122222213224455133344451113344516337745666667756888877568888775
1222233412232344121333541113555466155544667577846777788866678888
1111111123333444233334442225564422555677255566678886667788888777
1112333311222223144442231544446315776663557788665777866855578888
1122222231214452311114553666645533644445366777553868777738888887
1111112314222223144452234466533344665337666657778888557788885577
1111222211113442553334225536444255366644753368887576668877777888
1112223341122333441123534441255346772755466777756668875566888888
1111223311222433152624331526443355666444556778845667778857778888
1122233312223343152534431525664415556644175668841776688877777888
1222333311223433152244431526664415666664155557741858877788888777
1222344412333444123354461233556612255776118857768185577688887766
1111233314112353446122534666255344672253466725584767885877778888
