111122211122221333332133344255534445655644566667456677745677777
111111112222221233442555344255333445333444556666657777767777666
112223311222231444423144442311554336155533666755566777576667777
111111122223312452231245523344456634775663477566344755637777566
122222212323341332344113334451166645611674566667455557745577777
111111112233134422333442223345552234555666475567647577764777666
122222213223421333344133536415555641157564175766417576647777664
122222312244231124333111444311544436555773655777365556776666677
111111122221312224333224435564433556443357644555766777576666777
111112311212231422223442333344456634445563555566655776767777776
111122311222331142223414425344446536466653666755367775537777755
111122211122231122243444444354466635666763567773356557335557777
112222211222231111433155543355544336655443665444366667776777777
111111233111224335222433552243355524366577466755744677774466667
112222213233321333442133445214444551146555166657566677756677777
111222212222231114333144444315455435555543666757366677736667777
122222211233221111333441555344153334665557446657744665776667777
111122233311223331124355512433562245556744566677456677446677774
122222211122324113335411135543333554446655476665547666674777777
111111231212223122242333334456364445636447566647755667775555777
111222211222221113444515344655533465333346537744655766667777776
111111112222331232233423333542455554445565446666547676667777777
111111122212213422225344444534645553664577336657736655773366777
111223312222231112323144533314655354466555466675546667774477777
122233311122231122233145555314446531474653777465577446657776666
111122211312423331242335124233544443655474665577765557776666677
111122211334251113425333342563444256344225674777567777756666655
111222211122221133442313445533344553634445666755567777576666777
111122211311123333222334526234457663445776444576645557765577766
111222231112223114225314455533344453664745336475566667756677777
111222211112223131242333334435536645556664556644457766745777777
112222211223331112443115244355544435555643666564367666737777777
111111213321221332222333344235444465555546575564677776467777666
112222312224231444423111144355514435555633756563376666667777777
111111112344441234344223334452333665222666552667755566775577777
122222211223234133333411113341455564445556447555677777767766666
111112233331223443125344112534422253466555644665566667757777777
111222213124421314442331452263145556344555637757563377776666677
111111231144123444552345455234555223465222366666633677673777777
111111233112223331222344442233354465555546777554677756467776666
111112234412223411122345552234455553446655346667733667773667777
122233311222331223333124444514444551664775167775516667556667775
111111234411123344442344455236555523665552366772233677276667777
111111233311123433222444332254443225544666556667755666775577777
111122311412331441223544422354666235446623566663355777775557777
122222312455231244533124553314455531145663114466377777667777666
112222231111123141522344452634775663447566334755633475667777556
111122213334421133422113342253344425566644556766756676775557777
111233411223341222234112523416555346666534666653477555447777777
111222213342251344255134422513644451366645136667533676757777775
112223312222231244333111435516443551664375664447566667757777755
111222233124223311452331445233144553614455766646577666657777775
122222213333221111324511334451335445555554666644467766667777777
111111231411223344452344445233465523366552366555276666727777777
111112211333321333222133445244444524647552667755566677756667775
111222212223231244333114443514463351466635646555566657577777777
112222211111123133332333432255444445644466566666755576775577777
112222211222234111333441533645153364555366445666747556674777777
112333311222331142235114223516424356644445666455566775576777777
111111211122223332244332244433356745355674555667456666745677777
111233312123331222343155234415225541555544677777466667446666777
111111213333121434322444433245443225566226556666655567775777777
111222211113221413325444322543335554365575436567746666674677777
111111112344441234444523336452223665272336577236655777665557776
111111122211334422233444222345555534566553446653366677776677777
111111112122223222442333554463335546663354765555476666447777777
123333312234351123445122344511244451122455666665566667757777777
111112213311223341442334444233452225345666555577675577667777666
122222211322321333333134444411144551667445666775566777756677555
122222211111221333142153334455533445566364566666456777745777774
111111213312221433222444332255436665543366554466755466775777777
112222213332421333342133444211546441155664555666657777665577777
111111122133312222333422233344444556646445666675567677757777555
111233311223331422333144225514442251466665744665576665557777777
122223312422531442253144555311445531445533116667366667776677777
111112211333324115332445533245553224455526477662647666664777777
122222211111221313142333334433444456774745667777566657756665555
111111122221334222133442233344533667455666744555674557567777766
111222231112243331244533122455314445334466557776655777765776666
111122231112423112242333444235344443555555365677566667776667777
122222311244231444223111433311444356666635666553577675557777775
111111112222231223323425333345556634556666445677644567774457777
112333312222331142223144442315544431555466157556675777767776666
111122233312224331122443311243355664455566445666645557677777777
111112233112223312224331244433355546665554666554466775746777777
111222233122423311142533114255333445556664566667456677745777774
111111122213332221443522244354444335546633555566656666777777777
111111122222212333321245333344555364556666455677745666774447777
111111231122223145222344555233444553664457336645736667576677777
111111231141223444422344544235556623756662375556237756663377777
122333311233331122223112442511444456646455666645566777757777755
112333412223341212234111223415553345565644566664456777775667777
122222311123334412223441113345516364455636455766645777765577776
111112213321121332222333444233445454446555666666567777657777755
111111123313142233344225344622533462255546777554677756467775666
111111231333123333312445222244526624556666455767644577764557777
111111122223312233331422235544663354666555466677544767754477775
111233311223441123334112343455264445526647522666755666775577777
122223314442231444233114425311462531166653777665377765557776655
111111121222312224433225443355544335554636574463657776667777766
122222212123321111333114433566433456744445677745566677756677555
111122211122234412223441333354443665554336557466657776665577777
122223312212331111233144423516643356674445677455566745756677775
112333311233331122234112222415567445566744566674455667475567777
112222311122334122533411253641555364445336774556677445667777766
111111121222132222233444333344553534555556477665644766667777776
111111112233142233544223555423336542376654277665477776547766654
111122211122331122233444245364444536666453677675366777537775555
122233312333331222243111244415444461557476155777655576665777666
112233411222341522334155233415523441156364555666466667747777777
111111213112223333222334334244444425555646777566677555567777666
123333312233341123444512222451166245116664555664457776675577777
122333312223431222443125543311544441554666156667615667775577777
122222312223331233343114344411444541155555655577766677776666677
122222211112234511233455113345555364755336477763644766664477776
111111233112123334222553422255344665334446557464655766667777777
111111213144421344422335442633542263555266335526677556667777777
111111122223112243355224335524433554444335666465566666777777777
123333312222231111233411122344455664555666447556644755767777776
122222211133321333442133444213546441554666156666655777775557777
111222341111234411523444552344452236755523677755367677736666673
111111122212134222233442533344555534556633455766644777667777766
111222231122423311242354114435444463556666355576635777763577776
111111121223312222334552233455533645663664576664457764445777777
122222212332321333333111444414444561154556775556675577667777666
112222211222321143333514333351444465146666554666755476775577777
111222213333321444322144433214556321456677145677755566675566777
111122233111223311222344425634555563455666345566634446777777777
112222212223321333334135344411554461755446177564677756667775566
112222213224421324444133333411533441156777555676755666675566777
111222231112223111442333546237354663755446375544677755467775666
111111112222221342552334445233345563744566374456637755667777766
111122211332221143352144435244643526664355666433567775556777777
111112212222231112243444444344555335556553775666377776337776666
111222233122223112444311444433145643777566337756677755567555666
112222231444223111422315144431555443655555366666733366677777777
111111231444223114422333342233354225555446566666655577767777776
122222211112234113233413333341455564445656475566647556667777777
111111123333312222341222534425553346555744657777465667746666774
111111211322223132424333244433524663554446557666655776675577777
112222211113321414432144443255454325555533666757366677736667777
112222211111123333312334435244443524446655666665576655577777777
111111123333312244331225433426544442655455266555726667776677777
122223311123331422233142553614455361455566144576674457667777776
111123311212231122223445552344563334456773455667745666774566777
112333312243551244355124333512444551224465112666577767667777766
111111112122222222333444335346663534666355446555747665574777777
111222311222231122333144533314555534446555446666547776667777776
111112311211234222223444253346775534667533466755346777554666775
112222211333221334342133434214444451166655666655577667557777775
123333312222231422243144444311454631555566177756617755567777666
111122212222321124333155433315644435566643556674456677475677777
111122211122331422233142333544436354646665466676547777757775555
112222211223224111333411553344456334555663455766644576667777777
111222211333221333322144433214444551644655766666577667557777755
111111122133312233344223533422555442654444665555767777776666677
111223311112234152233415222345556334556663455667746667774447777
111122213111124335222433552243335554463565446666546676774777777
111112231441223341125344422536442553646257366655736655773677777
111111111222334422223455552344556237456663745563374476637777766
111122231444223144222311445231446553777665337765537776653766655
111222211122331442235144423514633354463775646375566667556777775
111122211312421133242333324435552443555664557666475767647777766
111112211314221334422334422536442553664755367475536777556666777
111122231112223112244333244433334445566674555677756666775556777
111122311114231444423445422355542235666263577666357766335577777
122333312222331112223451163345116664556667445667744557774455777
111222213333221333422133442511144456664445666665577677757777555
122222212333241235554133355411135541163554666644467766746777777
112222312233331223445121344511133456664445766664576776557777755
122222213223321333344111334516666451164445666454567775557777775
112222211112221113244333344453333445556646575564677556667777776
111111231411223442222342255534446553446665366676533777653777775
111111112222132224233424455344465336446533666655377665557777777
111122231111123333322445533244455324555562466566744666677777777
112223311222331144253114225341455534444553666665366677576777777
111111213332124333212443222245366664537766457777645575764455576
111112233122223311224333152463365546666554677655477765547777444
111222311222331122433511243355544335555444656674766667476677777
111122311111234222223455523344566634555663445666344577637777777
111111111222332224443222443355643375564377556437756647775566667
111222213222221333444113444451333445136666566667655555775777777
112222211233324111332444113254446335466663546776756677775555577
123333312232331122234111122451554445555544566644766666677777777
111122213222221334244134444413345661733556777356677775667555566
111233311122331222243155224315566435566643566764456777445777774
122233311222331124233112443311445667445566747556674755667777556
112222312243331224333112443311554445155466555646657766667777777
111222312223331123333112234415564445566664577776455577645777664
111111112222231222233444333355444335446666574667657777765555776
111222311122334111233442223544463354776355476665547676557777665
111233312123341222234115223416553346657774655574465577446666777
111111112222212233224333544433657443365774666577465557746665577
111222213112445312224531126453336645333664555664457576647777777
111223311123331412233144233544425556422775644777566667756667755
111111111222223334222344444235545443555556375776637777763766666
111122211222341112334555223453333345666664555676475767647777744
111111112233331222233224233354444445466777546776756666675555577
112222212222331113334133344415344661554446557766657777765557766
111111213331124332222435552643335264775526447555644777664777666
111111213311425334442534422253344625366462536666255677775577777
111111121133342233334225344425534642257466255746655777765777666
111222312223331142223144445316444531646553766665376767557777755
111223312222231112233114444354464435466773555667356667775556777
122333311224431552443115243311524436152247665554766675776667777
111111212222121333222333444566344556633445677447567777756667555
122223312242331244443124443311154635155663515766655577767777766
112223312223331142243114244351444335166466555666755776675577777
111122231312223331224351152435555443366554777654477766447776666
122223311223331122433111244315666435566447556447756664775557777
111111112334412223544222355426235446633544663555566377776677777
112222211233331123343512244351166435556644576664457766475577777
123344412234341233334122235416625541162754116775566677756677755
111112311222231222323144333344555364455666455666747556674777777
111122211132224113252444325543333354677355466777546666754667775
111111111233332223343552234352226445577644555764457776467776666
112222311222331422533145555314445531464573146457366677776666777
111112211332221133242553224455334467553466775344675574667777666
112222312233331124335122433516644551644455164645576666757777777
111111231442223114222335444233546423356646735666675555567777777
111111112222213344222354444235444663555666355566635776773377777
111112231441223154442315644235564423556662335566233566777777777
122222211123221133333144443314545361455566445666677555767777776
111122211222321433332144443215554335564443556666675576767777776
111111112333312223444233355422235542665544665554766666477777777
122222211132321143332144335511436557743665744665574466657777765
112233312223331222233144444314444551666657165565716755576677777
122222212333321244355111433511443356144775644677566667556677775
111122211312223331122333444234444453667545667755566675556677777
111122231311123333312344322255444425446666546677655557665777777
111222311123331222344112234456333445666444565677756567775556777
111112213114421344422333455236645223644552366775536777556667777
111122311222334112233412233544443354666555467665546776657777775
111122312212231422233145555314444536474553647557366777736666677
122222211122324113333441333341155554455666744555677476667777766
111112233312223111422355542233354443665444666554766665577777777
112233412223341123344122355416233541665554167775466775546667777
111111121313342533334255334422554442225464772556677775667776666
111222213111121344442534444253334225333677566667756666775555777
123333312233431223244112224411115445555546566554677666667777777
111122211122221344452134445233444553333555366677566766756677777
111111122213132222333224455364445336664537644455766555776677777
122222211332221333444133344413544641755566177556617755567777666
122223311123331122234511233451663445666644565664455577475777777
111111111222234442223455223345555534466753446675366677336677777
111122213111243331224333322455632445566664556676455767745777774
111122211122234112333442235344333564777756477555647556564776666
111111122222213332441353224635344463544466355776655777765577766
111123311222334112223412253344445334647555664775567777756666675
111123314412234441223441122354462235556333555667756666675777777
111122211112321442233444233344525334555553456566766666776777777
111111111222234223333422553642455364445336447555677775667777666
112222312242331224333114443311455531446557646655766675576677777
111112211222223142244314444433355453666555366655733666577777777
111111212222221132324553333465357346555734656577466667446777744
123333312332331222222144555514444451464755116777516677756666677
111122213332221334442133344215354621555467556446756666675777777
122222212332441113244511334451133445555334565566676666677777777
122222211232334123335411335544163554116665446676547767654777775
111122341222334112333441223344125534466577466555766655576677777
111112211322241333224133224433444453645555666755567777576666777
111122211332221333332114435244443526644555664755566775776667777
122222213333221144325114335514463351446665144776577776657776655
111111122222213322421334444433354663555466357646755766675577777
111111213341123344422354444235556423555662356666235767627777777
122222211122334411233541166354416335444663577466355776675557777
111222211223324111322415333345555334455566444757647777767766666
112222311212234111253415525344555534444533466667366777736667777
111233341122234122233412256341145634444563777556677555667777566
122222212112231113333114333344444456466545666655577766557777775
122233411122341112234151223455553345556334566667466676747777774
111111213312123332222344224434444453366555777666577776557766655
111111122233312222331424433342456634445566745555677556667777776
111111112222221233442523444456333445666334566673756567775557777
111122213111221333332443432244443256455555645775566667776667777
112222211342221134425113344561334456673445667337567777756667555
111112231142223114452334445236455523644552366775536667773667777
111233311422231144233411423344442356667255666725567775556677775
111122213333221432225143332514553551465557446777744677674666667
111111112222213244425322445533644553364455336666536677657777777
123333312223331122223144442411114445555554566677756666775667777
112222213332221134452113645517364451736445773644577366557776665
122222212323321333334155344411554641555464156666415677667777777
112222311122331411233444123344552334555666447566677755567777766
111112211311223333332344445234555524445652774566277756667777666
112222311442331442233114223311445335544556755556677777767766666
122222314442331444223145442315563331156636115666675555677777777
111111122222113244444322444432567773556677335667733566673555567
122223312323331233344122554415555441165747166574716657476666777
112333311222231122223415555341155534665573446667744667774466777
112222211222331123333133344415544641544666554666675555677777777
111222311122231112223444433344443536465553666555766757576677777
122333312232331222233111444451164475516447556674756667775556677
122222211324421333442135354413555541366544136655617766667777777
112233312222231244233114443514463351476655147666577766657777555
122333311233331122223144452214465551466665146666574475557777777
111111231133123333222345552234555264455526447777644767764776666
111111123331412334445233345523444552222455662655766667776677777
122222211332221133334111355451335445555564766666476776647777744
112222211112321443332114553244445336464553666557366755776677777
112222211332441333224133524413355541655744165574766567776666777
111223311123334412233411223344442256445555666666576677557777775
122222211132441113224153333415336345566664556664455576477777777
111111121231332223334225343462544346255444667555566775776667777
111111112223312222333244443324454334465555666577567777756666775
111222213111221313222433333543555554445565477666644776664777776
111112213322241352524135552413555243356644377644437766667777766
111111112223142252344255533422533345553444665347766667776667777
111111112331442223334253336425636642566644256767425577745557777
111111112222213244422355542435554443665554366667733676773367777
111122211112221333324533422455344445336664556677455667775667777
112222211222321133333113344351554445556474655647765664776667777
111111231212123322222333333455544445655544566657466666747777777
111123345122334512233451122345512334556277445677746567774666667
111122233311123441122344445233344526364552666555567667576777777
111222211133221114332444443244433325566377555677755666775566677
111122211312224331122443332543336654776665476666547777754475555
112222211122221314455131455533645553664475366647733644773667777
111111122223314422331444233354422635456663545566655576677777777
123333312332231222243112444561114556144445677555567777756666677
122222211112331441235144123564433356446355646635566677557777777
111222211113224141322444435246643556674355677733566673356777755
111111211322221332422533444253336445536644555566477757667777766
122222211122331111233455133345555534444553466667746776674667777
111111234444123455412344541233552223335262355566677666767777776
111112211222221324445132345533334453634445666665566775576777777
111222213322221333332113453671145567774566774456677455667444556
112333312233341223444112344412254451125555667777566767556666777
111122213332221333322114355214434556444445667777566667556677775
122223314442331442223144425311545531555553116666376666677777777
122222212332331113234115333415555541544444654777765666676667777
111111233142223114422334455233445526334452666665567776556777777
122233312333331222344111224415114445555644577666657776665577776
111111121333342135534223354422235542655554266774466677476667777
112222213333221344225133445516334551674445167774516677556666777
111111123344412333341253364425366442555646255566622257677777777
122233312222331223333144444411556441155646515766655576767777776
111222211113221144332554443255433325444366557736655776667777766
112222231244423144542314555231445553111655336667736677773666777
111222211122321411332544433255644335566443556664357666775777777
112222312242331144243111424351544435555533666655377666667777777
122222211223331442343114444315564431156633555666657557767777776
111222211322221133332113433354444465544766555477657777665577666
111111121122232222333442335344675534467753466675546667554677775
122222212344421334342133334415366441555666111556677775567777756
112333312222231124233514423351144445144666557776657777765557666
111122213333321334322134445214454521465552646657766655776677777
112222212232241113334551133455166345566334555644477666647777777
111111111222232222333233333455554445666774566777456667445567774
122222211113221141332144333344443354666655476666577775657777555
111223341222234112553411225344145536444553666755366777736667777
111111234412123341222344455233455223445666377566637555667777776
112222213332221333244133354411555641557564177756477775647666664
111111231142223314442344445236645523665522366555736657773677777
112222311122334111223444123345553334456666745656674555667777777
111111231311423334442344455236644523665552376665277665527777772
111111122334142234414233344425536462533666255666725576775577777
112222212234441223454133345416355541633354167775516667576667777
111111112222231244233224445364445536475533677755366675536667777
122222212111231111323433333344445554645575466667546677756677775
111112213122221314225334442533674453667745336744566677756677555
111111234111223444225334425534442253336625773665577776557776666
111112213333321334432143455214445226645522664557766775576667777
111111122233112223333224555324455534466653444665574666677777777
122223312222231111433115144365554436555443665544366777776667777
112222212223321113334153333415555441555444656647766674776667777
111111111223332222234522333456636345666664577677455777745557444
112222213222421333544133354416335541655554166654416767776677777
111123312222331122233144233514445354464555466657566777756667777
111112233331224335122433511244356624455562447756647775667777566
122222212342241134444113333451136645133664577766655576675557777
112222211112331412233541244354444335546663755676375557667777766
111122231222243111524355152435555543666664333644436667747777777
122334411233441223444152336415233641522566155555617776667777776
111122211112334412235422233544443554463335666665566767557777777
111111211331224433522643552264335226443555664355764477776667777
111222211222221133333415535341555534445663774566677444667777766
122233311123331112234152233415255445555544666664467776746677777
122223312222231133333114434451444445116777566677756666675555577
111112213322221133425133642533664256364455666477564447557777775
111111211333123333222343222544625554466665444676574667757777755
111122211311223331422355544233544423354446555566677666667777777
112222211123321142233114444354466435666643556567355556737777777
111222213112223331242331144435566443355644555666475577667777776
112222231444423111422314442531145553367755366777533667756666775
111122211222321423332144335514443354446535777655577666657777666
112222211233441122334511234455133445663364556666457777665577777
111122213112425311242533324255534445663344556634765677776667777
112222213232241333324134444413345541665555166755716777576666777
111112211122231222233444533344553634556663455566645776674777777
122222211332221133333411155344416534446655447766577776557776665
111112211113224433325433632543362254776265447666547776654777555
112222212233231233333113444415556641556674156667455676745777774
112222212233321111332141335544436557743655744466574776657776665
111111233451223345122334512233455523444652744665677776567777666
112333311234331123435122245512444451246555724666577776657777666
111222233112223111142344444235567443556774356667735566773556677
111122211111223444442345422234546663556677335567733566673557777
111112233111224312222435552543555554336666433677746666774447777
111123411122345112234552223465253346555334665773467777746666774
112333311234331222443125244315522441566644157766655576765777776
111112211131224333222443352244335554663557446665746675576677777
111111123441412344445233344523333552222255666755566777776666777
111122213111124333322443355264435526443752644775566667756677775
111111122213412223344233344422533445556346556666657776675577777
112233312224431224443152244315544331555563115576677777767766666
112222213234221333442113334451136445156644555566675577767777766
111222211333321334432134453214445221446555666655766675576777777
111112341122234112553422225344445534466653666775366677537777753
111112213131321333332443522246655274465527446577746655574666777
111112231331123333212344222234444554446655666665576776557777775
111122212222231424453144445314665531466533666555367675337777777
111111112231342223334223344452234465553446555666675577667777776
111111121213332222333244233324444556477455647777567775556666665
122333412333341233444122544412254551125555116667566677776667777
122222212342441234444133545413555551335665113766671377667777766
111111121333332122234222533426655346665444655554466675477777777
111112211222223124245314444536466453666645333655537765753777777
111222213223221333332114533511455556444445646774566677756667777
112222212223421133344153334415637441563774156777455667775556666
111122231222223111424331444433355456735445673555567777776666667
111111231144223134442333422233442256364555666775566677756777755
123333312444431222443112224315624431566777155666715666775555777
111122212222221111333445555346655534665533446667344766734777777
111111112223142233334522234452553465553346577774657774467766666
122222212332231143333114443315444661554466175556677775567777566
111111213112224332222443335244363554666355466677547667754777755
122333311223341222344125533412554441115464555566666666777777777
111111231141523334552344455233345523444552666662267776726677777
122222311232231123333114434311444445555554655657766666676777777
112222211232321333332143355514555551444566147766644476667777776
111111231411523344552344455233445523334552666677267666726777772
111111112133332222243225444326544336654437655477766557776665577
112222231224423111142314444431546663555776355777635557663377766
111112212212231422233144433355544435544663577666357776665577776
112222211132221113324155533465533446533744657777465567746666774
111112211333321433322144432566443256744225674555567777556666777
111122211344221133442133445263345526344552636665566675577777777
111112211312224133252443355244335526443355644667566666757777777
111111122221132233333423335542555554244455444666666667677777777
111123314122231442333142222314444536645553667755566675756677777
111222211334421334422113452261345556334445636667566677757777755
112222211133321433552146335214633521467755446775544667754666777
111122311212331222223144455364455336444533646557766675576677777
112222211223241133324511333456137345667744556677455667445566777
111112211312221334422334444234445523336555666655567666757777777
122333314235331423555142356614275561427556142776614276661447777
112222211223221113333411335544463354466655444766577776657777655
111222213122223312444311554631554463775446337546673755567777666
111122211344421133342133344233554425556642556666257777665777776
111222231222423112444311444435166643577766355577633557663557776
112222211122221333333144445314455531465553446577766657776666777
111122311122431152643555264355226435762643576664357677437777443
111222231111243112224333324435344445536774566667755667775556677
122222212332421335544133355411133541155554677777466667446666777
111222231112443112245331224533644453366445736555576666657777777
111222211111223313224333325435555543566654666775476667447777744
111122311112231442223445522344555634557663445766377576337777666
122222312223331244443154444315466631577663157776315577661555776
111111123313142333354222355422235542666554666655467774446777777
111222212223221443333144443311144435555563576656657766665777777
111111121123342222334225553462553346755374675537467777746666644
111222233112223311142331444233546473556647556664755667475567777
111111233111324333332444443245466225546622556662755676775577777
111222211132221113322445533344533634456666455767645577764577776
111111211122223344225333442533664253364445666774567775556677775
111122213122221333224113333455566345577664557664455776647777644
111112211122234152223455253344555336457533644777364477776666667
111111233313124333312444322255442265544626754566675556667777777
111112213144421344422134545233455523366752366675236767556677777
111111233141123334422334422233445226644555666755567775756667777
112222212234421333342133344513644451166645176665577665557777775
122233312123431112243512244351164435566743566674755667475567777
111111233311123333222344342244444526455552666665566775576777777
111222213333321344332135422211544461554766555476657747665777766
111112213122221312342333334255553465555446754446677477667777666
111112213112221334422335442633554263375446777554677556467775666
111112211222223112424333344433355543667544667755466775556667777
111111231331123333222334222564444256477755647777564467756666555
111223314123331412533142255314225534426555746665674476667777776
111111212222221233244153333455353445555364566666477667647777774
122222213323221333344111133451144445544666566667755676775557777
111111123334412353441235544423355442366557226557726666772667777
122233312422331444233144422314145531115555666666567766757777775
111111112231442233445223334523366452236645666674567777457777555
112222231122223111114335554435566643556674356667435767743777744
111111121223312222433224444355666435664443566663357777775555777
122222211332321113332411133546777354667775467767546666554444555
111111121133342222344222334455234445633774566677756566675556777
122222212123231111333414333541463554446555744666577667657777765
112222312222331112433114443315454335555444566667756777775666677
112222341222334112233441111345555534455663475666347577667777766
122222212333221333444133445413446541666655117666517776557777755
111222212223321114332155443315554336555443656774466667746677777
111111211333321332222443352644535264555526455666647767764477777
111111122222213324421344452634555563455556344666633766773777777
122222311223334112233441153344165534616555466657746765574677777
111111231322123132222333444233444456646645666665575555577777777
111222233114423114442311444233546223555666357777635777665557766
112223311223331422335142233514555551465675146667744676674467777
112233311122331222243156624315564431566743556774456677745567774
122333312223331442335144255514422551446665114676517767657777766
111222211123221122344153333455555345565334666667467677746777744
111111233311224433122444333244435224667552666775566677556777755
122233312222231111423555146355114635555463774446377446667777766
111111233312223431222343125234444553446775646677566667556777755
122222212333221113344113344411335446555547656554765667776667777
111112211131224443322433333244435524465552666575566657776677777
111111231313123333322443522244456624455662477556647775667777556
111111111222332224223524433354444435667433566777755666775556677
122222312223331124333111443351446665144446557777657777665555766
112222212234421233344113344415366441536777153667755566675556777
111111211334423134422333344255354225555422566647756766676677777
111111211331224433322455332645335264555526445762674476667777776
111233311123431112243222244325556435555643655664466667477777777
122223311233331122334112243415554441554464555566677666767777776
123333312232331122223111142514444556664445666674567777756777555
112222212233441253334125533416555341667534167755416777746666774
112222211232221113444131345533334563444456775555677766567777666
112222213333221133332113444211445445555554565777466667776666777
112222211122223111444355146435554643555467336546733666673777777
111111233111423444442345442233555523355552366677266667726677777
112222311223331122233111443355564345656444566666457777645577777
111112231114223351422355442235444423566466355666735566773777777
122222211234221113444155334415553461553346556334677666667777777
112333314225331422553142553314225551426656144666617446767777777
111223312222231112233114443355544335654477565447756666775666777
122222211332221433555143333514436551146655144766574476667777776
111111123113442333345263444526364452636475266677522767552777755
112333411223341222334112223415566341557664555766475576647777764
112222312233331123333112244451155445555544656664466676776777777
112222212232321333333114355514455551144665774466574466667777776
112222231122223114444311455433144543333655766665577776557777666
111222231442223114422331144433315543366654666555566755776777777
111111122231312233333222443526644356674445667474567777556677555
111122213312241332224133332413554446555544666654767765576677777
122233312222331144233114523314455551145675644467566666756777777
122222312221231111133451533645555364445536477573644777664777666
111111112223331242353224225344455534467533466755746677576666777
111122213122421312242331544433354443555664355666677556667777777
111222211112223141522334455633344563344556374555677477667777666
111111112331332243333244453526645552664775264477526477552666777
111222231224223112444331144453134645333766555777655776665577766
112222231121243311124335412435544443566466356666735777675557777
112223311122231122333114255344445634745563774566677455567777666
111111233114123444422333342233554425556422566677756667775566777
111122231111223144222334442533334456364455666755567777556667777
122222312233231423333144453514555551444465116666571767667777776
111122211311221333332433435244445524644552667775566777556666777
111112211222223112452344445533364453666645366774536777753677755
122333312222231244433124443311154461775466177555677756567755666
111111112222134244223444522344455336666553766665377765537777753
112222211112221331332143333344455554644557466455766667576677777
111112213331121344442333442253442225346666555577657777765577666
111123314112331442233142233544253554225555466656646766677777777
122222211332441132244113344511334456633645666665576755557777777
122222212332331213333111113444444445555466777566677755667775566
112222211113224141322414333544433356446375666677567777556677555
111122234411123341122344422234544563355556735556673777767776666
111222311222331142233144253314445336664555666475566747756777775
112222231111223411142344444234554663335556355575637777667777666
122223311223331122243511114355544435444663555476657777667777666
111122213311241331224332224433444456377455666755566777756667755
112222211132425113244511324453333445555346755634677766667777766
111112231211243122224333244433334445667774556767755666775555667
112222341123334122335411233541125354666555466655747766674477777
111112233112223112242333334235664475564447566674756567475556777
122222211123324111332411533344453354665555466775546677774666777
111122213311241332224132244453334645535664755566477557667777766
122222211123331122343111334455334465555466775546677574467777666
111112212222231233323144433314453554455555645777764676776666677
111111233112223441242334444235445223555566375656637566667777777
111122312222331112333144223354444635555466755546677754667777766
111112231114423144422333342255334225534466555666675567667777777
112233411123441122334112334452234445253666555667655767765777776
111222212223341132234113333415355546555774656774465667746667774
112223312222231111323411333344455554555566456666746677774467777
111111211122223322224335555435554443556444336666473677667777776
112222211113221113332445333244553664555366444556677456667777777
111111233333123333412554441255544426544222655527766666676777777
111233312224331125433112543312254467725466777546677554667755466
112222231111123341122344442533444653364665366666577555557777777
112333312233431223344152222415555541115554666774466667746677777
111222211123324122233411333544463657746365744666574665557777755
112222311112331122233142333544455356445555644577764667776666777
111111231112223322224532444453344645534766553377657777765576666
111111231122123322222333344433444556664445677775567777756666555
111122213122223311244331524433655543667754366675466777546777554
111112211133221433222443555243333524466555466665746677574677777
111111122222112332224553334453344445334667556467756666775567777
111111112222134225233455522346655534466553447663347766634777777
111112211112223422225344444533445553364665736666573376657777775
111111213312123342222344522534455553445665374476537777667776666
111122211112223142225344555534445553344656334666673377767777766
122222211223331112433154443315644431564473556777755676775566667
111222312224231124433512433351144435566463555646675566677777777
111222213112441311224333322455536445633644566666455577675777777
122222211332221113333113344351644445566774555677456667745566777
111112211313224431322443333244444325556662755556677557667777766
111112233311123333312344422254642275464447556667755667775556677
122223311222334112333415256341555634156667415676745567674447777
111111122133312333333244444424245542226555666666577776657777755
111111211322123333222344324234444453666645766655576677757777555
112222312223331122343111434315444436557744665577766655776665577
111112211112223333442353444235544423655542366655766777576667777
111222231112223311242331444453333445666647556674755567775566777
122333412223441233334122344411255441675555167755516777776666667
111222212223321243333114433561143456674445677774567777556666555
111223311112231441423554442355422235446663557776355777637776666
111123314412231411223442222344455336465533666555766655776777777
111111112221332242233244444325443335554663575566657776665777776
111122311142235144223514442355544235664623566667356767735777773
111111212222221132233333333455554445666664567764457766745577774
111111213322221133422553342655344265337466557744675574467777666
111112213311224431222433322543335554666665446677547667554777775
111233311222334112233411222344455634455566455756645777667777766
112222231112223451112345155534555563444466337466637746763777776
111112233411123344122334444234452223555556357765675776667777666
122223312122341112234155533411533445556344757664475766667777766
111111112134442233434253333425666342555664225556427756667777777
112222211111123314222333455563344456344455636475566667576777777
111112234411123441422334442233334223555666777555677756567775666
112223411223341123334152234415253441555344556666675676767777776
122233311223441552334155233415226341566664155564417766647777777
111112213311241322224334422433344445535556755566677577667777666
112222211233221123445133345513334451666455766444576666757777775
111122212222331114223144433354443335544667566667756667775555777
112222211234421333442133334213564471556647155664755567775666777
112222211112231114233555424355444435443333555666666667767777777
111111211132223333332345552234555264444526447556647776667777766
122222314422231442333144566311455631445563155576315777667777766
111122211112231222233444533644453664545336455537655777767777666
112222231144223144422311456631445663154566375555637757763377776
111223311422231444233114222314453334455555666666577666757777775
111122211122223113342333344235544463544766554776655557667777766
112333312233431124443112544311255446226554626675566677556777777
111112233111223414452344455236445223645572365577736657773666677
122233312224431224433152643315564431156644115566655566777777777
111122314111234412223455522344555236445533647753367777776666667
111112311122231422223442333345533664555566444756647775567777766
111122213112423331244353122465333246555554667755466777746667774
111123311222341222334122333415553647556664775566475566647777744
111111122221134252233425525344455534645753466777346667736667773
122222212333221133344113555411355546135574666657466667747777744
112222231124423312444311254431155543336554366675566767756677777
111112234441223344112333451234445523666652366655276767557777775
111112231441123444512345552234552223455666345666633377767777776
122222211232321443333114343314444551164675666667567777756775555
122222212123231114333114443351463375446667544677755566675556777
122222312442231254333115433315544431554466157766615576667777776
111222211332224133322413335541663554166655466765746775574447777
111122231112223114452333445233334526664455676644567667557777775
112333311233331222453112245512244551444655774666577476657777666
122223312122231111323441133354444365555446775546677755667777666
111111122122312222233444333355443365744466574766657777665555776
122222211223331112443151443315546335544636554666657476765777777
111112213334221344422133455213445226344557636555766667576677777
112222211233341123334122333411544445555544566677756666675677777
111222211122221311424533444455343446533377653577765556776666677
112222231111223114224314444433334546365555636775566675576677777
111111112222221334422335644235566443355664355764435576667777777
111111122222112233333233455523445657344665744465577476567777666
111233312222331212233111423355644445766664576776457777645555764
123333312223441122334115223415525541555544167774466667776666777
111112212222231224443114433355544436555543666655376766637777777
111111111222232224433244433325433635544666554566675557767777776
111111123334142333414223544423355542665754266575726667572667777
112222211122221333334113335416635546655554666554467644477777777
111112213332221334422113442233354445555464576666657776765577776
111111233112123332222433325544532554655557466667744666774467777
112233312223331442223144442314545531455556177755617776667776666
111111121314442333334222353422235446625544677755567677756666775
111111233111223332224553224453326445366664556666475557447777777
122222211223241333354136355413655441365444116554766657776677777
111122213442221334422113445216344556637455633755566377576667777
111112233311243311224352222435564443556644356674755677775666777
111111122213312244333522433352444365277446557646655766665577777
111222314422531442253142255314655731465573146577364677736666773
122222212122331111443114443355454436555543666553367666677777777
122222312444231255443125543315554431565643166667316766731777777
111122211313324133332414432244443254666625766655577667557777755
111112314122231442423154442355546235574623557666375766637777763
122222211133221113442133344516333456674445677475567777556666755
111111122222113424255344422533446553774665337476537777653766665
122222213244421324555134446513346651134665713666571337657777775
122222211113221131323413333344444556444775667777566675556667755
122222311122234415233411553341555364155336444576647777767776666
122222211123221143333144443314544331455566555777655776767776666
111122231412223144252314445231464553646665366676537777553377775
111111212222221333342153334255334445555466577444657766667777766
112334412233441222344112334511263451726345777655576666657777655
112233311222234111223415562341456634445763455576345577667777766
112222212232241113444115334415533346655344666537765557776667777
122222211223231433333144353611455661145566444556647557767777776
122222212133231111323411433344445536445577645555766677576666777
112233411223341223334112334451244465124566555556677775667777766
122222212332241133354113335416663541666554166655477755447777774
122222311111231441423544142355444235563333566667756676775567777
111111211122223322244332444433564647356664735556673575567777756
111222213122221311124333444453344645334667566666755576775557777
122222211233321123433111543366154436555444666554467775576677777
111122213111124333352435535243355524665572466667244676774467777
122222314442231444223115433311544331155536777555677765667776666
112222211112221131234333333455364445566447566774756667475556777
112222312222331123333411153344415556445575644777566467756666777
122223311122231144423511432351443335446677546677755567775566667
111112211341221334425336642533644253664425367742566777756777555
111122213112221331222333444563644456367455636744566675557777775
111111213133321333232443522244456624555562475776647557664777766
111112211132223133422333344234444425555466555666657667675777777
112222212233331123334112344415534441555544556667756676676677777
112222211123324112532441553344153334555563456666647777764777766
123333312322231222233111444411555541555644556664477666667777777
111223311123341222234122333415535546555544667544467777776666677
122222314442231444423111442315113335555633557766657766665777776
111111112333331222443224443325544432554666257776655766665577777
111111122333142533314253344425634472566647256664725556672577777
122333412222341222334111113455513345556664556676457677647777764
111122314442231444223145426314522631555563557756377766637777663
111111122211332223333222444355554435654443665477765577776666677
122223312332331223334112444411114445556646575566657756765777776
122222312424231544423155444311555431556533116663377766667777776
111111123444112333444232344523233452225555667575567777776666667
122222312444231224443111443315146635516663556676355677735577777
111111112314442233344233354422235546223754667775566667756677755
122222211133224411332451113345555634555663447566347766664777777
111111112213442223334223344423344452637775667755566777556666755
111112211333321134322553432255543225654777665477766544776666447
111222312222331124233511444351444335564473566667755667775566777
122233311222331112223441155344415534445553646557766666776677777
112333311233231122223142552314555551466755446677746667774446677
112223312223331112433512244351554435154446555477677777767666666
122222212333321234333113445511444451446655177766577666657777655
111112211122221333324553322456633445666344556777456677445567777
111122341112234121233442223344445536664553676665367777556777755
111112233311123331222433355245555224455666475666647777764447776
111111213112224333322444432245433265544366555566655666777777777
112222211233231122333111435344443554446557646655766675576677777
111112213331123343122344332254662265466666544477655547775557777
111122211111223322224533334455553445653344565774766677476666777
111222231112443311224335122435555543555664337764477766647777666
122222311242231144423111443355144635554663566667356767735577777
112222311222231111123455533345555364775736447573647777664446666
122223312442331142223154443315444331555556177556617766667777766
111123341122234112233414223344425634455563777556677755667775666
122222211112223341111344445634445563345566735556673357667777776
111222212223221133334153664415336441553664555556477766647777774
122333312233331244434122244411524641555666115776655576665777777
111112213332221333322134552213455564444556474556677476667777766
111223311122334112333412223544426354446665466665577675557777775
111111213322221344422134444233335426635547666557766557776655777
122222212111231114323155433355544435444663546666355666777777777
111112211113243333324356332455622245562644556666457677745777774
112222213322221333344111134455513445666344555666477557667777776
111223311122231122333142253344555354465555466777744676774666677
122222311233331122334112533411654446665544655554466657776777777
111223311122341222234152333415566345566634566674455567747777774
122222211232441123444113334413335441355556555765677776667777666
111111233314123555412335444235554423665422366542266677776677777
112222311122231412253144445316455536644553664755366777736677773
111111233113124333322443522264355526445552644557764677776666777
111111122231312233333423536642255664245666444555647775564777777
111233314125334412533411253641225364427556422756647775667777566
111111112221332223333442353342255554555666475766647777764447766
111112211311224433322444332244333524555555456777765666676667777
111222231122243112244315444631554463335546373555677756667777766
123333312233431222243122554415555441566554116774416677776666777
112223311123331222223111433354444445454666555576657757667777766
111223312223331123334512223451155545555644766666477666447777774
122222211112231144423155446315544635574463577666355766637777733
111122311222331224333112445366245536644453667745566774556777775
111111122213132224333552433352244365574446577446655777665777666
122222212344421234445133444513333351666665166676517777751777555
111111112222231222233444444345443335555533565657766666776677777
111111122133442313334233355422666542667754267755426755546677774
122223311244331124443122243311444531666753666675566777757775555
111222213142223314425311142533334556377455666744566777456667775
112222212233321111132444133544663354466635466765546777757777555
112223311122231422553144253314455531466573446557346677776666777
111222213122421311442533134253333445566664556664457766775577777
111122211112321422233444423344543334555536775566675566667777776
111111231444423114222335444235545223355552335666677666767777776
111112211133321333322443222546362554666555446557546677774467777
111112213312241133324533332455555245655224666674466777446677777
122233311222331122333112444311546665554677544466754666775557777
122222212223341155334115553411566341556334757663477766447777664
111111233131123333422433442244445524555522666655567766667777777
111222212222331123333144343311444445546677555567756666675567777
122222212212331111433151444355543335664443566477755667775666777
111122211112223132242333554436355543665544367554466777476667777
111222212222231333333113443516645551644475664477566477756677755
111111112213332244343222444322445436555553665775366677576667777
111111122133312222233243333524455556444557644557764777776666667
122333311222231112233441123344415554555556477775647766664777666
111111122211332223333242355524335554446665466675546677774467777
111112213333221132224133252463355546555444666554467667746777777
111111122222312442331244553324555334455663745666374576667777776
111111112233331223343522444356247735624477562447756666775555667
112222211322441133224153333415566341566634555566457766747777774
112222311122331222334133334415544461754446775566675555667777766
111111233411223444122334552234455623445562337566677755667777766
122222211324421332444133334411533441555666157566675755667777776
122233411123441122344152333415234441523556755556677766667777766
111233312223331222243112444311544435555446566666655667775777777
111222211222334111223455133345555334445536744656677466667777776
122222211123241512344151133455666345666734556673455767347777734
112222211232221133444511334651533465553346575744657774667777666
111122231114423115442335542235544423556642355666633767767777776
111222211122321415232144553364455536444533664553766667376777777
111111122311334233335426633542665554266555422667542776774447777
111122231444223144442311145233354523655552366577736657776666777
111111122221312333333224343422444445545666755555675776667777766
111222233111123114222334445234444553666455336775566667556777777
122233311222331224253111455361445336144555644457566667776677777
111122314222231445223114525361455536645533644573364777776666777
123333312234441233554122354412555541265544126777716677771666667
111222211223324112233411433344443354465555666775567777756666775
111122233312423311442351444235144423555562355776675776667777666
111111212222221133223445333345535534455566445666644667677777777
112222212233241333324111344415334441555456775555677666667777766
111111122212134522233455522345553334553366466666644446777777777
112222211112223331424353144435314663534467556466755666775577777
112333312223331123344112244415522461754446775555677755667776666
111111112122232222333424333544433554465555446575766677776666777
112222213332241113244151324655133465553346755444675777667777666
111111123333312334331244444522224456227455667755566677556667777
111111122331314233333422222345266664557776455777644557764455766
122223311242231444233114423311444356177735667777566657756665555
111222213332321113332141353244455524655655466667546766774477777
111122233311123333412533441255546225544662554466657476667777777
111111122231142333444223333422555345256644555666475667667777777
111122311442231444223115442355564235776423577666355776335777666
111112231311123333222444333245555224445555646675764677776666777
111111213331124553332445322245532624453662445666674557767777776
111111122213312233334253444425366642536444256677755667775556777
111122211222324111232444333344435336455555646667566676757777775
111122213114225331442553144253334425663442556366657666775777777
122222211123221133333114353341455564444556745556674766667777776
111111123141552344445234446523346652336655233667522667752777777
111222212222321333333114435314444551464557666457766655576677777
112334412223341233334122355412255441555564166566416666777777777
122222312242231144333144444315546331566673155677715566775566777
111111121333412335344255533422253446225554626577466677746667777
122222212233321133433133444411115546666654667555467777546777755
111222231122223311112333344455334445554464555566676666677777777
111112213221221332224133555433556547335644777564477756447766666
111222213111221333332133342254444445644667566667756657775555777
111233311123331412355441233544226554426665472266547666557777777
112222212232331233334133444411155546617554666754467775556667777
122223312433331244553122453312445551444566116556617666677777777
111112211332221333222133345244344556444455677775567677756666675
111111112333341223534223355422235546255554677777467767746666644
111112233331223443112343315244665524666652447655274766557777775
111112211321221332222334444433555643357764555766455777647776666
111111112223132242333244555324455532444533646755766677776666777
111112213332221113224553332455553245556344666677466677446777774
122223311223331422233144433514465551146655174766577476557777666
123333312222331142223114425311446551446665446676576677757777555
111111211333221332222333445266345526444455667745566774756677775
111112211333221333322133422254444445545664555566675766667777777
111111122222312224431244433344433534655553666755766675576677777
111112211312223132224333352467735546673544667755466675446777554
111111112222221332224536644453366645536664533376455777445577777
111222213222441324444132345413333541136555666655567665776777777
112222211122331445223145555314566631455663744566374476637777773
111111111233332223343222434325244445554664555576677577667777666
111222211133224411322444133244563334456663555766655777765577776
111111112213334233333422223542266554446555446666547777657777765
111111111222223344422333444253346625334466557766657777765555776
122222211122331142433144443315446331546636555666655557677777777
112222231111123311442533442255344445534666553376657777665777766
123333312223431253344125554412265541266544111655477666667777777
111222211122234122333415333341536664555566445766745576674477777
122222212233321111334513334451134445556664575676457577647777666
111122213312221131332443332245355664555776455777644576664477766
111112213122223314442331442233354446635554666655566675577777777
112222211232321133332144333511445554444555466755766677776666777
111111112123332222223442333344435554446665466675566767757777755
111111211132223333332444443244455326455772666577266555776665777
123333312223331124435122455512446551244665174665517466667777777
112223312222231244333144455316444531645553166665716665577777777
112223311123331122333122234415555445566544566664456676477777777
112222212233321233433133444411554461157746555764655776665777766
111222213111241312224333324433544443655554666665576676557777777
122222212233231114333511466351146635544663555446755446677777777
111222213112421332242133344413534445355466555666756667775677777
122222213232321333333144444411114546661455766665577667557777755
111112211131423333442333444235446625554662557766255577627777766
111112211222223114422334444435546463555666355567735666773377777
111111122211332423335442366542233654723665476666547755554477777
111112211333221333442155334255534425655422566644466766677777777
122333312222231455223145533314556661455676145777614476661447777
111111213444521344552134445233664523365552336775266667726777772
111112213221121342222334444433356445335664555556675776667777776
122222213344421333442135334211553441115554675557767777776666666
111222211223221112333414443344455536467753646755366675556677777
111222211223321123342513344451336645553664557766475576647777764
111111111223334442223442223345523364556636455566645566777777777
123333312223331122234511122455511445556444757666475766647777766
111111112222314225233424525344455536445553664773366777376666777
112223312233331222343125544311154661555466755446675447767777766
111112234141123444412344452236555273666527336552733657776665777
111111213331221343222334225634442563455556447555674777767776666
112223312223331112344112233415556345555644576666457677647777764
112222213422221344445133446511334651133465773666577766657777555
112222311233331222334125633415564441756664175556477755647777664
123333312243331124553112445512224451124455666477566677756667777
111122211312421331242333344253434625544466556666755776675577777
112222211332441132244113324451333445563647566667755667775556777
122222312333331223444123355411555541156664155666477666747777774
111123312222231112433412244344444335556663556676655557767777776
111112211331221433332444333244455524466522666655566777756777775
111123311122331222334122534455253345555544666666477676647777774
111112312222231122443152644355566435666443566674355777435777773
111111234444123544112356444235666623556662355562237757273377777
111112213221121332222433355543555664335776445576644477764777666
111111112221332222223444553344555334445336477555677776667776666
112222213223321333332131445511144556666455666444576677457777775
122334412334441223334122354412235451165555166655716677776667777
111222211323221333332134443211444554446555666657566667757777775
111222213124221322444133344413333541666554667755566677756777755
111111122123314222533442555344225534666533466655346767774677777
111112213111223333322334432244444425554666575777657776665557766
111111112222312222334233333455434445644477566667756566775556777
111222213332221333322143355614455561455666145566744766774477777
111223312222331222333111444315444435555644566666657776765577777
112222211133241113224513324455533345553444566666457667667777777
112233311122331112234155233455524345652444565774466777776666677
111111121123332222333224335524443556464457646455766675576677777
112222211111123331422335544233544663554766355476655447767777766
122222312244431122143511114355544435655643566666357676337777777
111111211222223122425334444533444453555555336677763677776666677
112222211123321443332143353214435551466665447665547766657777775
111112211311224333322444533244453226465377646577766655576655777
111111211133223333224353522435552245564444566666456667747777777
111111233112123222222334444533344553644455666755566777756667777
111122211212331222233133333455444445666464557666455777665577777
122222212223331114433111443315554435554443655777766576776666677
122222211111221333124135554433556643775644337566477756447775666
112222312212231111233415555345566634456733455673744467774666777
111111122213145522334555234452223345666734556673466667347777774
111111123344412234541233554422335442336555276666527666657777777
112222311222331123333112344351644445564644556666755677775567777
122222213224421333544133355411335541665554166665417676647777777
111111213131223333222433522243455554444566774456677775567776666
111123311222331122333142225364477536444755644777564667556667755
111111211122223344242534444253344625333666553666755576675777777
122222212332331233334111543461154446615444666555567667557777777
111112213341123344122335442235554423556642355564677776667777766
122222211123241133324133434413344441566777556776755666675555677
111111122221312223333224443355454336545447655554766666776677777
111122211212331122233455233345553664575366447556647777664447776
112222211111221133332433555244336554473665447666547776654777765
111112213312221333222134442433554443665544667555766775576667777
111111231412123344222344425233442553664655376666537776657777755
111112213331421334142333444255354425555422657772765667776666677
111223344112234441123441152364455236666523777652377765537776655
112222311222331422333144444314554431155663555576657777767776666
112222211223231133323411133345555554445665474566647466667777777
122333312233341225434122543411254441165574616557766655776667777
122222211233321133342113534411653446665544667754467775556677775
111122211122223411225344555534456553346665344476633377667777776
111122231144423111442333344235534423555552556666266677776677777
112222211122223111444334144533444553335555636665766677576677777
111123314412231142223514442355442235664773556677355677735666677
111222213224521332452113445513334651344465737476577777657666665
111222213112443311224533122455333345666664577776455577645777664
111122211111223333332343455234444524446552666655576666757777777
111122233311223344112334412233444425555467556666756666775577777
111112213332221133422133342253444445445666555566657757767777766
111222311223331123333112234564244456444455666675566777556777775
111111111233332222433222244355544335555466577744657777467766666
112233311222431222443124444311555431556643755566377576667777766
111112213333321133322143522244555524556556444666647466677777777
111223311122231412223144253344555534465553466665347666677777777
112233311222334112233411223344155554445556477755647776667776666
112222211212321111233443333544363654476665447666574776557777555
111111213345123334512334452234465523466522446552766675776677777
111222211332221133332411335244435554445565477666547766657777766
111111211334123333442354444235442223555226556666655676767777777
111222211123221112332443335544365554336555446656674466677777777
122222211342221134444513346451366645133364517736655576675577777
122222212332321143333144433511444556114455667777567777756666655
122222311212334111233414123344444536666453676665577765557777755
111112211122231422233444233546463554666335446663577655557777777
111111122333312443331224453322245556244445677777566667756667755
111233311123431112343562234356222445662444556666457777675557777
111111121233132223333242553344225554466655466755744677774666777
111112234411123444412344422233333225355555555666677666667777777
111122311222231222443114443344453364555336557777655766665777766
111222211111221333342533344255533425644447564677756666675567777
112333311222334112233411222344155664444566747755677755567775666
111222212223321113332143333514455554444455466666566667757777777
112222211223331112343551234455133345564444566467756666775677777
111222213142251314225133442513334553344455664775567777776666667
111111123333312433351244355622445662444566277456622775567777756
122222311244231144423144432311143335555553566775766667576667777
122222211132321333234115333411554446665554667755467777546667774
111222312223331442333114225361445536164755666477566447756777755
111111211333321443222443332544432254645525667755567777756666677
