111111231112223322244355224435555463557446375744637777663776666
111222311111234122223442533344553634445563455566675666677777777
112333311233231222223111244351664445666674566777456577445555777
111111233331123443312344432244552226445277666557766657776655577
111122211112221344222334444433456643375566737556673775567775566
111233311123231422223145522314556334445666444555677757667777766
111222212223331112243114444354446335457663555776355776665777766
111122211133321333442134342253444225544667566667755667775556777
111122231112223411522344452534465553446675346667533677753667777
111122211222221113244333334433355446555554666775466777546667777
122333312223331242253144425314455551644457166655711677776666777
111111121223332123333222343562444556444555667445567777756666777
111112211134221333422553442253334245553444566666657766675777777
111222211113321333342134444233444425555662556566756666775777777
112222212223331124433144443511644351764335776666577765657776555
111222213112441351244135224433525443355564736556673666667777777
111112213331221333332144443254464225646462566666755557775577777
111123311222331442333144222314445234467555666775566667756777755
111222233122223311442311154436665443366544366655476777557777755
111111112133332224333244444322455532445666255566675756667777777
122233312123331112343155244315524661552446557746675774667777466
111111213222221324444132245433664553366445733655577766657777765
122222211132224413333441111354466635444633555566655577767777776
111222213111221331222443333344535564555556447665647776664777776
111112213111223334442344442233334425556662555676657557667777776
111222231112243155524315522431554443355644366666436767673777777
111222213333241332224113342451134445566644555666655567677777777
122222212233241333334111334451444445116666555776655577765777766
111122211122223144224315444433554543335555366667536777776666777
111222314123231422333144223314555351456555446666574767667777776
111222212222331213333111343566774356674455667455566744456777745
112222211211223111442335554433354443555664335566466666777777777
122222211322421333444133344513634451166545616755566675756777777
122222211233321123433133344411554461557446557774655776665777666
112222211122331114223516444356644435564333556437756677775566777
112222314222331444223144455311145536164533666655367677556777777
111122312222331112333412233544663654476665477665544767554777755
111122211334421134442513342253344225334666555666655566777777777
111122311122234122233412443344445334655553665577766657776665777
112222212233421323444133333411564441156664555566755766675777777
111112314111234422223445662345566234455623455666377556337777777
122233311422231442253144255314455531446573116657366665776677777
112222341122334412223411333341156364445666455567655756765777777
112222211122321113332451533345553364475556447566644777664777766
111122233111124333122433322544362554666655466655544677754777777
112222212213321111132433333544555356444555644475767777776666667
112222211122231114233154433355543336654447665447766555776667777
111111121333442133444223555423355542366554266775422667776667777
111111112221334552223452262345566334455663444556377477637777766
112222211122324112335411335544333554443665746666574667657777775
111122213111123344422333345233444526446652666655567655757777777
111111122221132443333224443324455352445535666655567766776677777
111122211333221334442133454213355426665542667544766755576677777
111233314122331412233142255314255536427755644775564467776666677
122234412333441223334123354412655541265574166557716665771667777
122233312333431222343122444411445641115566555566655777767777766
111112312222231122333412455344445534445553665566366666777777777
111122213111223313332433322244444456464555666655576667757777775
112222212221321111134555533455333345666364567666457764447777774
122222212133221113333441113344455534555666445566647756667777777
111112233412223341252334125533412556344455644777566667756667777
122233312333431225543122544312554441555464115666617667667777777
111222231144423114422331142536444253666655336665537767757777755
122223411233341222344123334511113456666745666674567777457775555
111111213311223332222344425234445553464555346665566677776677777
111111231312223331222343552244335554466655466677544677754667777
122233311222231112433511243355144365444466545666655576677777777
111122231112223131244333322433554445554446577766657777665577666
122222211112321113234133333456634445666744566674756557475557777
112333311222331222223114444351146435544646555566657776665777777
111222234111123415222341555234445553446565364666736667773377777
111222213332441113244115324455532245653334566666456777775667777
122222211211221111333445333644553364555536447756674475667777766
112222341122334412233451123645511364555336455666645667774777777
111112233122243112224331524433555543657774365577466657446666777
111111122221132333333223445324445552444565747776577767657666665
122222211332221333344111334451134465777746575774655577465566666
111122213311221333322134355263447526444755644477566667756677755
112222311424231142423114442351446335566663556676355777635577777
111222211333321333322134444211445425555544666655567666776777777
111111122133332213334222353466255446625544666557466755747777774
111222233111123314122344442235544463555546357755637776667777666
111111213322123333212334522234456664445676454567645555767777776
111111112222231224223444444356644635666663565577355577335777773
111122211222331122334152334455563345566344566774755674476667777
112233312233431123343512444451222465117446555777657776665577666
111112231444223111442354442235452263555666335776633557767777766
122233314422231442553145225314555531456633144766611777667777766
111111213331123333442334444256647425664772566677255567725556772
111112231122223411225344425533446653444655366665533667577777777
111222314222231444523144552311453331445363555576677777767766666
111111112233331233443222345522234556644445666645567775576677777
122223312423331243335124435512444451646775166677516667551677775
111122231111223331222343425534344453444655777765576666557777666
111111122213312333333224355524445562244556774455677466667777766
122333312233331244443122244411255441655555167777516776756666677
111222213114421311422334442533446253664655376666537655557777777
111111211331223333322444532244553224665557466577744655776666777
112222212233321113332114353314445554466655444667576666757777775
111112233411223344112344452234445523555552365677736666776667777
111112213311124333332435222243552664445556474755647776567777666
111223311222231222333143335514446651466665446676574477557777755
111111233112223341222344422534465553346655344665566667757777777
122222213322241354444135545413355541365564136666613667771777777
111112211112223332224553332455553345666344557666477766647777744
111123311222231422233145523314455364455636445666645567767777777
111112233312223311442334144233444525545552655567766666776677777
112233312222231244233114553314445531646655164467576666757777775
111111213344121533442553444253346425366662536676255777625777772
122233311223331223334125554412567441156744155677455667746666777
122223311233331222344125334415554441565554176665417766667777776
112222211123221413325441333564173356477735644475566647756667755
111111121123342222334522234456333445636674566667455677745557777
111222231122223311142355144435566443566664356664435777773557777
122223412553341225534112553411255341665334166673466767446777777
111111231441423134442333454233345226665552776665277666527777755
122222311122435111243551124365554436565433656443366664777777777
112222311111231422223144443344554435555553656666366677736777777
122233312333441233544122354411225441665547166555716667576677777
111111122213142333334255344422534442253664555566677577767777666
111233314122231442323114233314425667742566774555677455667775566
112222213332321133332411113244444445555647556666756677675567777
111111122212132222233433333544446354644665466666577775557777755
123344412233341222344122234511133451166545666655566655777777777
111111112222221324242334444433334543655555366577566677756667777
112222211222331142333514443351143365544666554466675557767777776
122223312242331144223114433311144435566477555666755666775567777
122222311122231444523114455314455331644533666653766665577777777
111222314122234412223411333341335554677775467775546667754666655
122233312222231244433155543315544361557466155744617777761776666
111122233314423311452311445233345526444552666655266677576777777
111222213322221133332133344511444554445555647777566666756667777
112222311233231122323111433354444445466646555766655576765777777
111111122334112233444233334522234456255445666555566667776777777
111222211122334115223415523345553334456636445666644576767777777
112223311222231142323114333314455564455666745566674455667777777
111111213331221333322453662245366224556666445556744755774477777
122222211111221311442333334435355443555544666755466777776666777
111222211333221133322143533214555664456667445566745576674477777
111111231132123333222434322244435554467555646755564677776666777
112222213333321344332155443215544421155644155666675667667777777
111111213312221322242533334253366445666664555676457557447777774
111112233111123444422344442233452263755556375556637775667777666
111112211132221333322443555243335524667555446777544667774666677
122223311222234111123411333344444534645555766666576676557777775
122333411233341122344115233411522245556644557764675576667777766
111112213113321333332444432245544224556427556667756667775566777
122233311123331122344122233411555545556544765666476667647777774
122222211223321144433154443315554431655543167755366777776666677
111112211122223312224333334435344445555466757546675756667777766
122222211111223314112533444655334665534466533476655547767777776
111111211333321334352433445244445526664652766665277765527777752
111222211322421134442133445213345553364455366667576666757777775
111111121213332222233244445326644537766453766445376665557777755
111111112222132233333423355342266554446665744465577746657777765
111222211322425133342513334251334465177746577744655777465566666
122233312233341223534122355416555541667754166775411677446667774
111222211222321114432144433354463335446663556667755576675577777
112223312223331224333121444311145446666544655557765575776667777
112222211112331141233444223546633354666535466655544655777777777
111112311442231144233444223355442365777236555723657777665576666
112222213242551344225134445513344551366455136666613377667777777
112222231111223113122333344434444543645555666557566775776667777
112222312223231243333114355314455661744566177456677445567777566
111112213332221132224153332455336445566644577766457777645577664
112223312222331111233411525345555534546653444667746666774677777
112222211111221333122433333544444354667775446675566667556777755
112222231224223144444311444531555553156665316666533377667777777
111122233112243311224533122453366445537664577776457777645556664
111223312222331223333112444311444445555554655567766666776677777
122222212345521334452113645513364451336445136645516666777777777
111111111222223332442333224435344463555466755546677557667777766
111111211333221333222444333255444225664477566477756666675555777
111112311212234122233455226345666634566633455677344557774457777
111111213332121343222334225563442556344775666475566447556677777
112222311112234155523411522344555634556663446633347666774777777
112222211232224113333441563341156334475666477565647755564777756
111111213331221344442333344253644425666772556677255567725566777
111122212222331114223144433354443665443366555666755766775577777
111222311111234444123455422345555234556623465663376666377777777
111222211112321442232144443344545637555563775666375566637777763
111122213311241322224134442433554446335777663577765555576666677
111111122222312442231445523344533334455536475566677577667777666
111122311112331422223444422345555334566553455667346667776677777
111111112233331222334225234465523346657774655577465577446666774
112222211223324115532411153344555536455773644477364677736666677
111223311223331222223114453361445536444455677745567677556666777
111122212222221333445133645513364451636455763645576664457777777
122222212223441113334113344411344456336555666665577667557777775
112222211123224111323441333344455634455663455566655776767777776
111222212223331122343114434351544435556443755666675566767777776
122223312233331123433122444516444451666455166677516677757777555
112223312233331422233142455314445561445566145566617576667777777
112222312244231224443115434311543335154663555566675666677777777
111111121333332134433244445324244552226665266675566767757777755
112222212233341233444123344411134556613455666665567755576777777
122222212212341111334113334455344445633664566666756577775557777
112222311242231224333144453311445536144653666665567655577777777
122223311122331412333142233514455551445566445566674777667777766
111111233131123333332442222245266674556777455666745556774445677
122222211323321133342133344411555546157444665777466555776666777
111111112133332245533244455322245332444555266457766667776667777
111223311112231122223444233354463365546666554667655477775547777
122222211322241134444133443411333345166666557677655777665555777
111222311223331223333112344451264745666774566674455667745555777
111222211222321123333143355514433654447765477776547666654776655
122333312222231242433144444311455637147566711756677775667555566
122222211223324111133445113346553334665557466557746657774466777
111112211134225513462555346253334625373462557346277744667777466
122234412223341222344111533415553641553364157766455776667777766
111111233331123343212344322244555264556626445666645557677777777
111122213322221133422511346653334665377446555774657574465777466
122222212333221134335114433561143456614445666475567667557777775
111112213112221333222434332544433556444555677455566777776666677
122222311122234111123444133344533364555566445755677776567777666
112222211333321443332114433214444521666455666777567675556777755
111222231111423141442334444233554223657777365555736655776666677
122344412234441233434123333412566661256677125667711556775555777
111112212222221112333444444356644335666473565667355567735577777
122222212112321113334133334415534445555444566777755667776666677
122222212344221134444133344513334551136555177665577666657777766
122222211222331133334133443411544446155554666665567776657777775
112222211344221134224113444431345553336555366665766665577777777
122222211112223331111443355546377554633775466367544666754467775
122222212223331133333114435514444551144556777456677755667776666
112222231244443122444311244531116653666675367677536777553377555
112222213334421344442134442213355551633555166666517777657777766
111112211122223144422333342563334456364445666666577777557777555
111111212222221134225333445566334556633445663774566774456777775
122222211111123134122333444433445553344665666666567775557777775
112222211232331123333112433514444456664445677755566675556677777
112333312233331222344112444512245551444555167777566677756666677
111111233334123335412335541265554426575442657744266777226666777
112222211332321433332144433214555661445666144577655557667777776
112222311122231113223441333345556634455566444556677457767777766
111222312222331124233111433354446365444666557466657777675555777
111111112223134222333422233345555534545567444456766666676777777
112222211133221333332143355214455551466655446666544466777777777
111111122112334222223445523344553364775536477753644765567776666
111111233411125344442533334253344425555222566666257776667777776
111112213311123333322334522264455526444455666644576766757777775
111111121122232222233444455345555534456533446663377666667777777
112222211332441333224135342413534441655545166655576666677777777
111122211113224441332454432245443235556333555666657776667777776
111112211311423334442355446235444623555662377556237756627777766
111122211122221122334333334435366645556444555644756667775677777
111111112333312222334522233456263445666444556674756677475557777
111112311122234122333422233344444354677455666755566777756667755
122333311233331222243125544412566441156444155666675557767777776
111112211322221333442134442253334445563477556677755667775566667
111112233312223331222334125534416554466665477766544776654777755
111111121133332223343522224352564435556644556664475666747777777
111111112221332242223444423344533334555556455656676666677777777
111122213122425311142534444253446625334666533366655776775577777
111112231121123322222333445536334557666445764444576666557777775
122222212233331213433111343411444445667774556677755666775555667
111123312222231122333144233314455556444577644557766665576667777
111111112223312222333425333642536664455556744455677445667777776
112233312223431222443112444351444335166667516667755567775556777
111122233111245311224533222455334445663344566777456667775566777
123333312222331244233114422511644451664645166665576555577777777
111112211311223333224333322456666245564664556444455677775577777
111112233111124322222433335243663554666657466655744555774477777
111222211122221311244335644433564643556664357676435777673555777
122233311122331112333112234455254446555554666665477766647777774
112222231111423331142355514233355426635444665547766574776667777
122222211233331122433111144355554435655543666654466777746677777
112223311222231142433144244311444335556663575566657556767777776
122222311223331123333112444314444551467755646777566675556667775
111122233122223311124333142455334445566444555666657566767777777
111122212222231111233443333345666364555666455576644577774457777
112222341112234441223451112345666334555663455576347757637777766
111122213222221323444133333415534441555546755564677776667777666
111122213312221334222134445513455553344655377466577746667777666
122222211122321133333111433354444465447476557777657776665555666
111111112123342222334223334452334465744476577777657756665555666
122222311244431224333124443311454331155566755666677555667777776
111111212222221123342333344433554463755546775554677775467766666
111111122234112233444255344426533442655377266533766657776655777
123333312344331224443122244511224451116665776665576676557777755
111123311212331122233422233544446354766655476766547776654777555
111111112212334422233444225366425536444553666753367775556677777
111111112223312233345233344522344556244445666675567667756777775
122333312233331244443124455512455551244655126666617667761777777
112222211332441113244113322453333445566644555566657766765777777
122222211122334411233544111354444435555333657557767777776666666
111222213111123331222343325534435554466555444666547667667777777
111222213222421323344133334415366441577644155766655777765557766
111111231222223112242344444534445553366555337666573776657777766
122333312223341252334125234415564441556464157666615776671577777
111111213344123334412334422234422523645555666555567666677777777
111111122213312222333242433344444534646755666677567677556777555
111112211333421333442133544263554426657742665574266577726655777
111112233111123344222333442233444526664455676675567777756677555
111122211333221434332143433214444425555562777566675556667777766
112222231122223311111334555533455553444465347466674777667777666
111123311222231422233144233516443356644555666455766745576777777
122223311122334412223411115344444536465553666755366777556677777
122222311112331111233444422354543335554446575577657777667766666
112223311142231414223144422314445335555553566577366777776666677
112333312222231144423514422351144335516446556666655577767777776
123333312244331244533124555512456551245666124466612777661777777
111112314441231144223444522365452236555723666573366557376677777
112233412222341222334155553415533341655574166777416677746666774
111122233311423311142334444253344225564662566666755556775777777
111223312222331224335124443511466351444635774765577776657766655
111112213333321133232144322254442665464467546666755576775557777
112222211223331122333111435344443556455557644455766677776666777
111111233111423333442343342254444225555622557566677756667777766
122222212334421334442133444413555551355665135766611776667777776
122223311242331144223155442311554431555433665547766777776666677
112223312222231214443111444315554335565443556666356667677777777
112222312223231123333111343561444456644475667477567777556667555
122222212112321111334133333455554346555444656544766667776677777
111112211112234222233455233345553334445556477577647777664766666
111122231111123333222343355234555524446555444666647767667777776
111111213333321333442134442255444425666222566666755557675777777
111111112222213244444322344432334553335555666657566665776777777
111111213311223333332445532244556274555627445662746567774666777
111123311422331142223414423344452236455553655557766777776666677
111222213333221133322111433244445554666575446557564677756667777
122222211113321113322441333344443556475555647777564667556666777
122233412222341223334113334411444451166655666675566777557777755
122333311223431224443122244311156431555647555664756666775677777
111222212222331123333144335314655551465555446777746677774466667
111111234555123455112344552233455223346622344766634777767777666
111111122331132233333223444524444452666455266777566677756777555
111222211111223142225344555534455553444666347667637777763337766
111111231112223333222334355234455524446655464677546667756677777
111112314122231442523144452344465237766523777655376666537776553
111222211344421134422133342213534443356666555676756667775557777
111122213122221314244331424433344453366655766765576676557777755
111122213333221133322113435244444524646455666675566677557777775
111222212222321111433514444355466635546633554663357476675777777
122222211122321411133144453364445536465553646575366677536777777
111123311442231142223144422354644235766633577666355777665555777
123333312234431233444122245416224551666455116777516677556677775
112222312242431244243155444311545331155553666563366666777777777
122222211332421333442111345513334451666645776644576667557777755
122344411234341223334152234415523341562677156667715666775556777
122222211123321332334113334411554445554446577777655766765776666
112222211122221133344113344563334556344475666647566677757777555
111111122222212232451333445533344453364455666645566766757777777
111111122213142222344255334425333445553364575566477666667777776
111111112233331223333422225342655554466665446677544667554777777
122222211233231424333144443311144431555555655777567777776666666
111112211341123334422534422253344425534677563667756667775556677
122223312122231114423155444315446331544663755566375756667777776
112223311223331112233441122354444435566744566677755666675557777
111112213314221333422135446233554623554462755446677557667777766
111122211333324113332414432244453224555666457566655777765777766
112222211123221144332144443314443335555536555566677766667777776
112233312223331222344115233411555441655774665574466657476667777
112222231111243151224315524435555643357564333776477777647666664
111123411112345212234522223455563345776334577663457766645777664
111111233441123444122355444233545223555552336666266677776677777
122333312223331422235144423514666551466665147766514777551477775
111112211131224333332433553245555224456572466657746667774466777
122223311112231114223154442365544336654337655447766555776667777
112222231111223141122334444453466645366764533676753567775555777
111111121213342222534225553452533345553444666377467777746666677
122222212223331113333141153314445554466555446777564677756666777
111222211111223134442333344253444425366666536566655555777777777
112333312223341222334122553416665441166554166755476675547777774
111111112233331223334552223465252346555544665444766647776677777
111111213331223333122343442244444425555662555566657777667777766
122222211111123331122333445534444453364475666667567677756777555
112222231111423331142353144235334425544466566666655777765577777
112222211121223311124335554436575543667754367775436767543666744
111223311122331112333442255364422536447755664475566647556677777
111111233333123332112434222244445526446655646677566677757777555
111112312222231242253144445314444536665553676555367666737777773
111111111222223444442333334253334425555462555766675776667777766
112222231122223411111344444433445563555556355666633767667777777
111123311122331144233444423344542365552226555777655776667777666
111122311222231144223514462355466635544663557446357776635777773
123333312323331222224111552411156445555644755664476666647777777
112222211232245133424511344455136645713364577336457776665577766
111112211321124432222443335243333554555556477566644776667777766
112333312232231222233114444315555441565547166554766677476667777
111111112222312242333244443325444365554336577776655577665777666
112222211133221333342133444213555441556564555666476666747777777
111111112222231444233444222345553334455363555766675776667777766
111112211122234414233444422344555236655533666557366665737777777
122222211122334115233411556341556634555633454766344476667777777
112222311222231144423154443315444631566663556766355776735577777
122222211333321113322451333645115664555566444455647746667777777
111122211333224113322415333245553624475566447756644775667777566
112222311122431222443114444315556435577643557763357766635777666
122222211132321413332141433314444435554566755556675766667777776
111112233311245531124563322456333245666624557662455767747777744
111222211112234441223444123354666635446663556677355577335577777
111112211312221433322444333245553324655555466775746667774666777
111233312222331222333114235514446651466665447776574476657777555
122222211211223111444333144536444453666665333655577766557777775
112222311222231114253114455364444536466453666555377665737777773
112222211111221313322433335546663354666655447765544776754477775
111112311112232222233244443344544336455535665755566777776666777
111233312223331122344112534412253446655544665555467777776666777
111111213332121332222334244234444443555556557776655766667777766
111111233311124433522643355264335526445522644755264777776666777
122222211122331144233144333514444351645535666655566675776777777
111112212222221113442333344435544643355466355666677555667777777
111222311123331222243112544365554436555443656574366667476777777
111112231311123333222344425234662553466555446665547676754777777
112222212223321133333144444311145436665544665577765557776665777
111222314222231422553144453311455331444553666675366667576777777
112222211322221333345134334513444451446655166675566677556777777
111122211113224441322433332245336674536667455566744566775557777
112222211221324111132453333645373364577666455767644577764455576
111222213111241333224133224455344445533646555666657767765777776
111222213122421311242331444536444453655555366566533666777777777
112222312242231424333144433311445531664655176666577776657777555
122333312222331111233145122314555564457566455766647776664447777
111111121333132222333224443322454446445577666577766555776665577
112233311222231124433122444315445331544566755556675777767776666
112222211133321333322144433211445567745556744555677466567777666
111111122113442333334222253452255345555634566664476666477777777
111122211112321452232445523344455536445533646573366677776667777
111222213222221334444113334411353346665554666577465557776657777
123333312223331124443152244415264771526447156667715567775556667
111122211113223133324333522435552445554446577446657776667777666
111222212222231133333133445511345554444455466777566677756666777
112222211112321141233444425344455534665533666655366767537777777
111233312222231122233411553344155534445555644466766666776777777
111112231144423114422354444235555523336552377656237666667777776
122222212113221111333143335344365554666665466775544677554477777
122222311233231422333144553314445661445566145566615576767777777
122222211123321112333451136345566634455563444566647755674777777
122222212112231113333144355314555534456653475666647766764477777
111111122231314423333442255342225534465553446775766667576667777
111122211122321122333452533345556374565637456667745466674447777
111111112333331223344223344422254446625554666665577665557777777
111111211344221334222333442233445263445556555556676666677777777
111111121333442133334222234452223445566647566774755667775556677
122222213332221443335114433511143556174455667744567777756666675
111112213412221344442133444233334223566777556667755666675555777
112222211233321122433511143355544365444636547466655777665777776
111111112133332222243244444322544435555533566556676666677777777
111111213444421344542134554233555223366552366652236767776677777
111111121314442333344222344452333645227766527766655576665557777
111111123331142233344233534425555542665744266577422657776666777
111111121133342222344225234425533445556347655634765667776667777
123333312222231111223114523314455564455666445566644576767777777
111111112222134222233452553345555534456333446666744666677777777
112223311142331154223515422351544235555443666644367666677777777
111112314411231422223444422355544235656633565633756666775777777
111112234441123434122333415263345526634522667455567775756667777
111112234141253414125344442534222253666655366775536667753377777
112222312222231444333114435311433551644457665555766667576677777
111111211321223332224353522435356443555644755666477666647777774
111112231221223112224333555433355446375554667544466777746666777
112222211232221133345133334516634451644455666644566777557777775
111111213331423343142534444253344525555552666677266667726777772
111122311144231444423154222355426635542663556667375566737777773
111112212222221333324115336455536647553664775364475576447777664
111112211312221333322434332243445564445566745556677575667777766
111122211311124333222433225543555564355766435777644776664477766
111111213311223334422334442253444265377426555776655576665777766
111122211222321123332144443564774356447435667733567777556666555
112222213242241334424113344451133465155366555536657777767777666
111112233311123444122333422233544265554466575466657776765577776
111122211132221413225444325543336654443665473366577666557777775
111122213111221333222433355244335564445566744456677775667777566
122233312222331123334112434415444441555556175666677557667777766
123455512344551233445123344512334551263477126777712676771266666
112222211212324111132433333544453354645555464656576666677777777
111111211133323333222343222244555564555666457566647776764447777
111111233331123443312344342255444425556662555766275776627777766
122222212233321114435111433514443556444355677735566777756666677
122233311123331222223111144344444435555466577556677556667777766
122222311212331111223444133354466335466777544677754566775555667
111222311222231111223443333344455364444556777775677555567766666
122222312425231444523145555314455531443333166777711666776666777
112233311222331142253614255361424536144453666645577664557777777
111111112222213422422344445534455563345556336656637766673777777
111234412123341212334122234412333445566674556667755667775556777
111111112222134442333442223344255334455563555666677567667777776
111222211122321444432114433244453335555536577773657767765766666
112222312233331122333114245361444556164555666447567664757777775
111122311222331222333145233314556664455556445776644577664777776
111122233122443112224311552433355446355444636557766675776667777
111111112222213244444322454632445663555556335566637777663377777
111222213323221333342111334215566447755644755566477756447775666
111111121122232222333442333544666354466635466677547777754775555
111222213111221333122443552644355664335566443555647777664777776
112222312223331122333111134355664445566674566677456777445557774
111222233122443111224333152466315546635554663575467757746677774
111122211313321133322444332546632254467775466675546777754667555
111111122213312433335244336522436652246655774466577446657777755
111122213322221132442113444455366645537664553766453377665577777
111123312222331142223144442314454436665573666657365555776577777
112222211111223341142354444235546463354666355567635577763777776
111222344122234112523441253346115374655537465573746657376666777
111112213333321133332144222244425564445566455566675576667777777
111112211312223331222343566234355663445566745555674444767777776
122233311123334412223441225341116534466655446775566667757777755
111122211112223133245333224533344456444455666665576776657777775
111222213112421351242135564233556443356664355564437766647777777
111122213122421311242333334253344465554466555466655777667777776
112222211112231444233144423314445336666533676655567555756777777
111111231112223333322334222543445554446755644677566666756777775
111222233112445331224553112453314245533444566777756777775666666
111111111222223444222344442533344556333775636677566677556677755
111111213113324333322432222243555564477556447756644755667777666
122222211133321333332145553214565551466655146667744446674777777
122222311222331123333114444311444435554666555577675577667777666
111122312222231425553142533314455331444536747556674776667777666
111233312222231111223144562344556634557663445776345557664777776
112222211111324441332443132244333356447755666675567767556677755
111222312222231111323444133355444365554436775546675576667777766
111111112222231224223554433354444335466437566663756667775557777
111122341122234122223411333344536774453667445567755556775666677
111111112222213245522334452533455553445666374466637466763777777
111223311122331112333444223344442256455555645777765576776666677
112222211222321144333511444351554435555433665747367777776666667
111112213122221333222143333354466665444466544556755556677777777
111111213144421333442553344253336425566642576666257777625577772
112233311223331122433512444351224445155466555546676666677777777
111111122112334222233445523344552334455536475656647766667777776
111111122234412223441233344423555442366555336667566676757777775
111111121133332224353244435326443552644675264667526667757777755
111112213122223311232433333244555554456675465667546666774477777
111111233141423334142534444253467725336722556677255666725566777
122233311222334121223411155344416534666653476655547665754777777
111122213111223331322443333244455524446655747765577776657766665
111111233111223444422344442233452263555556375556637776667777766
111112213331224431122443332544432254463755666677566667557777755
112222311222231114423114455364455336444533665553766775776667777
111111211333124333322435322644555264455226444555677776667777766
112222211322324133332411333541155554666555444666544666777777777
111112213111243333324335222453526645552644556664475676647777777
122222211112221133344113334455534467553446755364675566667777776
111223311112331422253142225344666534465553466775346667554777777
122223311223334112333412255341155564715556477665644776664477776
111111211222221323332333343244444445556647566666756577675557777
111222213112221341142334444233344453555555356775766677776666677
112222211123321411332444133244444335566737566677755666775555677
122222312232231333333114444511144456144775666675566677556777755
122222211213221111333133334455536645666644566677455557747777744
111111121313332233334255443422544442555554266577726777776666667
122222211111223114142334444435554543565557366665736677773366777
112233312222331112233111423355544465754666575444657577467777666
111123341222234122553411225344166537446653746665374766537777755
122222211324421132455133344516634451633445167355566777756667777
111222211122223133425311345533334456664455664475566647576777777
111111112222132233333233445522344454444655666666576677757777755
111222211222231112443514444355554335564463566666357767637777773
111112211112223333222344335234555553456666445577644777764777666
111112312112231222223455533344456634455563447566347757667777766
111111213113224333332443222254346625444666555467655777765577776
111233311223331422233145222314556661455556745475674447667777766
112222231111223313124533312455336645566664566444455647775777777
111111121133332333344222355422255546625554666665477664447777777
122223311222331112233114533314455554466655446665547766674777777
111111111222223333322443335246653524665555466575744667774467777
111111231331223333122433552244445524664452666645567675576777777
111111121344412333344223333425556642575664277556427557662777766
111233311122331422333144253614225564425566444755677775567777666
111111233331223331124353222455666245556624556644457664477777777
111111122133314223335462235546223354662655466665544477574777777
111223312223331112223441152344555634557663455776644577664777766
111111211344223134422333422234442553345555665557767777776666667
123334412344441233445123334512225551225555166777716777671666667
111222231122223144442314454431155543665757336577733655776666677
111122211222331122233144553364455536644533666457766445576777777
112222211122231112433561444356643335644443566667356777775555777
111111121333332133444243345524444562777556277555622756662777666
111111121123332222343225534325544435554643554466766666677777777
111233312222231111233441223354444435546646555566677557767777766
111111233144123314442344445233365523666552665552266675277777777
122223312222431111243511444355143335664773566477755646775566677
111112231122223311222344556633455563447566347756634775564477776
111112211322223132442313444233334445555564575566657777767776666
111112211311224333222444332244433554463555776656576666657777775
111233311123331412335144223544222554442655466666577666757777775
112222211123224111323441533345555534445553466677346666776677777
111222231111223341122534442453334445336477556677755677675566667
111222213322221134244113444451333445555336555666657666767777777
111222211111223444152343445233344523634655366665566677557777777
122222211122321411133144433354433365446666546667755677775555777
111222312223231124323111433354446635544466555646755766675777777
111111122222212333321445532344453334445566455556676666677777777
111222211112223144422314556634445563344556333555673777767777666
111111231122223314222355442435564443566644355567735666673777777
111111231144223134442333422234445223365555666555567666776777777
122222213332221334444113355416355441635447166557716657776665777
122222212233331124333114435361444556145557614455766666576777777
111111233144123314442334454233555423555552666662267766276777777
111111121333332144333224445322445562754456275555627777667776666
111122314411231422223142233354333665447666547777654757765555766
111111233144223311422333442253344225544666566666655577775577777
111222312223331112234151233465555346677534677555466774446667774
111112231112223314522334452233455553344556774445677777767666666
111122231122243511124355522433355543635444366574466667776677777
122222212123341211344111334563333456667745677744566777456675555
111122233312223311124531662453336245555644557766457776647777644
111222231444223144222311455531144453366665366765536677553777777
111111121333142333334222344422244542666554665557765557776667777
122222213332321133332113444411145445555544556657766667776667777
111112314412234441123444422355552236665723655577365777336666777
122222211111321141332554443255664335566433556447356674776677777
112333412223441233334123554412554461225646155566615777767777766
111111122333312443331243345524444452666665266665522755577777777
111112233111223344122333444256334225666444556777755667775556677
111112311455231444523144452344555236655223666227366677736777773
111122211222234112423414443344433356663755676375567777556667755
112333312233431224343112444512224551667445167777566675556667775
122222212333241113324133344413555441166544666755567775756667777
111111112123332222443225244365554336554443655747365777776666677
111112311422231444423142222354466635466633566773355677775555777
111111122221134223333422333344255567444566745556674775567777666
111111122334412334441223434452333465277766525776652577665557766
111222212222321111334555134455333445555334666674466767746677777
111111212112223222245364444536464553646455366675533677753377777
111122213112221332224133344455344445637774563667756666775555677
111111121344412334445233345523334452266655266667527676752777775
111111211322221432522443552643335564435566433755647777664777766
122333312223431122343511244355126445116644555764655776667777776
122222212232341113334113344415344641534666555567655566767777777
122223312222331244433111433311544467154456755555677576667777666
122222211233321124333144443314555531445656147565677756667777766
111222211123221411332444443245333364555536456666655576677777777
122222212333321111132144443516473356647355664755564475756667777
111222213222221333333144433514655551466665146766544677554777777
111233312122331222223111455344445334644555466665566766757777777
111222211222321111233443333546663354666655466777547775554447775
122222311122231133233114333541444554446655466655566777576677777
111222211223321111342553334255366445336664555664477566447777777
111111112221334422233542422354444435556333556666756676675777777
111222213332221132244513334451133645666664555576455777647777764
111122211332221133322133435263445556445555664447566674776677777
111112211222221333322144333355444435446666554766655576675777777
111111122233112422333244443325664372566437556447755666775556777
122223411112345512234551223451133345556334656667466667747777774
111122231122423315542311544235556423555644337664473766667777776
122333311232231122243511124355614435564444566647756667775567777
112222211122221334445113334513344456334455677777566767756666755
111112213114221334442333342255334225554466577746655776665777766
111111231122223313342333344244444526647752667775567777556666555
111111233441123344142334444233566223556662557776255577625777766
111222341122534111253461225346662534466553476655347767534777773
111111111222232223333442235344443536477555646755564677756666777
111111231341223334122335422233546265554666555467657444767777776
112222231112223311124355514435656443566664355664435776743777777
122222212333221133444113333411156445555664566666455577647777777
111111211122223332244353224435544463554746355776635577667777666
112222212233321244433114544314453331455556155666675766767777776
112222314422231442233144433311443351667755167775566777556666755
111122231112223441122334444234456663475556337555637775667777566
112222211111123144422344455233444553336555363677566666756777777
122223412223341212334111334415133465555546757754677775467766666
111112213331121344442334452233445223674552667775566677556667775
111112211344423133442313444233355426555222666555766677576677777
111111112212334222223445525344555534465533466667346776736677777
122223311123331222233114533511455554446555444666647777667777766
111111122223312222331244433344546334454666555566655577767777776
122222211113321133322114433355446635554666575446657774465777776
122222311122231114423551144355544435664333556473756667776667777
112222211122221113333145363344556634445563744566674555767777776
111112234412223341112344422233445553664575366657536677756677775
122222212232441333334135543413564441556664115556617757667777776
111112213441121344422334455236455523645522366577733657776666777
111111111222223332222343335564435556643555644445764677776667777
111111121331332223333442223544662254666665466755544475757777775
112222341123334112333441222345115634555566447555674766667777776
111111121222312222333244335344445534674553667475566777756666775
111111233333123445312346551234675524467552466775244677526667772
111222211112231122233444333544444356664335766666577675557777755
122222311122334155233415523641153364415636455566644477767777776
111111234455123345112334552234455523446522346662736667776677777
111111111222332224233524444352543335554443556677765666776667777
111111112222312224233442445364444536665553665533366557776777777
111112211134421333442335544233544425356622555672756667776667777
122223312122431114243511424351544435556473556667356667736677777
111222211223321111332444533245553334555566444456676666677777777
111111213121223332222333444253644475366647566674756657475555777
122222211122321411333144434314544435556663556676355667675777777
112234412233341123444112334511223456662345676666577677557777555
112222211112223144442314354431335543335554665557766777776666677
111122213333221334322134432511444256647445666775567777756667555
111223312222341225234111533461653346665434667544467755556777777
111111122133412533344255333425556342577664257666425777642777664
112223311222331222453144445311645536164553666455366645777777777
112333311222331124443122554311254436525444655577765677776666677
111233312222231442423144442311544331555536556666656677775677777
122233312222331111233114423351444465444666555567675556767777776
112233311223331423353142225514462551466657146655744675774667777
111122211333321433522143655214366524436552466665544677754777777
112222211111121333322333344255534446554477655644765567776666777
111111111222223332422553444255334445533466556346657666677777777
111111122221132442233243323544633354766665477666544777657775555
111122233112223311122433555243335664445556474565647476667777776
112222211132221413323441133344533664455567445666755566675777777
112222213233221333324111334455114465554446755466675576667777776
122222211111223114442331444533346453374655377666577766557776655
111222312223331223333112444314445441455556775565677566667777766
111122211133221133324553332455362245566774566777456667445677744
111122213322221333322111333455555446557554667774466777446666774
111122213122443312224351152435555543356754336674466667746677777
122233311123331112443122243312564445556644755666475557667777776
111111112233312222233244253344455536644453666645566677757777775
122222211132321133332114335514443567744556744455677755667776666
111111213312221322222433355544355654337566447756647775664477766
111122311112334142233444423345522234655553466675566767756677777
112222211134421133442513334251333425667744556677455566775666777
122333312433351243455124345512444551222456177775617767761766666
111222233112223311112344566233455663444556347456674775567777756
111222211122331444233144423314552334465553666565567666757777777
112334411223341112344112233455222345555534566757466777776666677
111222213111223314122335444233545446355554636557466666776777777
111111111222223444222344444235466663556567355556733356673777777
112333312234441123354112355411235446222544666655567775776667777
111112213331221334122334444233444425555562775566675566667777776
122222213233241333524136554413665441366544176655417667551777777
111111123333112334355234435524444452222455266665566776776677777
112233311122331411223144422344555234456663545766655577767777766
112222212223241133334111134455563345556734555674466667476677777
111223312122231222333144335511435564447566744756674775667775566
111112211122223122244355544435554663357446335746633577667777766
123333412323341222334125555412255541666654167775416667741677774
111222213333221133322411332541555554445666477566644757664777776
111111121313342333344233555425556542655664266666422277747777774
122222211333221134342133434511344451644555667775566777556666777
111123311122431222443122543352554635555463577446377746667777666
122222211112221333333143563314456661455556444555647477767777766
122222212332421333344135344613554461554466115577615577767777666
111122213333221332222133444415346641544664556666755557675777777
111222312124431222243114444315443335555663556666355667677777777
122333312224431222443124443315464631566667155567711576675557777
111112211122223142242334444453333345566634556666755567675777777
111112231441123144222333442253344425336777556666755666675557777
111122211132221133322444333255433665444776544776657777665555766
112222312244431244433122544311555436157553617755366777736666677
111222211113221441332554333254436325443666544766655776765577777
111112213311123334422334442234444523665552766655576766657777775
111122211122321413332443333254443625454666555466757566675777777
122222212113321111332451333645553364555766445777644576664477776
112222312224331522443154444315464631556663155563317566677777777
122223311422331445223144552314445531455553116666377767667777766
111111112222213322224355555436665443766554376665437767443377774
111222231111123444122334444233544623556666355676635577675577777
112333312233331122344122224511444451646455666665577776657777755
122222211112223144444315544631154463355666333556673775567777776
111112311122231222323442533344455534444553666665566677576777777
111111211332224133222444323245533364457666455776645776665557777
122222212111321113332144443344453334665555466665566777756777775
111222211123231142323414233344444335456666555556675757767777766
111111112333312233333244445524666652467655246777524667752477755
122222211113324111352441335246337554633775466675544667754667775
111111213131224333332435553245555224657722465777746667674446667
111223311112331444233142223344425534642655666665576765557777777
112222211222331112333415533341555534444455666445767777776666677
122222211113421513342153344215534445563347556374756667776666777
112222211233241123324511334451634475563347566644755677775566677
111112231111223332222334452533445556347755664477564477756666677
111111122222213244441322544433354467735666733555677355567777666
122222211112223144444311155433355443335554635566766666776777777
111222231114223114422314444235456663545666355555637777763377776
111112213331221134442553334265534426553472655547266674776667777
111222211122334152333415225341555534665653476666347776674447777
111234412223441123334112333451223445662747556677755567775566667
111123311222331122233144233344425554444655776665577676657777665
111233412223341522234152233415533441154446555666677576667777776
111222211111123332222443333345555534565655446666744676674777777
122222311111234441123444152346665234655553465573366657736777777
111111211322123334222334422563344456634445667777566675756777555
122222213442221354444135544413655551366557133666713666771377777
122222311212331111243551524365554436665543666544376674437777777
111111213322221333222133445263447556347755664475566447556667777
111222211132441133224156332455663245556334575663477566647777774
111111122311342333334222233455224445554466775466675556667777776
122222211112345111234533123455333345555644566666477667647777774
122222211333221334332133444411554641555664155556477666667777777
122222213223321333344135544413544461155476155557617777767766666
111122311144235514423551442365442236542273655777365667336667777
111122231444423114422331442233145623555566355566637757667777776
111112212122231222333133334355554445655574566677466767446677774
111111211222221323224333356433535647555564757656477766647776444
112222311224231544423154442315443331566336155666675557767777776
111123311412231444233144222354462235466673556777355667775556677
111122231112243151244355522433552443335554637777467766746666677
111111122222132422213444433344543334555536777755677775567666666
111123311222231122443122443354444335666463557666655777765557777
112333412234341233444123555412355441266555122665617766667777777
111122211133221413322444332245336664535556455556644766677777777
111222212223231123333411153344445354644555466775566667756677777
111111231112223444242334444233455223666555365557536677776667777
112222311122231144223154444315543435564333566777756676775566677
122222213332221333334113444411554441665774165557766655576667777
122333311234431123433122444411254641225666775556677575567777566
111123311222234125233411526345552634456663445556374466677777777
111111122213312223344255333425563342566444556667456676745777777
122222211111221133332144443354544335556443565667756666775677777
111111121231442223334252236425333645536664555566457766747777774
111222213111121333222443355244335554436565744656574766667777776
111122211222231442233144443314554436655533665555376666677777777
111111233131423333142355444235554225556442566664276666727777777
111122212222221133444153333415666345566334577644455766675577777
111111121133332223234522223455663345576664577666457764445577774
111222211222221133344113434433344445355667555666755666675777777
111112231222223111442333345234444553466457366555766675576677777
123333312222331112233111425566142556664555664445566744477777777
111111231122223122224333554466355546635444633557466757746677777
112233412223341122334155234415523641155364555666476666747777777
122222311243231224333114433514444351455555155666677767667777766
112223311422231442223144444311556431556633556677356677775566777
111122213222421332442113334413355446377544677555566777756666675
112222211112321442233114433566433556443775647377564777756666555
111222212223221333333114443351144665554466575447657777765577666
122222211112231111423444443354466635456663555666357777735577773
111112211131224333332443222243355664445666745555674556667777777
111122213311123333212445322244533664556666445777644577765557776
111111233131123333222344222234555554456655466677544677774666777
111122341112234114223444423354422365577336557663657776665557776
111111112222331222223444455344644536664753666675367777537775553
111112233131124333312444433254662225446266547666655777775555777
111122211132241133224333324455632475663447556447755667775566677
111122311122334412333451233345226664552766455777644577764557766
122223312223331223343111344451116645666644555664757556475777777
111122231122423311442333142253334445564477556667755667775566677
112222211123224113325413335541433554444355466665766677576677777
111222311222231124233114433354443365554446555666675567667777777
111122211122331122334562333456266345666434556444455677775577777
111122231112243112224333244456333445666344557666657777765555777
111222211322221333424113344413355546366554666655466775547777777
112222213332421133542111354261335446635544665557466757746677777
111122211333221333322144533214555526447755664475764467576666777
111112231141223414422344455235445223555556366666633377767777776
122222211333321334432133445211145556164455666477566647556777777
111111121122332222233444255346555334665573446577346657774666777
111111213331123333222443325544222554445555644577766667776666777
111111112331442233334233553422254442555464256666655677767777776
122222211112334441223444111354463335546636577763655776665557777
123333312344431224443122224315562441556666115677615577765577776
111222211322421133242511334456663345666344565634455567775777777
111111121123332222233244255344445334665553466755746677576667777
111111211122223333224563322456633345666444566677455777445557777
111112211333321333222144352244435524455555466777546666776667777
123333312344431233445124444512225551226655166666511766757777777
112233411222341223334122344411334541666654666655567775557777775
111222213111221331222333444435354643555466555446657777767777666
111111123331142344444234546623455562355666233577622557762777776
111111112221334422333422335342255534555556446666674477667777776
112233311124331122443152224315244436555443665557766675776667777
111222211112231415223445532344553334445533664557766677776666777
111122231412223341122344412534445553455555366666736667673777777
122222211222331113333144443314544361454566775556677575567777666
112222211233441222334155336415336641553764157776455576647777664
112233311122334411223441122345662734556673455677744567775556667
122223311123331112343516244351622435666647556444756647775557777
111123311222231122233414233544443554644355666655766755776677777
111111122213132243333244533322455552444566774556677456667777766
122223312242231214433111433311444356446555666677566677557777755
111111123144142334444235554423355662333556277557622777762776666
111222311112331122233422553344445334655577466555746666774667777
111112213331121333222334322244445554466775646777564677756667555
111112341112234412223422233345663334556666445656745555677777777
111112213333221143332144322244435624745566475555677556667777766
111111233331223444112334444234422223555555666666567777656777775
111233312222341222234113333415566641556664556677455677445777774
111111122222113422255344245533444653344765337776573766657776665
122222311112231444223114444315544336555553665653366667776777777
111111122222213223441332344433334556644455766665577776557777665
122222211322321133333143566614355561445756145575644777764477766
111112213312221333324135332455552246556444655644766666477777777
111112213331123343212334222234445556464445666655567767756777775
111122233312245311124533122453364245366444556666457767675577777
122333312234431244433122244311525441655557165755716677776666677
112233312233341222354122335411665541665554165574466677746777774
111111213311224335522433355244433524647752466675246777556666777
122222314442231142233114333351436665144466515556655577667777777
111122213122441312245331224563334456733455677745566674556667777
111222341223334112233411223341556634455766445576645557667777776
122333312223331222233144455514466551446665144665511667757777777
111223312222331122443111244355554435555643777564377666467777666
112233312223331242553124555312445531444656147665614766667777777
122222311232231123333114455314455531455656444566677477767777666
122222213444421333422113344411333541166655666775566775556777775
111112314412231422223144552344553236445333665577766557776666777
111222211113224411322444333245446334555633557666657766675577777
112233312222431242243114444315544331566636155666655577765777777
112223312223331223334152344415564641156464155646755566677777777
111222233111223313122433312544365554666655467665746775574447777
111111122344412333441225334422533647255364725566677555667777766
111112212222231244233144433315544435556463556666357667675777777
111122211333221333224115324455532445653774566674456667745667777
112222211332221334442133444413345541135555666666567776556777777
122233312422331244435124333512444451655555166666517767661777777
111122213333221444332111433255443625444662555566757666675777777
122222211211123111442355554435555443356444333667763667776667777
111111211122223444422345442634555263455556333365637776667777776
111112213131224333122443322564432556643555664445566677756777777
111222311222231114253661425364445536644553664457366755737777773
122333311234441123344122334415222461577646155766655576765577776
111112211132241533224553332455336245663624566664455767747777774
112222211111221133422333445563334556663455666444567747756777775
111222311122331122443512443354243335444666555556675777767777666
111222211222221133334115344455534645333464555766475776667777766
122222312122431214443111444315544335566337556637755677775666677
111111213333121344452633345266734526674452677445267755526677752
111111122221312455536245553624555362477336247336644737664477776
122222211122321411133144443567744356744335677335567777556666655
112222211112223411142344444433333345366667566766755677775555577
112222212221231111133444433344453634545663755566677555667777776
122223312223331112233111433514445556444445666755566775776667777
111233312122331222334122334415555541554444556667466666776777777
111111213142223314225333425566342556634257663455766444576777777
122233312222331442233114443315544441156667155667755666675577777
112222211233224113323441533346155534616555466665544476677777777
122222211111123144512334555233455553346665374446637477667777766
111111233142123314222333452234445523466655746665574676657777775
111122211332221133324513362455336245766664576776457777645557444
112222311111231422223144443355544335655443566577356777776666677
122222212112321114433141433344443556674335677775566675556667775
122222211212231111143544444355544335657473565777356777736666663
122222211332321113233141333514466654466655446655547675754777777
122222211122324113333411356644135564433566475556647557764777776
111111121133342223334522233455622345666644556644456677775577777
111222213114221333422133444213544663355446777556677756667775556
122222212332331213333111113455554445657444565777456677746666677
111222211111123333422354442635444263554466355566635757667777777
112222212234441123444512366451133645133364553776655576665777777
111111123333312233441222334422555546266544666654476655577777777
111222213112221333322114333344445556664445676455567775576667777
111112213131221333332334522244455624555666445576674457667777776
111233311122231112233444233344422556647555644757566677756667775
111111111222234222333422333544443554466365476666577676557777755
122222211211223111144344444435566643555566333557637757763777766
111123314222331442223114422351444435556663566666355777675577777
111111213314421333442553342255534425553442566666266677726777777
111112211113324444332455333246533224657227465777746555576666677
111111211332123332222333422453444445666647566664755576775557777
111233314222231422333142233514666551446655144665574667757777775
111111121221332222223444533344455334644553666655766765576777777
111122233311123311222333224435554446575544667754466675576667777
122334412223441122334512233451113345155544555677766667776666777
122222211233231123333111433566144457664445776645576664557777755
111111111233332222333422223344444556444555667557566777756666777
111111233131124333322433552645552264555226445666644776764777777
111123312222231233333123445512444551647775664777566447556666775
111111234141123444422334522234452523365555336566577666667777777
112222211232331123333142355514436551444665774665574476657777766
123333412353441235344125534412255441226555127666611777767777666
122223314423331442233114423314442551166665176765577676657777555
111222231144223114222331444533144553664555366675536767576677777
122223311233341122334122334411556447155644755666475556667777776
112222211111223114442334434233333445556647555666756667675577777
111112212222231455223145553314555534466673446667344666737777773
111222311123331422233142253314445634474566777456677755567755666
112222314444231444223114422351116335556633557666355777665777776
111222211223441222344133334415344461533666555566755666775777777
111112213312223331222443152543355554436556447665644766667777777
112233312222231111223114553344453364775666475555647777564477666
122222211323221133333144444314456431155646555766657576665777777
111112233411223444112354222235446663546677354666735557673557777
111222211122321113332333344235554445544464555666675667667777777
111111111233342223334552233452223645776664577764455766645577764
111222213111221334125334422533445553364445666647567666757777775
111111211322221333332334443254444425467772556667755666675556777
122222213324421133342155344611533461153746555774675576467777666
122222312222331111113441443354443365477636547666657777765555576
111112211333324113522433356243755624775662447556244755664777766
122222211333321113322113344516344456664445766664577776557777555
111112314555231455523144522314455236447723646772366677236667773
111222311123331122334122334455234445555464576666457766665777777
111222211333321133442133342214444526445555666557566665776777777
111122311144231414423544442355522235552333556673766667776667777
122222213342251344425134444513455551333355166666617766761777777
111111122113332222223442533346555374665537446557744657774666677
122223312222431121143511144355554335654473566447356667776667777
122222213222341333334111113415556345555644757764475766467777666
111222211122231412523441555344455336455733645673364667776667777
122222212112331213333111334355664445556444575646457666675777777
112222231114223331425311142533344556364445666645567667757777775
122344411233341122344111233451522345555234556666675777767777666
122222211122231333333111443315554445564474566677456667775566777
122222211133321133322143355514355551445456744446676666667777777
111122311222331142235144623544662357466635744663574776357777555
111111213222221344442134342233334445536666556666755557675777777
111111111222222223333245533344555534456563446656744666677777777
112222211223324111332441533344153364555766457776645777764557666
111111122211342223334255333425336442555644557664475776667777766
122333311223331222453122445316644551666445166644517677557777775
112223412232341123334122353416635441166554777654477765557776665
112222231222443112544311155433315543666554367665436766547777777
111222211223321144322514333351433665444766555476655747665777776
112222311224431522243156444315664431566643155667355576737777773
111111211322221334442333546235554623544462355746675577767777666
111112231121223312222334444534455553466555344666537776667777776
122222211112221113333144433344445364545536755556675777767776666
122222212324441233444133445416333551653557165557716666771667777
111122311142231444423144442355662235566233556667357766735577777
112222211113324411322443135244333554435555466665766776576677777
112222213323221333332144344511444456116545666655576665757777777
122222212333321333442111344411134445555466557556657776667777766
111222213224221334442113444411354553335555366666566677657777777
111112234141123444122344422233345523635577365557766655776666777
122223312223331233334124444411114441555556556666655677767777776
122333312222231122333111134455144465544666555466657546677777777
