111213223332455545664766477788998899
112231423142334455556777666788998899
122213321133444564556775678867889999
122312231143544355465766778679889998
111122223334344456665567587788978999
111123332443244526556657689788978997
111122234423443355565666777897889998
111213324352435246554677668788879999
111123332443245524556666778877889999
112211324432433546557658769876987998
111122334253425344556777687968896899
112341234123452345556777688766889999
122311234123445345567566788679887999
112312231423445346557665768879987998
111212223344344536556657677789998889
112231123332444456775678567856989998
111123332223445546554666778877889999
111212223334355455446667869788978997
111122234423544356635667577789998889
122312231133444566456755677899789988
123312231423145544567756778699869988
122213321334144455665766577897889998
112211223444354635563576887689778999
122213321334154455645666778879887999
111122332233455546654467886798879997
122211321333455544456778677866889999
122312231133445564576457668788879999
122312231433145544556666777788889999
112311234223445364576657865788879999
111123342344234526656655778877989998
122211123444345535563776776688889999
111212223444356435663556778879987998
111122332243444355667566758879987998
122211231333444455556778697869786998
112213241324335466546655777788898999
122213321433144455565666778978897899
111122332243444355556677667788998899
122213321133455544564666777899789988
111122332334254455546667677789998889
112312231423546354665476577897889998
122213241344134563556775667788998899
122311234123456345664576857789978899
111122223444333455556667869789978897
122212341334135455546677687768889999
122311234123444355556788677869786999
111231223332445545564776776688898999
112211323332445544556777666788898999
122312231133445645564566778978897899
112211323332445544556667687788978999
112213221334534455546677867786998899
111122332233455544456677866789978899
111123332223444566456655778877989998
123412341234123455565666778897789998
111213323322444456675867586758879999
111122223334355455446667869789978897
111231223332444545556777689768996889
111212223334553465446577667899789988
111122234253455344536667689788978997
112213221333444455567566789678997889
112213241324536453645667588799879987
111233124332444255556666777788898999
112212231433444355556677677869889998
111122223344533456645678567899789978
112312231233444456775678567856889999
111122332233445544556667677788898999
111122332433245564756475687768889999
122211123444335436556657687788798999
111122345234523455346677866788978999
111122232333444456665556777788998899
122212331143444355567566789678997889
111122223344344535556777666788998899
112211223444333455567566776879889998
111122232333455544456666778877889999
122212331143544355465776887689768999
111213323322444546656655788877789999
111122234423544355635666778978897899
112231123332456645564756477788998899
111122342334234455556777667896889998
112213221345334566456645778978897899
111122334223455344556778678867986999
112212231443445355536777688768996899
111122332334254455546667677788898999
112212231433443545556677667899789988
111231423442334256665576577899789988
122211231333444456665567857789978899
122213321133455544654667867788798999
122212331133444455556677866788879999
122312231133455544456788677867986999
112211223444335435556667688788779999
122211123444355433556666788877987999
111213324322435544656665777788998899
122213241344133455665567886789978997
111122223334534455546677687768998899
122211231433444355665667588799879987
112231123342354455467566778697889998
112213241324335466546557677788998899
122312331243144455665566777788998899
122211234133444355567566788678997899
112211234423455345536666777897889998
122213321134553456645674867788879999
112211223333444566456655778878897999
122211231333455544564786778678869999
111122223334354455546666778978897899
122211321433444356775678567856989998
123312341234124455565666777789998889
111123442354235423556677667789998889
112231243124335466546655778897789998
111213223324355465546664777788998899
111233124332444256675677567859989988
111233124322435545564666788877789999
112211223334355465546674867987798899
111231223324356455645664778879887999
112312231423544354665566788877987999
122213321334154455645666777788889999
111122232433445345556678677869789998
112212231333444456665556788879987799
111231223324355465546774667788898999
122211321333445546654665789978897789
112212231433445346557665786978897899
111122332243554354465776879687968899
112211223334355465546664788877897999
111233124322435644567756785678889999
111231223332445644567556777688889999
112213321342534455467566777689998889
111231223324355465446577688768879999
111122232333444455556666777788998899
111212223344335455546788677867986999
122211123344534653465776578697889998
111123342334224456665576577788898999
112211323332445546554666777788998899
122314231423144355556777688768896999
122211231453445364536657677788889999
122211231433443545556789678967896789
111123332243254455546666788877897999
122211123334344455556778697869786998
122211123333444455565776776688889999
111122223334344455565666778879887999
122212331453145344567856786678897999
111122232443544355536667677788889999
122312231133444564756775687568998899
111234123442354235556677677869889998
112341234123452345556678677867889999
122211324133455344556778678867986999
122312331243144566457665777588998899
112213241324334455567566776879889998
122211324135443546356675677788898999
122213321433144455565776887688769999
111212223344356435647566758879887999
112211223445334563456675687788798999
122211321433444355565666777788998899
111231423342344255556667886798879997
111122232333444456665678577857989998
123312331224154455546667886788779999
111233123322455544654666777878889999
111212223333455545664776487688798999
111122332334255455646664777788889999
111123442354235423556677689768978899
111213223324344455556667677789998889
112311234423452345556777688768896999
112231123442344535556788678967896799
122212331433145544556788678867996799
111123332243524455467586788678967999
122312231133444456665677558799879988
122312231443144356675667557788898999
122211321333455645664567477788898999
112212231443445355536666778879887999
112211223344344535556677668799879988
122311234123444355556777666788998899
111122223344344535556666788878997799
122211231333444546657765776589998889
111123332223445564556477687768889999
111212223444334535556667688798879997
111234123442354235567756778688869999
111123332234524456645566777788898999
111123332234255455446677668799879988
111123332234255455446667886788779999
111213323322444566456775687588798999
122211321433546354665476577897889998
111212223333455544654666777788998899
112213221333456645564576477788889999
111122334233425546554677667789998889
111123332453245524456667886788979997
122211321433443545556777667869989988
111122334235423546654765876987798899
111234123442345236556665778878897999
111212223344334455665766577788889999
123312231423144455665766577899789988
111122334223444356775667556788898999
122212331334155455446778667869789998
122213321334155465446577689768978899
111122332234553455647764766878889999
122314231423144355665566777788889999
112212231443443356665678577857989998
112312231423444356665776577858889999
111213324432443255565666788877987999
122211123334355465546664788878997799
112231423142354635465566777879889998
111122334235423544556666788878997799
111122332334244456665678557899789978
111122332243444356665567857789978899
111122342334234455556777667868889999
112312231423444355556667886788979997
122211234153445364536657688798879997
112213321332456745674567456788889999
122211231443443355556667867788798999
111123332234244455567586788678967999
122212341334153455645667867788879999
112231123332444546556665778897789998
122212331433144455665667589788978997
112312231233444455565776776689998889
111213223332445546554666778879887999
112211234423543354665566778877989998
112213221333455544456677677868889999
122211321433445345567566776878889999
111122332334254455546666788879987799
122312231443144355665766577899789988
122211123333455545674667486788978999
123312231423144455665786578677889999
111233124332456245664556777879889998
122211324133444355556667687788798999
111122332233455645564466777879989988
111213223342344455565666777897889998
112211323332455546754678467896789998
122211321333445544657665776897889998
122211321433445364556775687968798899
112211223344335455546788677866789999
111122223334534455467566776897889998
112213321332444456665776587958798899
111231223332445564756475667788889999
112312231233444455556666788978897799
122211123344334566457665777588998899
112231123442334455675567866789978899
112231123332455546654466778978897899
111122234233445345556777668768889999
112312231233444545556666778878897999
122211231333444456665556777879989988
111213324332455246574657667788898999
112312231233444455665667577789998889
112213221333455546574667468788879999
122312231433144455565666778897789998
122211321433444355665566778897789998
111233123322444546556657688788979997
122211321333445546554666777788898999
122312231443144356675667587758998899
111234123442334255665766577897889998
112231223144334456665556777788998899
111122223344335455546777667896889998
111122332443244355567566777688898999
111123332345244524556778677869886999
112211223444333455567566788677889999
112212231433444355567756879687968899
112211324432443355556666777879989988
111233124332444256675567856788978999
111231223342344455567756776689998889
112231123332444546556665778897789998
111122332233455645564766477788998899
122311234123455344556667688798879997
111122223444355435663576777688898999
112211223333444455556666777899789988
111233123422344455567856788677869999
122213321433144564556775667788889999
111123332453245524456777688768996899
111213223332455544456777687968996889
122211123444334536556657687788798999
112212231333455544657468796879687998
122211123345344536456665777789998889
122312231443144355678567856788679999
122213421344133456785678567856789999
111122232333455545664466778877889999
122213321345134564456675677789998889
112211234423546354635567886789978997
122213321133456645664557487788798999
122211231433444355665776577688898999
112213321332444545556788677866789999
111122232333444566456655777897889998
111122223344335455546778679867986998
123312231243144564756675677589998889
123312231423144566457665788577889999
111231423342354265476577658769889998
111234123422344535556677667788889999
112213321432443546557658766877989998
112231123442354635465566777879989988
111231223442334456665677557789998889
123312231123455546654466777789998889
122211324133445346556665788879987799
111231423542354235467566789678997889
112231123442334455665566777789998889
123312331245124566456745677897889998
111213323342554255446677668799879988
122312231133445645564756778697889998
111122232433445345567756778699869988
111122223334536456645674587788879999
122211123344533455546777678866889999
111231223332455544456777667896889998
111122332443244355556678677867989998
111122234253445345536677667899789988
112213241324335455546677667899789988
122312231133455544567466777688998899
111233124332455244556678677867889999
111233124332455245564666777788898999
122211123333444546556665778978897899
111122332435243544656665788878997799
111231223332445564456675867788879999
112312231233444545556777666788998899
122314231423145364556665777788998899
112231123342534455465766876987798899
122211123445344536553677667788998899
122212331334144456665556788877897999
123312231123444567456775687568889999
111122223334344456665677589758978899
122211231333455544654666788879987799
112212231443445355536678677867989998
111213323322455544456666788978897799
112231223145334567456745678867889999
112211223334536455647564776879989988
122211123334536455647564776878889999
122211324133455345564766778697889998
123312331245124564456665777789998889
112311234423452345556666777878889999
111122232443554356435677867786998899
111123332234244456665786578857789999
111123332243244564556665778879887999
112211223455345534463666789978897789
112312231233455645564776477688898999
112311234223455344556788678867796999
122312231133445564456665788978897799
111122223333455544456666778879987998
112312231423444355556778677866989998
111231223332445545564666777899789988
111123342334225465546577667899789988
111213423342344255556777666788998899
111122345234523455346788678867796999
112211323332455544654667886789778999
122212341334135455546667677788998899
111212223345344536456665788877987999
112211223344335466546655788879987799
111122232433445345556677866788879999
112211223344533456745677566788889999
112231423142344535556667689788978997
122212331133444546556657867788879999
112231243124335466546557688798879997
122211123333444455556778697869786998
111231223332455645664567487788798999
123312231123455544456677667788898999
111122223333444566456655778879887999
122212331143444355667568756877889999
112211223444355433556778679867986998
122312231143554355446677667788898999
112211324432443355565766778678889999
111231223342354455465666777878889999
122312231133455544567466786978897899
122312431243154355465766776879889998
111231223332444455567586778678869999
111213323322455644567456778679889998
111122234233444355565666777789998889
111122332334244455665667588798879997
111233123422344456775667586758889999
112311234523452345664566777897889998
111123342334255426546657677788998899
122211231333445564556478667897789998
111122223334355455446667688798879997
112213221333455546754677467896889998
122213321133445544556777666788889999
122211324133443545556777678968896899
122211231333444564556665777899789988
122311234123455346574657867786998899
111231223332455644564756778697889998
111231223332444545556789678967896789
111213324332455245564776887689768999
112213241324334456665576857788798999
122211231443445355536677677869989988
122211234153455346534667867788879999
111122234423455345536677667788998899
122211123334344455667568756877889999
112312231243444355556778677869886999
111122332443254355465766877687998899
111231223324354465746578657869789998
112231243124354435556667869788978997
111123332453245624567456778697889998
112231123442334455667566758877989998
112213221333455545664766478897789998
122211321333445645564576877687998899
111122332334254455546666777788889999
111123442334253425665567896789978897
111122223333445546574657667789998889
122211231433443564556758677867989998
112211324432433545556666777788898999
111212223455345534463766776878889999
122212331133455544657468766879887999
111212223345344536456665777879989988
112213221334534456645766577899789988
112212231443554356435667886788779999
112213321332444546556675677789998889
111212223344356435645567886788979997
111122232333444456665677558799879988
111122223444335435556677677868889999
112211324432453345556777689768996889
111122232333455544654766776879989988
111233124332444255565766776897889998
112312231233455544456666778877889999
112211223333456645664557477788889999
111123332344244525556666778877889999
122312331243144455567756776688898999
122211231433445364556665777879989988
122211231433444355565776776688998899
112211323332444455665766577789998889
111123442345234523556777668769889998
112211234423443355556666778877989998
122211231333455546654466789978897789
112211324332443546557658768876897999
111234123442334256675677567859989988
123312341234124455556777666788898999
122211234133445364576557667789998889
112312231423444355556777688769886999
111122332443245364556675677897889998
122212331443144355556778677869986998
122211123345344534556778667869789998
123312331244125455546667687788798999
111122223344334566457665778579889998
122211123444345533556678667899789978
111122232333455545664667477789998889
112311234223444356675667557788889999
112213221345634563456745678877989998
111231223324534455546777688766889999
112213421342534653465576777689998889
112212231333444546556665788877987999
112213421342534653465766577897889998
122211231433443545556677867986798899
111122234423445366537655768879887999
112213321432443546657765786578998899
122213321334154465546577677869889998
112213221334534456645566778879987998
122312231443144355665776577689998889
122311234123445346556665777899789988
111212223333444546556657869789978897
111213224332435544556677869786978899
111122232333455545664667477789998889
112213321332455544456666788879987799
112211223445334536457665768879987998
122211234133445345556667677789998889
112212231433445345556666778878897999
111122332433244455665768576877989998
111212223333444546556657689788978997
122213321344135466546557687788978999
122213321133456645564456789978897789
122212331453145344556666777788998899
111213223324534455467566786978897899
111233124322435544567756879687968899
112211234423544355536788677866789999
122211123333444455665566777788889999
123312231123455544456677689768978899
111123332234526456645564778879987998
112311234423442356675677567859989988
111213323322444546657665777588898999
122311231423445345567856786678997899
122311231423445345567756776688889999
112213221333444546657765776589998889
112341234123442355565666778878897999
122213321334144455665776578697889998
122213241344133456775667568759889998
111122223445334563456675867789978899
111122332233445545564766777688889999
111212223444335435567756879687968899
112213321332444456665556778978897899
112213221334553465746574687768998899
122213321133444456775667568758889999
111122234423443355665766577899789988
111122345234523455346667886789978997
122212331134553455446678697869789978
111122223444335463556675677789998889
111122234523453345564666788877987999
111213324432443255567756776689998889
111212223333444455667586758677889999
111123452345234523456677667788898999
122213321433144455556667688799879987
111213223324355455446666788877987999
122213321435143544556777667869889998
111212223344344535556666788877789999
111123332223445564576457687768998899
111212223333445544567756876687998899
111123332345244526456665777899789988
112211223444333456665677557788898999
111122232433443545556777666788898999
111123342344235426556657677788898999
122312231433145544556667688798879997
122212331334144455556666788877897999
122312431243144356775667568759889998
111231223425344534556777667869889998
111212223333444456775678567856889999
112212231443544355536666778978897899
111122332443244355667568756879887999
111212223334354455645667869788978997
112213221333455645564466777879989988
111231223332444564556775678867989998
111122223444335435556677687768998899
111234123422344535556678677867989998
111233123342444255665667588788779999
111233123322455645564776477689998889
112212231333455546654467886798879997
122211123344354435567756786678998899
122314231423145364556657687788978999
111122223333455544456667688799879987
122212331443154355465666778978897899
122211321333445545564666778877889999
112213241324334456665678557897789998
112231123442345534567856788678967999
112312231233455544456666778878897999
112211223445364536453665778978897899
112312231243444355567756788678869999
111123442334253425556677677869889998
112231423142334455556667867788978999
111122234233445364556665788877897999
111122332334254455546666777788998899
122211123333445644567756785678889999
111231223324355465746574667788889999
111122223444354635663556789978897789
122311234123444356665556777789998889
112213421342534453665576887688779999
111122232333445546554666788877789999
122211234153445345536778677869986998
112231123332444566457655768978897899
112231423142334455567756776688889999
122212331133455544654666778978897899
112312231423444355675667568799879988
111122223444335435567566776879889998
111212223444333455556778678867986999
112231123332445564756475687968798899
111213223342344564556675867788978999
111122223334553456445666778978897899
111122234233445364576857685768879999
122213321334154455546666778897789998
111233123422344455565766778697889998
112211223344355436546657689788978997
122311234123445345556667677789998889
122211234133456345664556788877789999
111212223333445564456675867987798899
111123332345224566456745677788889999
122213321133445544556677866789978899
112212231443544355635666777879889998
111122332443254365476587658768879999
111212223444335463556657677788898999
112212231433445345556666777899789988
112211223445345534563766876987798899
112213321332445645564576777688889999
112231243124334455556667886788779999
122212331334144456665556778897789998
112211223334355465446577677869889998
111212223444334536656655778878897999
122213321433145544556666788878997799
111123332345244524556677689768978899
111212223334355455446666788877897999
122211321334534455465666788877789999
123312231123444455565776879687968899
123312231123444455565666778879987998
112211223334354465746578657869789998
111233123342444255665566788878997799
122212331334154455546667869789978897
122212331134553456445677867786998899
111122232333444546556657869788978997
111212223333455545674667468799879988
122212331433144456675567586788978999
112213221333445544556788678867996799
122211123444333455565776887689768999
111123332344244526657665789578997889
112312231423445364556657867789978899
111122223344354435556666777788889999
111122223333445544657665786978897899
111123442334223455665776577688998899
111122223344354435667556789678997889
111213223324355455446777688768996899
111231223324354455647566776878889999
111212223444345635563566777788998899
112312231233444566456655777878889999
111122234423544355536677689768978899
123312431243124455567566789678997889
122211231433444356665677557899789988
122211123445334563456675687788978999
111233124322435544556667677788889999
122312331234144455556677866789978899
112211323332444456665556778878897999
112312231233455645564466777788898999
112212231433443564556775687768998899
112211223333444566456785678577889999
112212231433543654665476577899789988
112311234223445346576657685788879999
112231423142334455556777668796889998
122211231333444545556666788877789999
122211231333444455665567886788779999
111213223332445546654665778897789998
112212231443445365536758677867989998
111122223344533455546667677788889999
112213221333444545556777666788889999
112231123342354455645766776879889998
122314231423145364556675867987798899
122211321433445346556665777789998889
122211324133455345664567896789978897
122312231133455645564766477789998889
112231123332444456665567859789978897
111231423342534255467566786978997889
122211123345344536456675677789998889
112211223333455645664576477789998889
111213223342534455465776776688898999
111122332334244455665567896789978897
123312231123444456775678567856989998
122213421344133456665576857788978999
122312231133455544654666778897789998
111122332443244355667556778697889998
112213221344335465546577667788889999
112211223444345533656665778879887999
111231423342344255567856788677869999
111213423342344255556677687768889999
122211123444345533556667867788879999
123312231123444546556665777879989988
123312231423145544657765776688898999
112231423142334455556677688768879999
111123442334235425567856788678967999
112211324432443566356755677789998889
111212223444345533556777688766889999
111213223332444455665566777879989988
112312231423444355675567866788879999
122312231443145364576557689768978899
112312231233444567456755678867889999
111233123342554255446788677866789999
111123332344244526656655788877987999
112231123342534455546677668788879999
112231423142334455556667869788978997
123312231243154455645667886788779999
111123332223455546654667487788879999
111122334233425544556678677869789998
112212231333455546654466778877989998
122311234123444356665556788878997799
112211324432443355567566777688898999
123312231423145544556678667899789978
111212223344335465546657869789978897
112212231333445544556788678967896799
112211234523455345634666777879889998
122213421344133456665776587758889999
111123332223444566456755677789998889
111123332234244455678567856789678999
122211231433444355565666788878997799
111123332443254425556678677867889999
111233124352435244556777688768896999
111122223455344536453666788877987999
111123332234524455546666788879987799
122211321333445564556478677869789998
112211223444335436557685768876897999
111122223444355433567756876687998899
111122234233445345556666778877889999
112211223334355466547654768877989998
112231223144354435667586758677889999
112211223334534456645567886788979997
111123342334255425546667896789978897
111122332334255455646664778879887999
122212331443145364556665788877897999
122211231443443356775667568759889998
111212223344334455565776778699869988
112211323332444564556657867789978899
112231123342534456645678567899789978
122211231333455546654667477788898999
112311234523452345664566788878997799
123312231243154455546677668799879988
111123342334254425556778679867986998
112312231423444355565666777788889999
112231423142334455556788679867986799
112211234523455345634766778678889999
111231223332455545664776487688798999
111122334223444355556667886788979997
111123342334224455556667869789978897
111212223333445644567556788679887999
111213223324534456645667588788979997
111122232443443355665566777879989988
122211324133444355556666777899789988
111213223332444455675867586788679999
123312331224154465746577658769889998
111213224352435543654666777879889998
112213221333455544654667867789978899
111212223344334455567756789678968899
111123332234255466546654777788898999
112213321332455546574667486788879999
111231223342344455667566758878897999
112211323332445544657765786678998899
111212223334355465546664789978897789
111231223442354635465566777788998899
122211234133444355567756877688968999
111122223455345634563466778878897999
112213321332445546554677667788889999
112211223445334536457665768878897999
112211223334354455647568776879689998
122211324133455344556777666788898999
112211223345344536457665768877889999
112314231423542354665667588798879997
112211323332444455665566788978897799
112312231233455544654766778678889999
122212331334154455647568766879987998
111122332433244455565766778678889999
111122223334553465746574687768889999
122211123334354465546657677788889999
111231223332445544567856789678967899
111123442344235523567756877689968899
111122234423544355635666778978897899
112211324432443355565776776689998889
122211123334344455565766776879889998
122211123334354455546666778877989998
122211123344355436546657867788879999
111234123442334255556777667896889998
111123342344235425556666788879987799
112211234523453345564766777688898999
111123332234526456645764577789998889
123312231243144455667556777688998899
112312231243554354465776876687998899
122311231423445345556777688768896999
112212231333444455565666778978897899
111122332233455645564466778878897999
111233123422344456665556778878897999
112312231423544355465776877688869999
111123332344224455565776879687968899
111231223342354455546667688788779999
112312231423444356665567587788798999
112212231433444355556777668769889998
111233123322444545556677867786998899
122211123344334456675567586788879999
111122234253455345634666778878897999
122211324133443564556675677789998889
122213321345134567456745677869989988
122211321433443546557658766879887999
123312331244125455546667677788998899
112211323332444455665567886789978997
122213241334134455665566788878997799
111122232433443564556758678867789999
111212223334355466546654788879987799
122212341334135455546778678867986999
112213321342534654465776587688798999
112212231443443356775677568856989998
112212231433444356775667556789998889
112211223445344533556667869788978997
111122234233445364576557667788998899
111213323322444455556777687968996889
112213221333455545674667468799879988
122211123344354435665566778877889999
111213324332456245664567857788978999
112212231333445544556778677866989998
111213223324354465546577687768889999
112211223334563456645564777788998899
122312231443144356675667557789998889
111123332223455544654667867788978999
111122223344334455567566788678997899
112212231443546354635566777789998889
111122334233425545564766776897889998
112213221334534455546667869789978897
122211231443445365536657688788779999
111212223445345534653766776879989988
111122223444333456665678597859789978
112311234223445345567566776879989988
112213321332444456665576857789978899
111123332345244524556677687768998899
112211324432443355675567866789978899
122312231133445544556788678867996799
112211223333455544657466778679889998
122211123444334536556657867789978899
122213321134553456645664777878889999
122211123444333456665567577788889999
122213321344134456665556777879889998
122211231333445645564566777899789988
111122223455345634563476777688998899
111122332233444564556675677899789988
112211234423453345556677687768998899
111231223342354455465766776879989988
111231223324534455546667687788978999
111122342234533455546666777878889999
112311234223444356665677557788889999
122212331334155455647664768879987998
111231423342344255665667577789998889
111122234233455346554666777788889999
122312231433145544556667886788779999
122312231433144566457665788577889999
112231423142334455567756778699869988
111123332453245524567466776879889998
111122234423453345667556788678997899
111212223334355455647864786978697899
122211324133455345564666788879987799
111212223444333456665768578857789999
122211324135433544556777688768896999
122211123455345634563466777878889999
111122223333445674567456775689998889
111231223324536455645664777879889998
112211223333444456775677568856989998
112211324332435645564576887689778999
111122234423443355665566788878997799
111231223442354435556667886798879997
122211231433445364556675677789998889
122213321344134455565666777897889998
112231223145334564456775687768889999
111123342334254425556666778879987998
111213223342354465746578657869789998
112213221334536456645674577788889999
122211234133443545556667896789978897
111122223444335435556778697869786998
112211234423443355665576887689778999
112213321332444564556665788877789999
111122223444333455665576777689998889
111213223342354655467546788678997899
111123342334225467546755678867989998
122211123333445546654665777788898999
111122345234523455346667687788798999
111213324432443255665776577688898999
111123332223455546654677467899789988
111123332223455645664567488788979997
111122223445345534563666789978897789
112212231433444356675667558799879988
111231223452345534456667688798879997
111123332223444564556675687788978999
112231123332455644564756777688889999
123312231123445564556478667897789998
111122332243444355565786778678869999
111212223333445544556777666789998889
111122223444333455567856789678967899
111122223344533455546667867788798999
122211123333444455665566788879987799
111123332345264526457645768978897899
112341234123452345556667869789978897
122211123334344455565766776878889999
111213223332455645564766477897889998
111123332234244455565766777688998899
112211223334354465476587658768879999
112231123442344535556777667869889998
111123342234253455546778697869786998
122211321334534455465766777688998899
122211231333455544456788677867986999
122211231333444564556657687788798999
111122232433445364576657685788978999
112312231233455544456677677868889999
112213221334553455647664776897889998
111212223445345534563766877687998899
111122332233444455556667886789778999
122211123334534455465776887688769999
111123342534253425546678967896789978
122213321334154455546667677788998899
111212223333444566456655778978897899
111212223344335455546667677789998889
111213323322444455556678667899789978
111212223445334563456775667788898999
112231123332445564556477687768889999
111122223334534455546667688788779999
123312331244124456675667557788889999
111122332435243544556677867786998899
111213223342344455665566788877789999
122211123333444455556667869789978897
112211223333444545556667677788998899
112211223333455544657466777689998889
111122342234553465346577687768889999
111231423442354235556666777788998899
111123442344235523556788677869786999
112211324432453345567756877688869999
111212223444345533556666788978897799
112211324432453345567856788677869999
112211223344344536556665778879987998
111122232433445345556788677866789999
112231123332455546654466778897789998
122212331433144456665678577859789998
111122332433244455675867586788679999
111122334223444355556778697869786998
112212231433443545556667886798879997
112211223445344536553677866789978899
122211123455344533456666788879987799
122211324133444355665566778879987998
112211234423456345637566758879987998
112211324432433546556665777789998889
122211324133444355675867586788679999
122312431243144355665768576877989998
111212223344355435546778678867896999
111231423342344256665556777879989988
111122223444345533656665788978897799
111122342234533456645677567899789988
122211123455345534663467886789778999
112211234423546354635768576877889999
111123332234244455556777687968996889
111212223333444455567566777689998889
111213323342444255665566788878997799
112213421342334455556677866788879999
122312231433145544556778678867986999
123312331244124455565776776688998899
111231223442354435556677688768879999
111123442334235426576657685788879999
112211223333455544654766776879889998
111213324432443255665566788878997799
122211123344335466546557687788798999
122314231423144355667566758878897999
112213221344334566457655768879887999
112213221333444455665566788978897799
112212231333444546556675677788998899
123312331245124566456645778879987998
123312231123445546574657668788879999
112211223345344536456665777878889999
122213321344134455675667586788978999
122211321333444455665566778879887999
111122334223444355556667886788979997
123312231243144455565666778879987998
111213323322445545564766777688898999
112312231423544355467586788677869999
122312231133444545556667886788979997
111212223344334456665677557788898999
112213221333455645564766477899789988
123312331244124455565666777788889999
111122334223444355565666777879889998
122211231333445564456665777788898999
111231223442345534656665788878997799
112231123332444455556667886798879997
122211123344534453665776587688798999
111231423442345236556665778877889999
122211123444335435567756776688998899
111213223324534455647566778678889999
123312231243154465546758678867789999
111122234233455344556666777879889998
111122345234523455346667677788898999
111231223332455544657466777688889999
122211231433443545556788678867796999
122213321133445544556788678967896799
112211324332443546556657688799879987
111122223344335455546677687968798899
122312231443154355465776879687968899
112231223144334456665678577857889999
111123332344244525556778678867896999
112212231333455544456677667899789988
112213321432543654765476577688889999
111123332234244455665786578677889999
112213321432443546556657689788978997
112211323332444545556666777878889999
122311234123445364556775678867889999
122211123334344455675567866789978899
111233124332455246554666777879889998
111122223445334536456665788978897799
111213324322435546554667867788879999
122212341134533455546677667788898999
112213221344335466546755677899789988
111123332345244524556667886788979997
112212231443443355567756778688869999
112231123442334455556677687968798899
111231223324344455565666777788998899
111122223334354465546577677868889999
123312331244124455665566777788889999
111122232333445545564766777688998899
111122223334534456645566788879987799
112211323332444456775677566859889998
111233123322445545564666778877989998
112213421342334455665768576877989998
112213221333445546554666788877987999
123312231123445564576457667788898999
111122234423546354635667577788998899
111123332234244455556777667869889998
111122234233444355675567866789978899
111233123442345264556657677788898999
111123332243244566456655788877897999
122211321333444456775667586758998899
111212223333455544564776778688869999
122211123334534455467566777689998889
112312231233445546654765776878889999
112213221344533455546667886789978997
111123342334254425556788677866789999
111123332344255425546677677869989988
112231423142344535556667896789978897
122314231423144355667568756879987998
111233123322444455565666777897889998
111231223324354455645666778978897899
112231123332444546557665768877889999
111231223442344536656655777899789988
111233123342444256665776557788889999
111213223332455544564776879687968899
122312231133455544456666778879987998
122211123445344533556777666788998899
122312331243154465746577658769889998
111123332443224566456675777589998889
111231223342534456645768576897789998
111231223342354465476577657868889999
112211324432543654365576777689998889
122211123344344536556665778978897899
112213321332455544456778679867986998
112231123452345534456777667869889998
112213321332445545564766776879989988
122211123445344533556666788877897999
123312231423145564756475687768889999
122312431243144355665766577788889999
122213421344133456665556777879989988
112211223344355435546788679867986799
122312431243154365476577657869889998
112211223344534453665576887689778999
111122232333445564556477667789998889
112211223333444456665768577859789998
112213221333445546654665778897789998
123312231123444456775667568758889999
122212331133444455667556788679887999
122211231333444566457665788578997899
111122332443244356775667586758998899
111122232443554355436678677867889999
122212341334134456665556778978897899
111212223444345536653665778879987998
111213223342534455467566777688889999
122211231443445355536777667869889998
111122223344354435556677677868889999
112211223344334455556778667896789998
112213221333455645664567477789998889
