111212223344534653465576887688779999
111231223342534455546778679867986998
122213321433144456775667556789998889
111213223324355455446667886788979997
111122223334344455665566778978897899
112312231233456645564756477897889998
111231223442334455565666788978897799
112231223145344536456665777789998889
123312231423145564576457667788998899
122213321133444455565776776689998889
122311231423444356665776587758998899
112212231433443545556667869788978997
111122232433544355465666788877789999
111122334223444356665567857788879999
111122223334344455665566788878997799
112213221334534455645667867788798999
111123332234244456675667557789998889
111233124352435244556667886798879997
111213223342354455546777678869886999
111233123422344456675667557788889999
111213324352435244556778667896789998
111213323322455544456777687968896899
111213324332456245664576857788798999
122211123344533455546778677866989998
111122223333456645564456777788889999
122212331133445546654665788978897799
122211123445364536453665777878889999
122211123444354635663556777788898999
111213223332444455665667588798879997
112213321432543654465566777897889998
111123332443244525556677866789978899
111122223334344455665576877687998899
122212341334135465546577687768998899
111122223344536453645766577899789988
111123342334254425567756786678889999
112311234523452345674567886789678999
122312231133445546574657667788898999
111123332344255425546677866788879999
111123332223445546574657869786978899
122211123344334455565776776688998899
122211123444335435556777668796889998
122212331133455545674467866788978999
122212331143444355665567886788979997
122212331134563456445667588799879987
111122232333455546654466788878997799
111213224325435543564766777689998889
111123332234255455446677869786978899
112211323332444455556666777788998899
111123442344233526556665788877897999
123312231123445544556678667897789998
111213223332445544656665778879887999
122212331433144455556667687788978999
122211231443445355536667687788978999
122212331334155466546654777879889998
122212331453145344556678967896789978
122211123334355465746574667788898999
111122223333444456775667556788898999
111123332443224456665677557788998899
122211321333455544456667688788979997
111212223344533455647568766877889999
111231423442334255665667577788898999
122211321333445546654765776878889999
123312231123455644564756777689998889
122311234123456345664567857788978999
112211223333445544657765786978698899
111123342334224456665677589758978899
122212331134563456645674577788998899
111122223445345534563766777688998899
112213321332445544556788678867796999
111122334253425344567756877689968899
122312231133445546654665777879989988
111122232443443355667556777688889999
122211231443443355556777687968896899
122211123333444455665766577897889998
122212331334144456665677577858889999
112312231243444355556777687968896899
111123332234255455446777667869889998
111231223342354455645766776879889998
123312231123455645564776477688898999
122312231433144455565766876987798899
122211321333444455567566778678889999
111123332344224566456675877588798999
111231223324536456645674587788798999
122212331433144566456675777588898999
111212223344335455546667677789998889
111123332223444455667556778697889998
111212223334344455667556778697889998
111122342334235455546667688799879987
112211323332455545664776477688998899
122213321433145564556477667788898999
122211321333455645764576477688998899
111231423442354235556666778878897999
111123332243244564556675677788998899
112211324432433545556667886798879997
112211223334355455446667869788978997
111212223444345535563776776688889999
112212231443554355436777678968896899
122213241344135463556657677789998889
111123332234524455546677668799879988
111231223324356455645664778879987998
122314231423144355675667567788998899
111213324332444255665667587788798999
112231123342344564556657687788798999
112211324432443355556677667899789988
111122334223445346556665777897889998
111213323342444256665567588788779999
112231123442354435556667867789978899
112213221333445645564756777688998899
111122223345344534556777668796889998
122211123333445545564666788877789999
112211223444333455556777668796889998
111213223332445545564766777689998889
111213324352435244556678677867989998
112231223145344534556678667899789978
111212223333444546656655778879887999
122213321133455544456777666788898999
122213241344133455556677687768889999
112231123342534654465566789978897789
111213324332455244556777688768996899
122211123334344455665566777788889999
112312231233444545556666778978897899
111122332243564356475647567788998899
122311234123444355665766578897789998
122211231333445546574657667788889999
111231223324534455645666788879987799
111234123422345534556666777879989988
112211324432453345556667677789998889
112211324332453645664556777788898999
111123332443244526557665768879987998
122211123333445544657765766878889999
111123342234523455645666788978897799
122311234123444356665567857788798999
122213321133444456775667556788898999
123312231423145544556677689768978899
111233123322445645564576877688798999
122211123333444455665566788978897799
122212331433145564456775678867989998
112213221334534456645768576877989998
122211321333455544456666777897889998
122211321333455645564466778879987998
112211323332455544456777678968896899
122211123333444455556667688799879987
111123442334235426557665768877889999
112211234423445366536557687788879999
111233123342554254465666778978897899
111213323342544255467566776897889998
112213321332444564556665777788998899
122213321133455545664466788877897999
112212231333444564756775678569889998
112211223333444545556777667869989988
112212231333445546554667886789778999
111122232433445345556667687788798999
111123332223455544456677668788879999
111123332234244455565666778878897999
111212223344334456775677568856989998
122212331443144355567756788678869999
112312231423445345556666778879987998
112212231333445544556677687768889999
111122234423544355536666788879987799
122213421344134563556758678867789999
111123332344224455667556777688889999
112213221344334455556667687788879999
122211123444345533556778679867986998
112211223444335463556657869788978997
111233123342444255565666788879987799
122211123333455544654766777688898999
111213224332435544657765786678889999
111122332233444455556677667788889999
112312231233444566457665777589998889
112231123332455544456788677866789999
111213324332445246556665777788898999
122211231443443355665766578877989998
112211223444354635563576887687798999
111213223324534455546667867788798999
111123332234254455546678677867989998
111213223332455544564776877688968999
111122332243444356675667557789998889
122212331143444355556777667868889999
111122342334253455645666788877987999
112211324332453645564566788879987799
111122223445334536456665777789998889
122312331234155455446677677868889999
112231123342534456645566778877889999
122211324133453645564566788878997799
122212341334153455546678697869789978
111123342354235425546778679867986998
111122232433443564556775677869889998
122213421344133455556677688768879999
122211123344334455565666777788898999
122211123334344455556677667788889999
122213321134553455446788678867796999
111123332243254455546667886788779999
111122223334344455675667586788879999
122212331143444355565666777879989988
111231223332444545556666777789998889
112211234423443356665678577859789998
111212223444333455567756776688898999
111233123322444545556678667899789978
111122223444335463556657867788798999
111122223445346534653665778978897899
122213321433144456675667588758879999
122312231433144564756675677588998899
111123332234254465546657688788779999
112211223333455544564776776689998889
111122223334536455645664788877987999
111234123442354235665576777689998889
111233123322444456665567587788798999
111122332233445544556777689768996889
111212223444335463556775667899789988
122312231143554365476547668799879988
122211231433443546556657687788978999
111122342334235455546788677869786999
111213323322444455556777687968996889
122314231423144355565776778688869999
111233123322445544567756788678869999
111231223342534655467546788677889999
111213223342344456665567588788779999
123312431243124456675667557788998899
122211321433444355556677667899789988
123312331244124455567586788678967999
122213321133444455567566777688898999
111122232443445365536657688798879997
111122223333445546754675867986798899
122211123334553456445666778879987998
111123342334254425665567886798879997
122213321334154455546666778879887999
111122332453245364576457687768889999
111123332243254455546666777878889999
111233123322444456665677557788889999
111231223425345534657466789678997889
112312231233444564556665778878897999
111122223334355465546664778877889999
112213221344335455546667869789978897
122312331234155455647664768877989998
111213223332444546556675867987798899
112231123442344536657655768879887999
122213321133455545664466777788889999
111212223334344455665566777788898999
111234123422344536656655788978897799
122213321133455544564766777688898999
112211234423445355536788678867796999
111212223345344534657665768879987998
123312231123444455667586758679887999
122213321134553455446778697869786998
122211231443554365436577667788998899
111122234233445345556777667869989988
112231123342344455567566786978897899
111122232333455644564756777689998889
122211231433445345567586778678869999
123312231123444455556677866789978899
122211321334553455446777666789998889
111231223425345534456667886788779999
111212223333444546657765776588889999
111122232333444566456655778877889999
111122232333444455565666777897889998
111122232433444355678567856788679999
111213223342354465476587658768879999
112211223334344455565666778897789998
111123332223445645564576877688798999
112312231233444456665567587788798999
122211123334553455446667886798879997
111122234523453345664566778978897899
122213321345134564456665778878897999
123312331224154455546677867986798899
122211231333455544654666788877897999
112311234423542354665576887689778999
111213223342344455667566758877989998
112213421342334455667586758678897999
112212231433445345556667886789778999
111213223332444566457665777588889999
112213221333456745674567456788998899
111122223344344536557665786978897899
112231423142354435556777688766889999
111212223334553455446777688769886999
123312331224144456665556777897889998
122213321133455544654766777688998899
111213223324354455546677867786998899
112231423142334455556777688768896999
112211223334344455565776778699869988
111123332443244526556665788879987799
122212331133445546554667886789978997
112211223333444545556677867986798899
111212223333455645564476887689778999
111123332223445644567556789678997889
122212331133444545556777678868896999
112311234423542354665667577788898999
122211123444334535556677689768978899
111233123342554256445677667788898999
112211223334344455556666777879889998
111123332344255425546777667869989988
111122234523456345634567886789778999
111123332243254455647566777688898999
112231123342354465746577658768889999
122312331234154465546657869789978897
122212331143544354675867586788679999
112211223444355436553677667789998889
111123442334223455556667688798879997
122211123333444455665567896789978897
111122332443244355667568756877989998
111122223444334535556777667869889998
122211321333455546754677468796889998
111123332443224455567856786678897999
122312231143554355446678667899789978
122211123345344536457665786978897899
112231123342534456475667568788879999
112231123342534455645666777899789988
111123332243244455567566777688889999
112231123342354655467546778678889999
122211123334553456645664777897889998
112211223344534653465566778897789998
111122223455344533456677687768998899
111213224332453645564576777688898999
112213321332444567456755677868889999
111123342334224456665576577897889998
112231123332444455665576777688889999
122213241344133456675677568759889998
111233123322444545556667677788889999
112212231433445364556657677788898999
111212223444355433556677867986798899
111231423342344255665776577688998899
111213224332435544556667869788978997
122312231143564356445677567789998889
111123332223445546654765876987798899
112211324432433545556667687788978999
112211223444334536557665768978897899
111234123422344536656675887588779999
111122332334244455556677687768889999
122213321433144455667566758878897999
112212231453445345536667869788978997
112211223333445544567856788677869999
111122234523453345564666777879889998
111231423342344255556777668796889998
111123332243244455665667577789998889
111233124352435246554667886789778999
112213421342334455556789678967896789
111213323342554256445666778877989998
112211223344354435567756786678998899
112213221333444545556677668799879988
111213223324534455546667886789978997
111122223445364536453665778878897999
111123442334223455665566778978897899
111213323342444255665566788879987799
111233124332455246574657869786978899
111122223333444455556667886798879997
122211234133444355565766776897889998
111212223344355435546777666788898999
112231223144344536557658766877989998
111122332233444456665576577788889999
123312431243124455556788678967896799
123312331224154455647568766879887999
112231123332444456665677557789998889
111123342344235425556666789978897789
111123332223455645564766478877989998
111122334223444356665567859789978897
122213321134563456645674577788898999
111213224332443546656655778879887999
111213324332445264556675687788879999
111213223324344455665766577789998889
111122334223445364556665777879989988
122211321333444455565666777878889999
122213321134553455647764876987698899
111212223333444456675667558799879988
122211231333455544564666778877989998
122312231453145344556677677869989988
111122234253455346534666778879987998
122312331243144455665576777688898999
111122223445344533556667867788879999
122212331133455544456778678867986999
112231123332455544564776887688769999
111231223442345534656665778897789998
111123332443244525556678697869789978
111213224332435544567856788678967999
112213221333445564556478677869789998
111122332233444455556777667869989988
112211223334534455546666778978897899
111233124332455245564766877687998899
122212331134553455647764776899689988
122212331433144455556777687968896899
112213221344533455645667886789778999
122211123344334455567756876687998899
111122223334355455646664778897789998
111122342234533456645768576877989998
111122232333445545564776776688998899
112231123332444546556665777879989988
122213321433145544556678677869789998
112231223145334564456775677869889998
111212223333444566456655789978897789
111123332435245524456677687968798899
112213221345634563456645788978897799
111213223324354455546667688788779999
111213223342354455546666778877989998
112312231233444455556777678869986998
112213321342534654465566777788998899
111213224332435544556667687788879999
122312331243154455465666789978897789
112231123442345534556666777788998899
122211321433443564556665778877889999
122211324133445345556677677869889998
122211123334354455465666789978897789
111123332223444546556665777878889999
122213421344134563756675687588798999
111212223334534455647566776878889999
111212223444335436556665777897889998
123312331224144455665667589788978997
112211223333455544456677688768879999
112231123342344564556665789978897789
111213223332456645564756477899789988
112211223334355455446677689768978899
112231123442344535556677677868889999
123312231123445564456665777878889999
111122223344334455565766776879889998
111122334223455344556666778879887999
112231123342344564556657677789998889
111122234423453345556667886788779999
112211223455346534653466777788889999
122312231433144455565666777878889999
112211223334534455645766778697889998
112212231433544354665566777788889999
122213321133455546654766478877889999
111123442334223455556667677788998899
111122332233444455567586788679867999
122312331243144455556667886788779999
122213321433145544567756776688898999
122211321333455546654466788879987799
111212223344334567456775667588998899
111122234423455345536666777879989988
112212231433445345556666777788998899
111212223333455645564476887687798999
112211223455345534463766877687998899
111122342334235455546666777879989988
112212231433444355556777688768896999
122312331234155466547654768879987998
122213321334155455647664786978997889
112314231423442355567756776688998899
122211123334355466546654777788898999
112211323332445544656665777878889999
123312231123445546654765776879889998
111122234233443546657765776588889999
112213221333445544556667688788779999
112213321432443546556675677899789988
112231123342534455467566786978997889
111213223332444455665768576897789998
112211234523453345674567886789678999
122211123333455645764576477688998899
111122332435243544556666778978897899
111122223444355435663566788877897999
111212223344344536556657689788978997
112213221344533455645766778679889998
112211223444345533556677867986798899
111231223442334455556667886789778999
122312231143554355446778677866889999
112211223333444455556666788877897999
111212223333455645764576477688889999
111231223332444455556667867789978899
111234123442345236557658766877889999
122312231133444566456655788877897999
112213221333444455665566777788889999
112231123442334456665776587758998899
112312231243554356445666778978897899
111212223444335463576657865788978999
122312331243144455667556777689998889
111123332345244524656665788877987999
111234123442354235556667886798879997
112211323332444546556665788978897799
123312331244124566456655777789998889
111213324332445246556675687788879999
111233124322435544556677667789998889
111212223444334535556677687768889999
111213324332444255556667886788979997
111122332443245364576557668788879999
111213323322444455567566776878889999
123312231123455544456667689788978997
112312231233444545556678697869789978
112211234423544356635768576897789998
111122223333444564556675867788879999
111122223345344534656665789978897789
111213223324344455665566788877897999
122312331243144564556657688788779999
111122332435243564456665788877789999
112231123332455644564756877687998899
112231423142354435556777678869886999
122312231433144564556775677869889998
111212223333445564456775677868889999
111123332223455544456788677866789999
122213321134553455647664776879989988
112213321342534456645667587788879999
122213241344133456675567856788879999
111122223334553455647764776688889999
111233123452345244556677667899789988
112312231233445545564666777899789988
112213241324536453645566777899789988
111123332234255465546674677897889998
112211223334344455556678677867889999
122211123334344455556677668788879999
112311234223455344556778679867986998
122212331443144356665776578857889999
112341234123452345556777668796889998
122312431243144355556677687968798899
123312231123455545674867486788679999
122211321333444545556677869786978899
122212331143544354665566788878997799
123312231423145544556777687968896899
122212331443144356665567588798879997
122211123334534456645566777878889999
112211223444335435556666788877987999
122311234123444355565666778897789998
111123342534253425546666778877989998
122211123333445544656665788978897799
112212231433443546556657688798879997
112341234123452345567756786678998899
111233123342544254675667567788889999
112213221344334455665566777878889999
123312231243144456665678557897789998
112231243124334455556777689768996889
111122342334234455556778678867896999
122211231333455545664466789978897789
111122332433245544556666777897889998
122213321435143544556777688768996899
122312231433144564556665788877987999
112211223333444455678567856789678999
111213323342554255446677668788879999
111122232433444355556777666788898999
112211223344354635465566777897889998
112231423142334456665556789978897789
112211223344334455665566777789998889
111123342334225466546655777879989988
122311234123445345556667687788978999
122211123344534453665567886788779999
112231243124334455567756877689968899
122211123333444545556667867788798999
122211123333456645564756477897889998
112211223333444455556777678866889999
111213223342354455645666777788898999
111122232443443355556777688766889999
111233123342554254465666777897889998
111213323342554255446667867788978999
112213221334553455446777666788898999
111213223342344455556777668769889998
111122223333455544456667677788998899
112212231433443546656675777588898999
122312331234155466546654778879887999
112211223444345536553667869788978997
111212223334355467546754677869989988
111122223334553465746574667789998889
123312231243154455645766778678889999
112213241324534453665776587688798999
111212223344344535556777688768896999
111231423342344255556667688798879997
112311234223455346554667886798879997
112211324432443355667556788679887999
111123332234244455565666777897889998
112211223444334535556677688768879999
122212331143544354675667567788998899
123312331224155455446677677868889999
122213321334154465546657689788978997
111122223333445564456665777788889999
112211223334553456645674867788798999
112231423142334455565666777899789988
112231123332455545664476877688798999
111122223333444456665678577857989998
111123342344235425556667886788979997
111233124332455244556778667869789998
112211223334534455546666778879987998
111122332234553465546774677869989988
111122342234533456645566777788998899
111123342234523455645666788877987999
111212223333455544657468766877989998
111122223334354465476557668799879988
122212331133444455675667568799879988
112211223333445544657765766879989988
122312331234144455665766577788889999
111213324322435544556788679867986799
122211123334355466546654778877989998
122212331334154455647566776897889998
122211321333444546556675867987798899
111212223344344535556667687788798999
122312331234144455665766577897889998
122213241344133455556788677869786999
112213321332445564456665788878997799
111123332223445564456775687968798899
112211323332444456675667558799879988
112212231333444546556665777879989988
111231223342354455546678677867889999
122211231333444546557658768876897999
111123332223444456665556778878897999
112213241324533455546778667896789998
112211323332455545664766478897789998
123312331244124566457665778597889998
111122232333444545556788678867796999
111212223444355436573657866789978899
111213224332435545564776776688889999
112341234123442355665576877687998899
122211234133455344556666777789998889
111212223333444455556678697869789978
111212223344344535556667867788798999
122213321334154455546677867986798899
111122332233455544456666777788889999
112312231233444456675667587758998899
111122223455344533456777678869986998
123312231243154455645667886789778999
122212331334144456665567588788779999
111123332234244455667556777688889999
111122223344335455546666777879889998
111123332234244455556677677869989988
111233123342544254675667568788879999
122312231443145364556657867789978899
111212223334344455565766778697889998
122211123344344535556778667869789998
111123342344234525556667688798879997
112212231333444564556665778877989998
122212331443145364556657869788978997
111213223324534455465666778978897899
122312431243154355467566788679887999
111213323322455546574677468796889998
122211123334344455665566777879889998
111213223332445564556477689768978899
122211321333455546654766477899789988
111231223442354435556677667899789988
111233124332445264556675687788978999
112212231333445546554666777899789988
122211123344334456785678567856789999
112211234423453345556777666788998899
111231223342354455546678667899789978
111233123442344255565766778697889998
112211223333456645564456788879987799
111122234233445364576557689768978899
111123332243244456665556777788998899
122312231133445564456675677897889998
111212223344354435667556777688998899
111213324332455246554667886788779999
112211234423443355556777667868889999
112312231423546354665467587788978999
122211231443443356775677566859989988
122212331143554365476547668788879999
122212331433144456675687568758879999
122212331133445544556666777879889998
122211123334344455556666777897889998
123312231123444566456655777878889999
123312331224144455556777678869886999
111122234423445355536667886798879997
112211323332444546556657867788978999
112213241324534453675867586788679999
122211123445344533656665777878889999
111122332334255455446677667789998889
112211223334563456645764578897789998
122213321344135455546788679867986799
112212231333444566456675777588889999
111123332223445546574657668788879999
123312331224144455665576877687998899
112211234423443355567566778678889999
111123332344224455556778677869986998
111233123342444256665567857789978899
122212331133444567456755677869889998
111122223444333456665768577859789998
111122223334536456645564788877987999
111231223324355455446667886789978997
111213223324344455567856788677869999
122211123444345533556667896789978897
122211231333444455567586788677869999
112312231233444546656655788978897799
111231223332455544654768776879689998
122211231433544354665566778877989998
122211123444333456675667558788879999
111122234423544355536667688788779999
111122223444335435556677677869989988
112231123332444546556657867788978999
112212231443443355565666777789998889
111122223344354435667566758877889999
112213321342534654465766577789998889
122211231433443546657685768579887999
112212231333444546656675777588998899
111122223344534653465786578677889999
111123342334225466546655777789998889
111233123442345264556675867788798999
111233123322444455565666789978897789
112211223333444545556677668788879999
111233123442344256675677567859889998
111123442334223455556667677788889999
112211223444355436553667886798879997
122213241344133455567756876687998899
122211321433443545556667867788798999
111212223344354435665566778879987998
111123332344244526556665777879889998
122211123334536456645764578877989998
111212223344533456645677567788889999
111122232333445546654665777789998889
111213324332445245567856788679867999
111122334223456345664556788877789999
111122223333445546654665777788889999
111212223334534456645677567899789988
111231223342344455667556777688998899
111231223425345534456667886798879997
111213324432443255565766776878889999
111122223455344536453666778878897999
122211123333444546657665777588998899
122212331143444355565666777789998889
122211123334534456645566778877989998
112213321332444545556677689768978899
122312231143444355667556789678997889
112213221333445564556477677868889999
111123332223455644564756777688898999
112211223333445544556666778978897899
112213421342334566456675877587998899
111212223334354465546577667789998889
112211223444355436553666778978897899
111122232433444355567756776688898999
111231223342354455647566777688898999
112231223144344536557658766877889999
112211223333444564756775667588898999
112211234523455344536677687768998899
111213224325435543564786778678869999
111212223445344533556777678869986998
112213221333445564456675867788798999
111122223334344456665556777899789988
111122232333444456665677577858889999
112341234123442355665667587788879999
111233123322455545664766477789998889
112211323332445544657765776688889999
111122223344344536657655768877989998
112213221344334456665678577859789998
112211323332445564456665777788998899
122311234123455346574657668788879999
111123342334255425546788678967896799
122312231133455544564766778679889998
122211234133443545556667687788798999
111122223345344534556777678968896899
111212223444335435567756789678968899
122212331134553455446777666788998899
111122332243544355467566778679889998
111122223444354635663576857789978899
112211223344344536657665777588998899
111123442344233526556665777788889999
111123332234244456775667556788998899
111123332344244525556777678968896899
122312231133444456665768578857789999
122211324133445346556665788879987799
123312231123455544564666777878889999
111123332223455645664576477899789988
112212231443445365536657688788979997
122212331433144564756675677588998899
112213421342534453665768576877989998
111122332433245564756475667788998899
123312331224155455647664786978897899
111231223324344455556777667868889999
112213321332455544654766877688798999
112213241324536453645768576897789998
111122332243444355556777666788889999
122211231433443546557658768876897999
112212231433444355667556777688898999
111122232433444355675567866788879999
111123332243244455556677688768879999
112213221333455544456667886789778999
111122223344334455665776577688898999
122212331433145544556666788877789999
112211223444333455567756877689968899
122312231133445546654765776879989988
123312231123444564556657687788798999
122211321333444455665576887689778999
111213223324344455556678677867989998
112212231333445546554666788878997799
112211223445334563456665777788998899
112212231443443355665766577789998889
111212223455345534463766777688889999
122312231133445564556477677869989988
112212231433443564756775667588889999
111122234423443356665678577857989998
111123332443245524657765876687998899
111231223332444566456655788877987999
111212223333445544556666778877989998
122212331133444455556677667789998889
123312231123445544556677687768889999
111122334223455344556666777899789988
112213241324534453665667587788978999
112231223145344534656665788878997799
111122223444335463556657688788779999
122211321333455644567456788678997899
122213321133444566456655778978897899
122213321334156455645664778877889999
112311234423442356675687568758879999
111123342334225455546667869788978997
111122223444333455665566788978897799
111212223344533455546667687788879999
111122332233445544567756776688889999
112311234223445346557658768876897999
112211223455344534653667869788978997
123312231123455544654766778679889998
111122332334244456665678577859789998
111212223344533455645667867788978999
122312231133444545556777667896889998
111122332233445645564756777688898999
111213323322455645564466777897889998
111123332344244525556677689768978899
122213321133444456665576577897889998
122211231453445345536666778897789998
111213223342344456675667558788879999
112312231243444355665566778897789998
111122334223455344556777666788889999
111122332435243544556678677869789998
111213425342534253465776776688889999
111233123322445564556477677869889998
111213223324534456645678567899789978
122211324133455346554666788878997799
123312431243124566456755677788889999
112311234423442356665567588798879997
111122223334534455546777678869986998
122211321433544354665766578877989998
111213223332444564756775667588998899
111213223342534456475677566788898999
112213221333445544567756788678869999
111231223342344455565666778877989998
111122332334254455467586788679867999
111122223333445544656665777899789988
123312431243124455556666778877889999
112231223145334564456775677869889998
122213321435143544556666788878997799
112213221333445544556667869788978997
111122332433244455665667577789998889
111231223342534654465576777688889999
122212331433145564756475667788889999
111122232443443355556777688768896999
111122334223444355665566777789998889
111123342334255425546678667899789978
111212223333445546554666778877889999
111122223445344536753675667788998899
122211231333444456665768577857989998
122311231423444356675677567858889999
112213241324533455546677869786978899
112213321332445544657765766878889999
112231123342344455567856788679867999
111123332443224455675667567788998899
111123442334223456665567588799879987
111212223344354435556677668788879999
122211123345344534556677866788978999
122211231333444566456655788877789999
112211324432453345665576877687998899
122213321133444456665677557789998889
112212231333444456665567577788898999
112211223333445674567456785678998899
111234123442345235556667688799879987
122211123344335455546678967896789978
111122223444333455565666778877889999
111123342334224455667556788679887999
122211321433444355565666777899789988
122211321333445545564776877689968899
111213223332455546754677466789998889
111122223334534455647568766877889999
111213324322435544657665776897889998
112211324332443564556665788878997799
112341234123442355665576887687798999
122211231333445645564566778879987998
111231223442345634567856785678897999
122211123445345534653666777788998899
111233123322444546657665788579887999
112211223345344536456665777878889999
122211231333445546554667867789978899
111212223333445546554667867788879999
122211234153445345536666778897789998
122213321344134566457685768579887999
122211231453445364536657677788898999
111122332433244455556777688769886999
122211123444355435563666788879987799
111122223455344533456777666788889999
111231223342354455546788678867796999
112213221333455546654677467788898999
111233123322444546657765776588889999
122211324133443564556657867789978899
122311234123455344556677667788898999
122211321333445645564566778877989998
111212223444334536556657687788879999
111122332334244455567856788678967999
111123442345234523656665777788898999
111122223333455544456677667788889999
112213221333444564556665778978897899
122211321433443546756675867588798999
112211324332435544657765766879989988
111122223344354435556777667869889998
111122232443554355436777678866889999
112211323332444455567756789678968899
111123332223445546754675667789998889
111122232333445644567756785678889999
122211231443543354675567886789678999
111122332233444456675567586788978999
111231223332455544654666777878889999
111122332243554355446677869786978899
111123342334254425665576887689778999
122211321433543654465566788879987799
122211123444335463576657865789978899
122212341334134455556666777878889999
111231223442344536556665778879987998
111122223333455645564766477897889998
111231223342534455546667688798879997
112212231433444355556678667897789998
122311231423444355556788677869786999
111122234233445345556666778877889999
122312231453145364556477677869989988
111213223332445564556477687968798899
111122223345364536456645789978897789
122211123444335463576557667788898999
112231423142354635465576777688898999
122312231133455546574667467789998889
122211324133455344556777667868889999
123312431243124456665677577859989988
122314231423145364576657865789978899
111234123442334256665556788877897999
122212331433145544556666778877989998
122314231423145364576557667788898999
122212331453145364556478677867889999
111122332233444546556657867788798999
122211321334536456645564777788898999
112311234523452345564666777788889999
112211223444333456665678577859789998
112312231243444356675667587758998899
111233123342544254675667567788998899
123312331224155465546664788978897799
112213321332444546556675867788879999
111122232333456645564756477788889999
111213323322444564556675677788898999
122213321435143544556666778897789998
111234123422344535556677667789998889
112314231423442355556667886788979997
112213221344335455546789678967896789
122211123444355433556677668799879988
122213421344133455565766777689998889
112231223144354635465566777878889999
122212331334144456775677566859889998
111233123442344256665556777879989988
122213421344135463556665778879887999
111233123322445645564566777899789988
111213223324354455467566776879889998
112211234423443355665667588799879987
111122334223445364556675867788798999
112211324432443356665677577859989988
112211223444355433556667688788979997
112211223344334456775667586758889999
111123332234244455556788679867986799
111122234233456345664556777789998889
112231123442344536656655778877889999
111122223333445564756475667788998899
112213221344334566456785678577889999
122311231423546354665467577789998889
111231223342344455567586788678967999
111123332243254455546666788879987799
122211234153455346534666788877897999
111212223455344533456667867788879999
112211234523456345634567886789778999
112213221344335466546655777788889999
111212223334354455546777688766889999
112314231423442355665576887688779999
112231123332456645664577457899789988
111122332233444564556657867788879999
122212331133455544456677667788898999
122211231443544355536677667788898999
111213324332444255665776577688998899
122213241344133455556788677866789999
122311231423444355665566777788998899
112311234423542354675667567789998889
111122332433244455556678667897789998
112213221333456645564456778879887999
111122223334354455465666778877889999
122211123444333455675567866788978999
111213224332435544657665786978897899
112314231423442355556666778878897999
122212331334144455665776577688898999
122312231133444455667556777689998889
111122223455345534463666777899789988
122312231453145344556777678869886999
111123332243254455645766876987798899
111122232443443355565666777879889998
112213221334534456645667577788889999
123312231243154455546667886789778999
111213324332445245556677668788879999
112231123332445545564766778678889999
111212223445345534653666777878889999
112211223445344536653665778879887999
111212223445345534653666788879987799
111123332443244526557665786978897899
112213221333455544456667688788779999
111122234233444355556666788877789999
123312431243124455665566789978897789
111122342334253455546667688798879997
112212231333444545556667886789778999
111234123442345236557665768877889999
112213321332444455565776876687998899
111212223345344534556667687788978999
111213324332444255665667589788978997
122212331334154455465766778678889999
112211223334354455546777678869986998
111122234423445355536778679867986998
122212331433145544556678677869789998
111213224325433546554677667788889999
122211324133443546556665777899789988
112212231433443545556677687768998899
111212223444334536556675677788898999
123312231123444455567756776688889999
122213241334135465546657867788978999
112231123332455647564756477688889999
111122223333444546557665768877889999
111231223342354455467566778697889998
122312431243154355465776876687998899
112213221333455544654667869788978997
