111122345234523455346677677868889999
112212231433444355565776776688898999
112211223333445546654665788878997799
111213223342534657465746577688998899
112211223444335435556777668768889999
111213323322444455556667687788879999
112212231443443355565766777688889999
122211231443554355436777667869989988
111213223324344456675667558788879999
112211324432443355665567886798879997
112211223333445645564576877688798999
112211223334534455546777678869986998
111122232443554355436677668788879999
111123332344255425546777678866989998
122211321433444355556677677869889998
112211223344335466546657885788779999
122212331334154455465666777788889999
122213321133444455678567856788679999
111123332443244526556657687788978999
112211223344334456665678577857889999
111122223344533455546777688769886999
112213241324334455556667688798879997
111233124332444255565666778879887999
111122332433244456665567577788998899
111122223344344535556667677788898999
122312231443145364556675677899789988
111122232433444355665776577689998889
111122234233455345664566777788998899
112213221333444545556667886798879997
111213323322444545556667688788979997
122314231423144355565666788877789999
112212231443443355565666777788998899
122211321333444456665556778878897999
111122334253425345564776877689968899
111233123422344455565766876987798899
112212231333445544657665768877989998
111122223444334536556675677899789988
111213223324536456645564777879989988
112211234423443356665556778879887999
112211223334344455667556788677889999
112311234223445346557665768877889999
122213321133455645664576487788798999
111123342344234525556677866789978899
111213423342344255665566777788889999
111212223333455544657466776897889998
112211223444345533556788678967896799
111231223332456645564756478877889999
122211123334553455446667867788879999
111122332233444567456775667588889999
122311231423445345556666778879987998
112231423142334455556666778978897899
111123442334223455556677866788978999
111122332233444566456655778978897899
111122334223445345556678697869789978
122211123444335463576657685788978999
123312331244124455556667867788978999
111122223455345534663466778879887999
111213223342534455546666777788998899
122212331134563456745674567789998889
122211234133443545556667677788998899
122211123334355455446677687968798899
112231123442334455565776877688968999
111213223342354455647566786978997889
111123332243244455665766578877989998
112211223344355435546667688788779999
122212331134553455446666778877889999
111122223334355455446677867786998899
111122334223445346556665777789998889
111122223444335463556675677788898999
122211234133444355565766777688898999
112231123332444455567566788678897999
122312231133444566456655788879987799
122211231333444455667568756879987998
122312331234144455565666788978897799
111213223332455544654768776879689998
112211223344335465546577667899789988
111233124332444255565666788879987799
111212223344335466546655788878997799
122213321133445546554677667899789988
123312231123444455665567886798879997
122211231333444455665567886788979997
111212223333444455667556788677889999
112312231243554354465776776688898999
111233124352435244556789678967896789
111213223332444456665576857788978999
111233124332445245556777666788898999
111122223333444455556678677869789998
111122223344355435647568766879887999
122211123444334535556777688769886999
111122332243544355465776877688869999
112212231443443355675567866788879999
111123332223445544556778678867896999
112213221334534455546678677867989998
111212223334553455446667677788898999
122212331133444456665678597859789978
111123332223455544456777678866889999
122312331234144456665556788978897799
112311234223444356665677577859889998
112211223344354435556677689768978899
111213323322444545556667688788979997
111122332433244566457665788579887999
112213221333444456665567857789978899
111122234233444355565766778697889998
111233123322455544657466777688998899
112211223445334563456665788877987999
112312231233444455665667589788978997
122211231443443355675667567789998889
122211231443443355565776776688998899
111212223333455544456778667869789998
112231123342344456665556778877889999
111122332334256455645764776879889998
111231223342344455667586758677889999
111212223455344533456667677788898999
112213221334534455465666788878997799
122312231433144456775687568756889999
112231123342344456665677587758998899
111123332234524456745677567896889998
111213323322455545664667489788978997
122312231133444566457665777589998889
123312431243124455665667588788979997
122211123444333455667556788678997899
111213223342354465546657688788779999
122312231143444355667556778678889999
111122223334344455667568756877889999
122211321333444455556667886789978997
112212231443546354635566788877987999
111212223444345633567856785678997899
112211223334553455647764766879889998
111122332334244456675677567858889999
112231223144355435546677667789998889
112211223334354455546666788877897999
122212331133444455665776577688889999
111123332234254455647566788677889999
122312331243154455546677687968798899
111212223344334455665576877688798999
111123332234244455665667587788978999
112211223344533455546667867788879999
111231223332445544657665768877889999
112231243124354435665576877688798999
123312231423145544656665778978897899
111212223333455544567466777688889999
122312231133445564456675677788998899
111123332234254455465766876987798899
111122332243444356775678567856889999
111231223332445546554667886798879997
111122234523455345634766778678889999
111212223444334535556667677788898999
112211234423453345556778678867986999
122211123455345634563466778877989998
122211231333445564756475677868889999
112211223445344536753675867786998899
123412341234123455567756788678869999
111122334223445364556758677869789998
122211123333445564456785678867789999
111123332223444567456775687568889999
122311234123444355667566758878897999
111122332443244355567566777689998889
122212331334144456665768577857889999
112231423142334455565776776688998899
112312231233445564456665777879989988
112211223333444455665567896789978897
112213221334534455465776887688769999
111233123322456645674567457788998899
111213223342344566457665778579889998
111233123322444455556778679867986998
112311234523452345564776778688869999
111213324322435544556667886789978997
111123332234244455567566776879889998
112211234423453345665576777688898999
111122334235423546554667867788978999
122211321433444356665576587788798999
111122223444335463556665788978897799
111122232433444356675687568758879999
122211123444335435556788678867796999
112212231443544355637566778679889998
111123332234255455446788678867996799
111123332223444546556665777878889999
111233123422344455565776778699869988
111122223455344534653666777879989988
112231123442344535556666777788898999
112212231333445546654665778878897999
111213423342344255556677687768889999
111213323322456745674567456788898999
112231123342344455665566777878889999
122211234133445364556657687788978999
111123332243254455465666778879987998
111231223332455645564466778877889999
111122223333455544456777667869989988
112231243124334455567756877688869999
111213324432443255565666789978897789
122211324133444355667568756879887999
111213324322435544567756778699869988
122211321433445345556778678867896999
112213221344334456665677588758879999
122211231333455544654666778877989998
112212231433544354665566777897889998
112211223333444455567566777688898999
122211324133444356775667556788889999
122211123344335467546758675867889999
123312431243124455665566777879989988
111122234523455344536777667896889998
123312331245124564456665788879987799
111122334223445345567566777688889999
122212331433144566456675887588779999
112211223333444456665677577859889998
122312331234144455556667886789978997
112211223444355433556667867789978899
122213321433144456675667557788889999
122211123444335436576657865788879999
111213323322455546574667467788998899
111123442344233525556667688788779999
111212223444334563556675677788898999
122212331134563456645564777788889999
111122232433544354665667588798879997
122211324133445345556777678869986998
111231223442344535556666777878889999
111213223342344564556657688799879987
111122332233455546654766477788898999
122211123333444455565776877688968999
122211321433445346556657689788978997
111231223332456645564756477788898999
111231223324355455446678967896789978
111212223333455546754677466788889999
111213324432443255556677668799879988
122211231433443545556788678967896799
111233124332445264556657677789998889
111212223444354635563566788877987999
112231223144354635467586758677889999
111123442334223455556667689788978997
112211223344344535556677677868889999
111213323322444456665576577897889998
112231123342354455467586788679867999
112213321342534455546678697869789978
111122332243564356445677567789998889
122211231333445545564666778877889999
112213221344334455567586788679867999
122312231133444456665556777878889999
122211234133443564556775667788898999
112312231423445345567566776897889998
111212223444355435563776776688889999
111233123322455546654467886788779999
112211223445344536553667867788978999
111123342334255425546677687768998899
122212331443144355556677677869989988
111213324352435244556777666788998899
112211223444335435567756778688869999
112231123332444455556778677869886999
112211223444334536656655777879889998
111233124332456245664556777899789988
112211323332455544456677687968798899
111122334253425345564776887689768999
111122223345344536456675677899789988
122212331133444455567756879687968899
111122223344335455546777667869889998
111122232433443546556665778879887999
112231123342344456665556788877789999
111122223333444545556667869788978997
122211123334344455556678677869789998
111123332344254425567756788678869999
123312231123444455675667586788978999
122211321433444356665556777878889999
111122332433245544556677866788978999
111213223332445645564756777688998899
112212231443443356665776587958798899
122212331133445564456665778897789998
122211234133455344567756776688998899
122211234133455344556788677866789999
122213321344134455567566777688898999
111122223333455546654466778879987998
112231243124355435546777667869989988
111213324432443255567856788678967999
122211231433444355665667577788898999
122212341334134456665576587788879999
111123332243244455556666778978897899
111212223334344455665576887687798999
122213241334153455645666788878997799
112211223333455544456667886789978997
111233123442345264556775678867889999
122314231423145364576557688768879999
111231223442334455567566776879889998
111213324432443256775678567856989998
111123332243244455665776587688798999
112211234423456345635566778879887999
111122223333444546556657688798879997
112211234523453345564766777689998889
111122223444333456665567857788798999
112341234123442356665677558799879988
112213221345334566457645768978897899
111233123422344455567756877689968899
122211321433444356665567577788889999
112211223344354635465566789978897789
111231223332444564556657688788979997
112314231423542354665766578897789998
111212223344344535556677667788889999
111122332334254455647566788678897999
123312231123444566456775677588898999
122211123333445544656665788978897799
111212223344533456645566788877789999
111123332443254425556666788878997799
112211223333444566456755677788998899
111123332223444455565776877688869999
111122223444333455667556777688998899
111122334253425344556667869789978897
112211324332435545564666788877897999
123312231123444545556677677868889999
112231123442334455556777688766889999
111122223344354635467556777689998889
111123342334254425556667896789978897
112211223334354455546677866788879999
122211231433445345556678677869789998
112312231243444355665667587788978999
122211123344335455546677688768879999
112211223333455544654666777788998899
112231123332455647564756478697889998
123312431243124455556677866788978999
112211223345344534556788677866789999
112211223444335463556665778878897999
111122223445334536456675677788998899
111122223455344533456666788978897799
111123332234255466546654777788889999
112231123342344564756775667589998889
111123332223444545556777678869886999
111213223342534455645666789978897789
112231123332444455556666778879887999
112231243124355435546667687788879999
122312331234155455646664777788898999
111122342234533455546678967896789978
112211223333445564456675687788879999
111123332344225466546755677899789988
111123332234244455665576877688798999
122211234133455345564666788877897999
111233124332444255667568756879887999
112211234423544355536778677866989998
112211234423544356635566789978897789
111123332443245524556667687788798999
122312331234155455446677677869989988
122211231333444456775677568856989998
112314231423442355556666777788898999
122312231133455645564466788877789999
111231223332445545564766877688798999
111122223344344535556677866788978999
112212231333445564556477677869989988
111122223444333455556667689788978997
111122234233443546556675867788879999
112211234423443355667556777688998899
111233124332444255565666778897789998
111213323322445544556677677869889998
111122332334254455465666778879987998
111123332344244525556777667896889998
111122223344536453645566777878889999
112213321432443564556675677788889999
111231223332444546656655778877989998
111122332433245544556778679867986998
112212231443544355536777666788998899
112211223344334566456675877588798999
111123332234524455465766877688798999
112312231233445544556788677867986999
111122223444334535556677687768889999
111212223344334455556678677867889999
112311234223455344556667886788779999
112212231333444455667566758879887999
111122223344335455546677687768889999
122211123334344456665677557789998889
122213241344133455665776578697889998
111233124332455245664567886798879997
122211231433444355556777668769889998
122211231443544355536777688768996899
111233124332444255667586758679887999
112211223444345536653665777788889999
122213241344133455665766578877889999
122211123444356435663556778877989998
111233123342554255446667869788978997
111123332243244455665576777689998889
122211123344533456645677567788889999
111122223334354455546677687768998899
122211231443544356635667587788978999
111213323322455644567456789678997889
112212231433443545556677687968798899
122211123344335455546666777788889999
122311231423444355556778678867986999
111213324332444255667568756877989998
111231223442334455567856788679867999
111123342334224455556666777899789988
123312231123445564556477667788889999
111213323322444456665776557788889999
112311234423442355667568756879987998
112213221333456645564456777878889999
122211123344534453665566788877789999
111122332443244355665766577899789988
111122223333444455556666777788898999
112213221333444455567566776879889998
111233123342444255665566777788898999
112231243124335455546778697869786998
122211321333444564556665778879987998
111233124332444255565666777788898999
111123332234254455465666778879887999
123312231423145564756475667788889999
112231123442334455667586758677889999
112211223456345634563456788877987999
111213223324354455546666777899789988
112312231233444455567756776689998889
112231123452345534456667886798879997
122211234133443564556665777878889999
112211323332444566456655778879887999
111213323342444255665566777879889998
112212231443544355637568796879687998
122213321433144455665566789978897789
112213221334534456745678567896789998
111233123322444455556678967896789978
122312231133456645674567457788898999
111123332223445544556666788978897799
112212231333444456665776578857989998
123312331224155455446667886798879997
111123332344254425556778677869886999
111122332443244356665556777788898999
111122223444333456665576857788879999
123312331244124456665776557899789988
112231123442345534556778677866989998
122213321433144455565666777788889999
123312231123444545556677667789998889
111233124352435244567756786678889999
112341234123442355556666788877987999
112312231233455544564776778699869988
122312231453145344556667688798879997
122211231433544354665667587788978999
122211321333455645564466788877789999
122212331433144455556778667869789998
111122234423443355556677667788898999
111123342334225455546788678867796999
111123332243524455465766778679889998
112211223344334455565666788879987799
111213223342344455556777668796889998
122213321334144455665776577689998889
122211234133453645664556778879887999
111122223333455544564776778699869988
112213221333455545664667477788998899
112212231433445346556675687788978999
111213223332455544654666777879889998
122211324133444356665768577859789998
111213323342444255665667577788889999
122312331234144456665678597859789978
122211231433445345567586788677869999
111231223332445674567456775688998899
111213223324354455645666777788889999
111122332433244455556777666788998899
111233124332444255556777688768996899
112231123442344536557685768876897999
122212331433144456665576857788798999
122213321334155455646664777879889998
122213241334135455546667867788879999
111213323322455544456666778878897999
112213241324335465546657687788879999
112311234223455346554667867788798999
112311234423442355665667587788798999
122211123333444456665576577788898999
111122223444335436556665788877987999
112231123332444456665567577788898999
111213324332444255665566788879987799
111213223342534654465776577688889999
111123342344234526556665778978897899
112211223334344456775687568756889999
122211231333444456665678577859789998
112231123442354435675567886788679999
112211234423443355565776887689768999
111213224332443564556675687788879999
122314231423145364576557667788889999
122212331143444355665566778878897999
112312231233444455556788677866789999
111122223344335455546667869789978897
111122332433244455556667688788779999
111123332344254425567566788678997899
122312231133444545556778679867986998
111233123322444564556665778878897999
111212223345634563456645777789998889
111123342344234525556777668768889999
122211123344344535556667886789778999
112211323332445564756475677869989988
111122223334354455645666778877889999
112211324332435544556666788877897999
122213321433145544656665777899789988
111123442334223455556666777897889998
123312331244124456775687568756889999
111122223334354455465666777879889998
111213323322455544564766877687998899
112211223333444545556777667869889998
111213323342444255556667896789978897
112213321342534455546677869786978899
123312231123455544456777678866889999
122211321333444456675677567858889999
111122232443544356635566777878889999
122312231443144355665576877687998899
112213321342534456645766577788998899
122212331334144455675667568788879999
122211123333444545556778667896789998
111122232333456645564756478897789998
111122223444333455556667677788998899
122212331133445644567756775689998889
111212223344344536656675877587998899
111234123442334255665576777688998899
111213324322435644567756875687998899
112312231423445346556665777878889999
112213321332455544456678677869789998
111233123422344455556677689768978899
111213223324355465446578697869789978
111123342354235426547658766879887999
122211324133444355565776778688869999
111213223332445544556667677788998899
112213241324334455665776587688798999
122211231433543654665467588788979997
112213421342534453665667587788978999
122213321134553455446666778878897999
112213221344334456665576857788879999
112212231333445544556667688788979997
122213321133444455567566788678997899
122211123345344534556677667788898999
111122223344354435567566776879889998
111122232333455546654466788878997799
111122332433244456665556788878997799
122212331143444355556677668788879999
111123342344235425556678677869789998
112211223334553455446667869789978897
111212223445334563456775677869989988
122211321334534455467566777688889999
122213321133444545556677668788879999
111231223324354455465766777688889999
111122234423445355536667886789978997
122212331143554355446778677866889999
111231223332444456675677567859889998
111123332234524455465776887688769999
112213221344534653465566778879987998
122211234133443546556675687788879999
111122223444334536656655777879889998
111233124332445245556667896789978897
112231123332444455556667867788978999
111122223445345534563666778877989998
111123332234255465546664778877889999
111213324532453245564766777688898999
111233123422345544556666778879887999
111122223444345533567756876687998899
122211123333444546657685768577889999
111123442354235423556667867788978999
111231223442354435567586788679867999
122211321433443564556665777788898999
122312231433145544556677866789978899
111123332443224455556778678867896999
111122223344334455665566777879889998
122212331443144355556777668768889999
111212223334534455546677867986798899
111233123342554255446777666788889999
111213223332445544567756877689968899
112213321432443546557665768878897999
112231423142334455556777667896889998
112231123342534455465766777688898999
111123342334255425546788678967896799
112231223145344536457665768878897999
111123332223445645564566777879989988
111212223344334455565666778878897999
111122332233455544456788678967896799
111122234423546354635566788877897999
111213324432453245665566778978897899
111231223332444455665667577788998899
111212223344534653465766577788898999
122213321133455645764576477688998899
111122223334553456445677667789998889
111123342334254425556677869786978899
122213241334135455546667867789978899
111123332223455544456777688769886999
122212331433144566456755677899789988
122213321334154455546666788879987799
112312231423544355465666777899789988
122212341134553456345667869789978897
111233124332445246578657865786978999
123312231243144564556657867788879999
111122232443445366536655778877989998
112212231443443355556667687788798999
111212223333444546656655777788998899
111123342334225466546655777897889998
111122332433244455667586758679887999
111122332435243544556677667899789988
111213323322444546657665777588998899
122212331133445545564776776688889999
111122223334553456645664778877989998
122211231333445544567756776689998889
122211123333445544656665788877897999
123412341234123455678567856789678999
112213221333445545564666778879887999
111122332433244564556657869788978997
122211324133445345556788678867796999
112231123342344566456655778878897999
112213221333456645664578457899789978
122211123344533456645566777899789988
123312231123455645664576477789998889
122213241334134456665768577857889999
112211223333445545564666788877789999
122213321334154455546778678867986999
112211223444335435556778677866989998
112211223344334456665677557788898999
123312331244124456675667557788889999
122311231423445345567566777689998889
122211123445344536553666778879887999
122212331334154465476557668788879999
122211234133444355665766577897889998
122213321435143544657765766878889999
111123332223455545664476887688779999
111213223332455544456677687968798899
111213224332443564556665777788889999
111212223345634563456645777897889998
111231423342344255556789678967896789
112231423142334455556777687968896899
111122332433244455567566777688898999
111122332243444356665776557788889999
122213241344133456665677557788998899
111212223444355435563776876687998899
112312231243554355446778697869786998
111122334233425645564566778879887999
111213223324534456645566778897789998
112211234423544356635678567899789978
111122223455344533456666778877889999
111213224332435545564776778699869988
111123332223444546557658766877889999
112231123452345534456788677867986999
122312431243144355567566776878889999
111122223333445564756475667788998899
112231243124355435546666778877989998
112211223334344455565666778877889999
122211231433444356775687568756889999
122212341334134456665677587758889999
112213241324334456775667568759889998
123312331224144455556677687968798899
111231223442334455556677866788978999
111213223324534455465776876687998899
112213221334534456645677568799879988
122212331133444564556775677869989988
111122332233455544456666777879989988
111213223332444456665567587788879999
112212231443445365536657869788978997
111231223332444564556665778878897999
111231223342354455645666788877789999
122211231333444545556667869789978897
122211321333455546574667486788879999
111231223342534654465566777788889999
112211223333444455675667568788879999
122211123334355465546664777878889999
122312331234144456775678567856889999
111122332233455644564756877687998899
111122334253425344556667677788898999
111231423442334256665776557788998899
112213321332455544564766778678889999
122212331443144355565766777688889999
112311234423442355565766778678889999
111212223344334455556777688769886999
111231223332444455675567866788879999
122211123444345635563756877687998899
111234123442354235675567886788679999
111123342334224455556788677866789999
111213323322445544556667688788779999
111123332223445564576457668788879999
112231123332445564456785678867789999
122312231433144455665566778878897999
122211123344334456665678557897789998
111122223444355435663576887688779999
111212223444335436556675867788798999
122312231133455544564666778878897999
122213321344135455546667867789978899
122211231333444566457655768879987998
112312231233445544556677668799879988
111123442334253425667566758877889999
122312231133445564576457688768879999
111213323322444545556666777878889999
122211321333455544564666788879987799
122312231133445545564776778699869988
112231123332455544654666788878997799
122212331133445564556478677867889999
111122223444355433556677677869889998
122211123344534453675667568788879999
122211321433444355565766776879889998
111122223334344456665556777788998899
112312231423445346576657685788978999
111213323322455544567466788677889999
111122232443445355536667867788798999
112212231333444567456755678867989998
112213221333444566456675777589998889
111213223332444456665776578857989998
111212223333455644564756777688889999
111122223455345634563466788978897799
112211223445344533657765776688889999
111123332345244524556666788978897799
112231123342344456665677558799879988
122312331234154455647566789678997889
122312331243144455667566758877889999
112213221333455544564666777788889999
111233123342444255556667688798879997
111213324432453245556666788877789999
112312231423444355565666788877987999
111212223344335455546677667788889999
123412341234123455556666778877889999
112211223344355435546666777878889999
122211123455345534663476777688998899
111234123442345235556677677869889998
123312331244124566456755677899789988
111122232333444564756675677588898999
111122234423445366536655777899789988
112211234423544355536778697869786998
122211324133455344556666777788889999
111122232443544356635566778897789998
122213321344134455667566758877989998
111123332243254455467566788679887999
122211321333445546554666777788898999
122213321433145564756475677869889998
111123332223444455556678667899789978
112212231333444456675567586788978999
122211123333445546574657867786998899
112231223144334455567566776879989988
111213223332444456665576857788798999
122211321433443546557685768876987999
111123332243244455556777667868889999
112213221333444455665567886788779999
123312231123444455665566778878897999
112231243124334455667556778678889999
111122332334244455665566777788998899
111122332243444355665576887688779999
111231223324344455665667577789998889
111233123342564256475647567788898999
122213321133445545564666788877789999
112213241324534453665576777688889999
112212231333444456665556777788889999
122212331334156455645664788879987799
112211323332455545664667488798879997
112211223344344535556667688799879987
112231123332445564756475667788898999
122213321133444455567756879687968899
111213223324355466546654789978897789
111122223344355435546777668768889999
112213221333456645674567458788879999
111122234423543354665667588799879987
111123442334253425667556788679887999
111231223332455544654667867788978999
122211324133455346554667867788879999
112213321342534455546677866789978899
122211231333444455665566777878889999
111122223333455544567486778678869999
112211323332444455565666778879887999
111213324332445246556665777879989988
111231223425345534456777688768896999
112211223333445544657765876987698899
112213221333444564556665788879987799
111122223344355435546677667788889999
111212223444335435556677667788998899
111123332443244525556667689788978997
122211324133443546656655788877789999
122213241334153455546666778877989998
122212341334134455665766577788889999
123412341234123456665677557789998889
111122332433244455556666778879987998
111213223342354465546657869789978897
111122332233444455665667577788998899
112231123342354655467546788677889999
112231123332455545664776477688998899
122213321433144455675567866788978999
112211323332444455565776776688898999
111213323322445546554667869789978897
122211321433444355567566778697889998
122212331453145344556667688788979997
122212331443144355565766776897889998
112231423142344536557658768876897999
111231423342344255667556778678889999
112212231333444455556677668788879999
122211123334553455646664778877989998
122213321134553455646664778897789998
123312231423145674567456785678889999
122211231433444356675677568758889999
122211231433543654665467588798879997
122211231433444355567566778679889998
111123332344224456665677577858889999
122211321333444545556777688766889999
111122232433445345556677668799879988
111234123422344536756675677588889999
122213321133444545556667896789978897
112341234123452345567756877688968999
111212223344533455546677667789998889
112231123442334566456755678877889999
111231223442334456665678577857889999
111123332344225455546778677869986998
111213324332445264576557687768998899
122211321333455545664667477788998899
112311234223444355567856786678897999
122211231433546354665476577789998889
111122342334235455546778679867986998
112312231243444355675567866788978999
112231223145364536457645768978897899
112231243124355435546777667869889998
112213321332445546554666788978897799
123312331224154455465776877689968899
112212231333455544456777688769886999
112211223344344535556666788878997799
111213223342354455647566778679889998
111231223332445546554667867788798999
112213421342334456775677566859989988
112212231333444455665576777688898999
112212231443554355436778677869986998
112213241324334456675667557788889999
123312231243144455665576777688998899
111122223344536453645667577789998889
122212331143554355446667677788898999
111212223445344536553667886788979997
122211231433445346556665778877889999
112231223144354435556778679867986998
112211324332443545556666778978897899
111213224332435546654665778878897999
112213321332445544657665768879887999
111122223334344455556666788878997799
111213223332444456665678577857889999
122211123345334566456645778879887999
112231123442334455565766876987798899
123312231123455544456666777879989988
111233123322445645564576777688889999
112231423142334567456785678567889999
111122223444345535563776877688968999
111123332223455544456667677788898999
111122223345344534556666778878897999
122213321433144455565766776897889998
122211231333455544567466776897889998
122312231443144355665667577788889999
111122223334534456475677566788898999
112311234223455344567756877688869999
111122223333455544564766776879889998
111213223332444455675567886788679999
111231223442334456665678577857889999
122211123333444455556666777897889998
111233124322435544556677677868889999
111212223334344456665677558788879999
122312231133455546654667487788978999
112231123452345534456667677788998899
122211123333444456675667558799879988
111122223333444564756675867588798999
122211123333455546654466778879987998
111122232433444356665556788877897999
111212223444335463576657685788879999
112211223333445546654665777788998899
111123332223444455665566777878889999
111231223342354465546657688788779999
112231223145334566457645768978897899
111231223332455544456667869789978897
122211123344335466546655788877897999
112211223444355433556666777879989988
122211321435443546356665788879987799
123312231243144455556777667869889998
112211223344355435546667689788978997
111122234423453345567756876687998899
111233123322455544456667687788879999
111233124322435544657765876987698899
122211321334553455647664786978897899
111123332344255426546657688798879997
111231223324354455645766776879889998
123312331224144455667568756879887999
111123342344235425556777666788898999
111213223332444456665556778978897899
112211223344534653465576777689998889
111122342334234455567756789678968899
111122342334234455667566758879887999
112312231423444356665556788879987799
112213221333455545664466788878997799
122211123455344533456677677869889998
111233123322444546557665776879889998
122312231143444355665776587688798999
112231123342534455465666777899789988
122213241334135455546667677788898999
112311234223444355665566788879987799
111122223334553455446677667788898999
111233124332445245556778678867986999
123312341234124455665766578877989998
111122223344344535556666777788889999
111122342334235466547658765879987998
111122223444334536657665777588898999
111122332443244356665776587758889999
112211223444333455665566777899789988
111213223324344455556777667868889999
111123342534253425546667689788978997
111213324332445245556666788877897999
112211223344334455567566778697889998
111212223334354455645766776878889999
111231423342344255556777689768996889
112211223345344534556667688788979997
112212231333444545556788677866789999
123312231123444546656655777897889998
112311234423442355665766577788998899
112212231443443356665567588799879987
111213324322435644567756785678889999
111122332243444356665556777897889998
112211223333444564556758677867989998
112213421342334456775667568758889999
111231223332456645564576487788798999
122212331133444546556665778877889999
122211123334536455645664788877789999
112231123332455645564476887688779999
111122223333455645564466778878897999
112213221333444564556665777897889998
111213224325433544556667688798879997
111213224332435546554666778978897899
112231123332455544456777678866889999
123312331244125455546667677789998889
122211324133444355567566778678889999
122312231443154355467566777688898999
111231223342344455567566788679887999
112211323332444546556665778879987998
122211123334355455446777678868896999
111122223444355433556677866788879999
111122234423453345556667869789978897
111213223342344564756775678568889999
112213221334534456645766577897889998
112213321332444564556665778978897899
112211323332445546654765776879989988
112231243124335465546657867788879999
111233123342444255565666777788998899
122213321334144455665576887689778999
111231223332456645764576457788998899
112211234423445355536667688798879997
112211234423543354665667577789998889
112231123342534654465576777688998899
112211234423445355536677667788889999
111212223444335435567566776879889998
111213324432443256665576587788879999
122211231333444545556777678869886999
112213221344334456665576857789978899
112312231233445544657765766878889999
111213223332445545564766776878889999
122211231333455544657466777688889999
112231223145334564456665778877889999
111122234423443355667556788679887999
112311234223444355567856786678997899
111123332243524455465766776879989988
111122234233445364556775687768998899
111212223444345533556677677869889998
111123332435244524556666788879987799
111122223344344536556657867788879999
111212223333455545674467866788978999
112312231423544354665566777788889999
112231243124334455675567866788879999
112312231233445544556666788877987999
112211223344534653465566777788889999
112211223444333455567566777688898999
112213321432443546556657677789998889
111212223333444564756775687568889999
112211323332445544556678697869789978
111123332223444546657655768878897999
112211223334553455647764766879989988
122213321334155455446667886798879997
122211231443544356635768576877989998
122212331443144356665556777879989988
112231123332455545664766477788889999
111212223333445544556666778877889999
112311234423452345556777668768889999
112211234423453345665566778877889999
112211223344344536556675867788978999
122212331133445544556788678867996799
112211223344354635465576887689778999
111213224325433546554666788879987799
112231423142354435556667677788998899
112311234423452345556777678869886999
111122232433445345567586788679867999
111122232433543654465566778897789998
111122234233445346556657688799879987
112212231433445364556758677869789998
111122234423453345675567866788879999
111212223334355465446577667899789988
122211123345364536456645777788889999
122212341334134455665766578877889999
111233123322444545556667867789978899
111122223333455544456777678869886999
122211231333445544656665777789998889
112312231233444567456755678867989998
112213321332455544456667896789978897
111122223344344535556666778978897899
123312231123445545564776877688869999
111213323342554256445667886798879997
111233123322444564556657688798879997
112314231423442355665567886789778999
122312431243154355467566788679887999
122211321333445545564666788878997799
112231123442334455556678677867889999
122312331234144456665567587788978999
112312231233445644567756785678889999
122212341334134456665576577788898999
111213223332444455665667577789998889
111231223324355455446778678867896999
112231123342354455645766776897889998
111231223342344455556777667896889998
122311234123455344556666788877987999
122211321334553455647764776688998899
112213221333455545674667486788978999
111122223345344534657765776689998889
122211231433444355565666777897889998
111123332344244526656675777588889999
111212223334356455645664778877889999
111212223445344536553666788879987799
111212223333455544564766777688898999
123312231123445544656665788978897799
122211123444333455678567856788679999
111123342334254425675567866788879999
111122332234553455647664776878889999
