112231223144354435665576887687798999
111122223334354455647568776897689998
122212331453145344556667886789978997
112311234223445346556657689788978997
112213221345334564456675677788898999
111231223342354455645666788877789999
112211223344356435647566758877989998
111122232333456645664577458788879999
112312231233444564756775678568889999
122212331433144455665566778877889999
112212231333445564556478667897789998
112211324532453345664566777899789988
111231223332444455556789678967896789
111213324432443255667556778678889999
112211234423453345556666777788889999
122211231443554356435666777879989988
111123332223456645664557487788798999
122212331433144566456755678877889999
111212223444333455556777666788998899
122213321433144455665576887687798999
111122234423543354665567886789978997
111233123422344455678567856789678999
122212331133444455556666777899789988
122211123334355455446788677867986999
122211123444333455665667587788978999
122211123344534653465566788877897999
112213421342534453665776577688898999
122312231133445564456665777788998899
111234123442354235567756776688998899
111122234233445345556677667899789988
122211231433546354665476577788889999
111122332233444546657665778597889998
111233123342444255667556778678889999
111231423442334256665677557788998899
111122223344354435567566788678997899
111212223344355435546677688768879999
111123342334224455665667577789998889
122211123333445544657765786978698899
112211223334534455546777678866889999
112211223455345534663476877687998899
112312231243444355556666777897889998
122312331243144456665576857788978999
111213324332444256665776557899789988
112213241324533455546778677869886999
111213223342534654465776578697889998
122213241344134563556665788879987799
122211123444334536657665789578997889
112312231243444356775667586758998899
122312231433144455556666778879987998
122213321133455545664667488788779999
111234123452345234556667886788779999
122312231433145544657665768877989998
111122232433444355675567886788679999
111122232443445355536778678867986999
111122342234533455647568766877989998
122211123444333455556777668796889998
122311234123455345664576877687998899
111123332344224455556678677869789998
112213221333455645564466778878897999
111123332243254465546657688799879987
122211123344334566456775677588898999
112211324332443546556665788877897999
111212223334534455546667687788978999
122212341334134455667556778679889998
122312231433145544556677866789978899
122211321334536456645764577788998899
123312231123445544656665778877889999
112213221333455644567456778697889998
111123452345234523456666778877989998
111231223342354655465746777689998889
122211231333455544456788678867796999
111122223444335463556665788877789999
122211321433444356665776557788898999
112211223344534453665566777879989988
111231223342534455465766776879989988
122213321344134455665566778877889999
122212331133444566456655777899789988
112213321332455544456788679867986799
111231223324355465546664777879989988
111122342534253455346777678866889999
111213324332444255565666788877897999
112312231243444355667556788678997899
122312431243144355556778678867986999
111122334223444356665576577899789988
112211323332444456665776557788889999
122213321134553455446789678967896789
112211234423544355536677869786978899
112213321432543654665476587788879999
123312431243124456665677557788998899
122211123444335435567756778688869999
111213423342344256665677558788879999
112231223144334456665567577788889999
111123332234254455546667867788798999
111123332453245524456667896789978897
123312341234124455556778667869789998
112211223333444546556665777899789988
122212331334154465476587658768879999
111122223333444564556775667789998889
112211223333455546654766477788898999
122211123334534455546677667789998889
112231123332444455556788677867986999
111123332234254455546667677788889999
122213421344134563556775677868889999
122211321333445546554667896789978897
122212331143444355665667587788978999
122213321344135455546777667869989988
111122342334235455546677667788998899
112312231233444455565776877688869999
122312231133445544567756876687998899
112213221333444455556667867788798999
111212223344355435546666778878897999
122211324133444355556677869786978899
112312231233444455667556777689998889
112211223444334535556777667869889998
112314231423442355556777687968896899
112213221333444567456785678567889999
112231123332445645564566788877789999
112211234423443355675667567788898999
111212223333455645564766477788889999
111122232333444545556777678866989998
112211223445344533556777667869989988
111212223444333455567566789678997889
122211123444333455556667896789978897
122211123334354465546577687968798899
111213223324355465446577689768978899
112211223444335436556665788877897999
122213241344135463556657687788978999
122211123444335435556667867789978899
112231223144354435667556777688898999
111123332243244455667556789678997889
122213321345134566456645777788889999
112213221333445544556777667896889998
112211223344334455556667886788779999
111234123442334256665556788878997799
111213323322444546556665788978897799
122212341334153455546677667789998889
122213321133455645564476877688798999
111233123342444255556667867788978999
112213221333444566456655778878897999
112211234423544355536666778878897999
111122332233445546654765876987798899
111213224332435645564756778697889998
111122234253455344536788677867986999
112213221344533455645768776897689998
111213323322445546754675667788998899
122213241334134455556666777788998899
111122234253455346534677668788879999
112212231333455544456677667789998889
123312231123455544654667867789978899
111123342334224455565666789978897789
122213321344135455546667896789978897
112213221334534456645667577788889999
112213321332444455565766777688898999
112213221333445544657765776688898999
122211231333455544564666777788889999
112211223333455544564776776688898999
111212223444333456775667556788998899
123312341234125466546655777789998889
111212223344335465546657869788978997
111231223342344455556777678868896999
111212223444335435556677667789998889
111212223344344536556657677789998889
122213321334155455446666788978897799
112211223344344536557665768878897999
122211123444355433556666788877987999
112231243124354435556677687768889999
111213223342344455667556777689998889
112312231243554355467746879687968899
111122223345334564456775678867889999
122213321433144456665576857788798999
111122332433244455565666778897789998
111212223344354435556677687768998899
111123442344233526656655777879889998
111233123322455645664567488798879997
112212231453445345536778679867986998
111123332443245624567856785678897999
111123332443254425556777666788898999
122211123334534455645667869789978897
111122332233455545664667487788978999
112212231333444546556665777879889998
112231123342354455645766777689998889
111212223334355465546674867789978899
111213223342354455467566776879989988
122211123333445564576457667789998889
112211223345344536456665777879889998
111213323342444255665667587788798999
111123342344234525556777667869889998
122213241344133456665776578857889999
112314231423442355556677668799879988
122213321433144564556665778879887999
111122223345344534556667689788978997
111233123442344255565666788978897799
111231223342354455546777667869889998
111231223324354455546788678967896799
112211223333444545556777678968896899
111212223444355433567756778699869988
111233123322444566456675877587998899
112211223334354455465776776688889999
112213421342334455556777667869889998
111123442344235523556777678868896999
112211223333445546554666778978897899
112211223344344536657665789578997889
122312231433144456665567588788979997
111122223334534455647566788678897999
111213223332444456675667557788998899
111122223334354455465666788978897799
111123332344254425567566778697889998
111123332443224455665768576877889999
122211234133444355556667867788978999
112231423142354435667556777688898999
112231123332456645564576477788898999
111212223334344455665667588788979997
122213241344133455567566778679889998
111122334223455345564766777688898999
111122232333455544456667688798879997
122211123444334536556665777788898999
122211123455345534463766776879889998
111213223324354455647566778679889998
111123442334235425556677869786978899
122312231433145564756475687968798899
122211123334344455556667688798879997
112213321332445645564566788978897799
111122342334253455546789678967896789
111233123322444455556667869788978997
122213321134563456445667577788998899
112211323332444545556777689768996889
112211323332455544654667867788879999
112211223444334535556677866788879999
112211223333455544456666788877987999
111212223333455645664576477789998889
111122223334534455546777668796889998
111122332233455544567466786978997889
123312231123444455556777667896889998
112231223144334456665776557788889999
122212331133444546656655778878897999
112213221344334455665768576877889999
111122342334234455567566788677889999
122212331334144456665556778978897899
112312231423445346556665778878897999
112211324432543654365766577788998899
112211323332445546574657667788889999
112211234423443356665678577859789998
111213223332445564456775667788998899
112211223444355435563666778897789998
111122232443554365436577668788879999
111231423442334255665766578877889999
122213321433145564756475667789998889
111122223334344455665576877687998899
111212223444334563556665777897889998
122211234133445345556677667789998889
122212341134533455546778678867986999
111122232443554355436666788878997799
112231123332445546574657667789998889
112211223444333455556677688768879999
111213323322445645564566788877897999
112213321332455544654766776879889998
111213423342344256665556777897889998
111212223444333455665786578677889999
112213421342334455678567856789678999
111122332233445546574657667788889999
122211234133445345567756776688898999
111123332223444455556678677869789998
112211223344533456645667577788889999
111231223442334566457665778579889998
112212231333455645664576477789998889
122211231443443355567566778678889999
122213241334153455546667688788979997
122211321333445546554677668788879999
111122223334356455645664788877987999
111122223333445544657865786678997899
122213421345134563456775678867889999
111123342334224455665766577897889998
122212331134553456645664788879987799
112231423142334455556777687968996889
111123332223445544657765786678998899
122211321333455645764576487688798999
111122232333444546657665778578889999
112211324432443356665677587958798899
122312331234154455546667677788998899
111212223344334456665678577857989998
122312231443144355556777678869986998
111123442344235623567756775688998899
111213223332444545556777666789998889
112211223333445564456665777879889998
122312231433145544556789678967896789
111212223334344455567566777688898999
111122234423544355536678697869789978
112211323332444455667556788679887999
111234123442345236556675687788978999
112211223333445544656665778897789998
111122334223455346554666778878897999
111213223342534654465566778879887999
112211323332445645564566777788998899
111122232333455545664667488788779999
122211231433444356665556778878897999
111212223333444564556775667788898999
122211321333444566457665778597889998
111123332234255455446777678866889999
112312231243444355565666788877897999
112211323332444456665567857788798999
111212223455345534463786778678869999
112231123342534456745677568796889998
111212223444335435567586788679867999
122211234133444355565766776878889999
112213241324534453675667586788879999
111122334223445346556657688798879997
112311234423442356665576857788879999
123312431243124566456755678877889999
111212223344344535556667688788779999
111213324332445264556775678867989998
122211123333455546654677467899789988
123312331224155455446667687788978999
111122334223444355556667688788779999
111123332345244524556677689768978899
122211231333445645564566777879889998
122211321333455544564776879687968899
111212223334553465546674677899789988
112231123342534455645667867789978899
111122223345334566456645778877889999
112211223444355435663566789978897789
111213323322455545664476887688779999
112211323332445564456775687968798899
122213321134553465546774678867989998
111122342334234456665776578857989998
122312231453145344556667677788898999
122211123344355435546778678867896999
111231223342344566457655768879887999
111123332223455645564766478877989998
111122234233444355567856788679867999
111123342534253425546778679867986998
111212223344533455546777666788898999
111123332443245524657665776897889998
112314231423442356665776557788898999
112211324432453345556667687788978999
111122332433244564556657677788898999
111213223324344455565666788877987999
111122232453445346537658766879887999
111212223333455544456666778878897999
111123442334253425665566778877989998
111212223445346534653665788877897999
112213241324334456665677558799879988
111122223444355433556666778878897999
111212223333455545664776478697889998
111213223324536456645564778897789998
112311234423442355567756776688998899
112211223344355435546777689768996889
111212223344334456675567856788978999
122312231133445544656665777789998889
123312231423144455556678677869789998
123312331244124455565766777688889999
112211324332435544556677667788889999
111231223342534455546677667899789988
122211321334553456745674667789998889
111212223333456645664577457788889999
111122332234553455446778677869886999
122212331134553455446666778877989998
111123342234253455645766777688889999
111212223333444546657865786578897999
111122234423445366536657885798879997
111122223333455544564776778699869988
111213323322455544456666788877987999
111213324352435245564766778679889998
111212223334344455565766776878889999
122211321333445645564756777688998899
111231223324354455645666788878997799
111213323342444255665667588798879997
122211123444345533556666778978897899
111213224325433544656665778878897999
112213321332444456665556788978897799
112213321432543654665476577899789988
112212231443443355556666777879989988
111212223455344533456667896789978897
122213241334153455546778667896789998
112213241324334455556667677788889999
111123442334235425567586788677869999
122212331334155465746574677868889999
111122223333444566456655778877989998
122211321433443546556665777789998889
111233123322455645564766477899789988
112312231233455544564766778678889999
112231123332444455665566778879887999
112312231233444455567566776879989988
122211123334563456645564788978897799
111122342234533456745677567896889998
111213223324354455546677866788978999
111233123322444456665768577857989998
122312231133444545556667886788979997
111212223334563456645764577789998889
122211123333444455565666777899789988
111123332345244524556777688768896999
111213223332444545556778678867986999
111233124332444255667566758878897999
112314231423442355556667886798879997
111213223332455544456667867788978999
112231223144334455556778677869886999
111233123342444255565766877687998899
111212223444334536657655768877989998
122212331133455645764576477688889999
122213241344133456675677568759889998
111122232433445346556665778879987998
111213324332445246576657865788879999
122212341334134455556777666788898999
111231223342344455556667886788979997
112212231443544356635566788877897999
112231123332445544567856788677869999
122211123444334536557665776897889998
122213321433145564556477668799879988
122211123333455545674667467788889999
122312231133444456675567586788978999
111212223334553455446677667789998889
112213221334563456445667587788879999
112211223445345534653666788879987799
111212223344355435647568766879887999
111123332223455644564756778697889998
111233123322444456665556777878889999
111231223442345534656665788978897799
123312341234124456665556777879889998
111233123422344455567756877688968999
123312331244124455665667587788798999
122212331143444356665678577859789998
111123332443224455556666788878997799
122211231333445564456775667789998889
123312331244124455678567856789678999
112312231423445364576557687768889999
122212331334154455467566778679889998
111213223332444564556675677789998889
122211231333455645564776487688798999
122211321333455544657468766877989998
123312331224144456665567588788779999
122211123344354435556777687968996889
111123332443245524556777666788898999
111122232443443356665776577859989988
122211123455344533456667896789978897
122312231433144456665576577789998889
122211231433444355667556788678997899
111122332443254355465766776897889998
112231423142334567456775678569889998
111213223324354455546789678967896789
122213421344133456785678567856789999
122312231143444355565766776879889998
122211123344334455667566758877889999
122211324133444355567756877688968999
122213321133455544657466776897889998
112211223345344534657765776688889999
111122223444333455556667687788879999
111123332435245524456666788879987799
111123332243524655465746777688889999
111234123442334255556677867986798899
122211321333445544556666778879887999
112213221333445645564576777689998889
122211123333455544456677667788889999
111123332234254455546777678869986998
122211123333445644567556777688998899
122211321433445345567756776688889999
111123342344234526556675687788798999
111122223344533456645566777788998899
122213321433145544556778697869786998
111122223444335435556667869789978897
111231223442345534656665788877897999
111213324332444256665776577858889999
111122223444333455665768576877889999
111122332243444355665667588788979997
111123332453245524456666789978897789
111122223344354635465566778878897999
111122332233444545556777668769889998
112231123332445544567756877689968899
111123332223444456675667557789998889
111213223342534455546778678867986999
112211234423443355556788678867796999
111122223333445544556666777878889999
111123332344244526556665788878997799
112211223334553465546774667788898999
112312231423444355665768576877989998
111231223442344536556665778978897899
111212223455344534653766776897889998
112213221344536453645566778878897999
112212231443543354665786578677889999
122211123334534455546778677866889999
111213223332444455565666777879889998
122213321334154455645666777788889999
111213223324344455665566777897889998
111233124352435246554667869788978997
122212341534153465346577667788889999
111122332234553455446677866788978999
111212223444333455565766778697889998
111213323322444455665566788878997799
111122332233444455556667886798879997
111234123452345234556777666788898999
122211123334354455465666778877889999
112231123332444545556677689768978899
111122342334234455667568756879987998
112211223334344455675567866788978999
111122332233445645564566777788998899
112231123332444545556667677788889999
122312331234155455646664788877987999
122212331433145544567756778688869999
122211231433444356665556778978897899
111213324432443255567566788678997899
112211223344334456675667558788879999
122211123344334455556667867788978999
122211321334553456445667867789978899
112211223333444456775678567856989998
112211223456345634563456777788889999
112212231443543354665766578877889999
111122223344344536656675777588889999
112311234423442356665556789978897789
111122232433443545556777667868889999
112213221333444546557665786978897899
111213223324534455546777666788998899
112231123442354435567756879687968899
112211223345344536457665776879989988
112212231333444455556667869789978897
111122332233444546656655777788898999
111122223445345534653766877687998899
111213323342544254665776577688889999
122312231143554355446666778879887999
111122232443564356435677567788889999
111123332243254455465776778688869999
122213241344135463576657865788978999
122211321333444455675667567789998889
122212331143554355446777678866989998
123312231123445544556778678867896999
111122223333444546656655777788898999
111123332223444566457655768978897899
122212331435143544556666778897789998
111123332223444455556677869786978899
111122332435243564456675687788879999
122211123344534453665576777688998899
111122332243444355665766578897789998
111213423342354255465776776688998899
111122223444355436553666777879889998
112211223334344456665776557788998899
112231123452345534456677667789998889
112213321432443545556678667899789978
111212223334534456475667567788889999
122311234123455346574657668788879999
111122232453445364536657677789998889
111122234253455346534666788877789999
111234123442334256665567859788978997
112212231433444355556778677869886999
111122223344344535556677869786978899
111233123322445564556477667788889999
111122234233444355556667867789978899
123312331244124455556667869789978897
123312331244124455556777666788898999
111123442345234523556678697869789978
112213241324334455556667687788879999
112231123332445545564666788877789999
111122223344335466546755677788889999
112212231443443355556677687768889999
111213324332455245664576777688898999
122211234133445345567756877688869999
122312231143554365446577667788898999
111122332233444455556677667789998889
111123342344235426556665777788898999
112231123332455645564776477688998899
122212331443144355565776887688769999
111231223324344455556666777899789988
111213323342444256665776557788998899
112231423142344535556666777879889998
112211223334536456645564778978897899
111212223445334536456665778897789998
122211321433445364556665789978897789
111122223333444564556675677788998899
111122332433244455565786778678869999
111122223333455545664476777689998889
123312431243124455667556778679889998
111122223444333455665566778877889999
111213224332443546556665777788889999
112312231423445345556777666788998899
112231123342534455546777689768996889
111213223332444456775677568856889999
123312331224154455647566776897889998
122312431243154355465666788877897999
112312231233445564556477668799879988
122211234133455345564666788978897799
111213323322455546654766478897789998
112231223145344534556666777899789988
111233123452345264556477687968798899
111212223444334536557658766877989998
112213241324533455645666788879987799
111123332345244524556777668769889998
122211123444335435556777678868896999
122312231433144455556777666788898999
111213324432453245556677866789978899
122211321333445644567756785678998899
122211231333444564756775667588889999
112213321332455544564776879687968899
122212331133445545564776877689968899
111122223344533455546677866789978899
122213321334154455467566777689998889
111122234423443356775677566858889999
111122232443443355556666777878889999
122213421344133456665576857788978999
112231123332444566457665788578897999
111212223444354635563576777688898999
112211324432443355667566758878897999
122212331334144456675667587758998899
122212331143444355556667688788979997
112231123442345634567556788678897999
111122332234553465446578697869789978
122312231443144355556667677788889999
112213321332444564556675867789978899
111122223445344533556666777879989988
111122232433445346576657865788978999
111231223324344455665576887689778999
111122234423453345567566776897889998
122211321334534455546777678968896899
112213321432443546656655788877789999
122211321333445564756475667788998899
122312231133455645764576477688998899
111122223345334564456665777879889998
111122232443554355436667869789978897
111122332233444455565776876687998899
111212223334534455546666788978897799
123312231423144455565666788877789999
111123332234524455647566788677889999
112231243124355436546657688788779999
122212331433145544656665777899789988
112211323332445645564566777879989988
122314231423144355556677668799879988
122212331133445544556777668796889998
111122223334344455556777678868896999
122211231433445346556665777899789988
122312231133445564456775667788898999
123312231123455546654467896789978897
123312231423144456665567857789978899
122211123444345533556666777788898999
122211123345344534556666778978897899
122312231133455546654677468788879999
111213324432453245665566777897889998
111231223342354455465776877688869999
112231123332444456665786578857789999
111233124332444255556666778877889999
122211324133444355556777678869986998
122212341534153455346778667869789998
111233124322435546754675667788889999
111123332344225466546755677899789988
111122234233444356665567577788998899
122211123333445544556777668769889998
111213223332444564556785678867789999
111122342334235455546667677788889999
122311231423444355556667896789978897
111213323322456645664557488788779999
111231223324354465546758677869789998
111213324432443256665776578857989998
111122223344335466546655777788998899
111213324432443256665556778897789998
111122332233455544654666778978897899
111122332334244455665766577789998889
112211223333455544456666789978897789
111122232333445564456775667788998899
112231243124335465546657867788798999
111122223445345534653667886788979997
111233123322444546556665777788898999
122213421344133455667556788677889999
111122223333445545564666777878889999
112211324432433546557658766877989998
111122223444333455665768576877889999
112231423142344535556667677788998899
122312231143554356475647667789998889
111122332233445564556477677868889999
112212231333445564756475667899789988
111123332234254455645766876987798899
112213321332455544564666778879887999
112211234523455345634766776878889999
122211123344354435556777668769889998
122212331133445546554677866788879999
111122332233445645564566777878889999
122211321333444546556675677899789988
123312231123444546657665778597889998
122312231143444355665566789978897789
122212331133455544564766777688889999
111231223425345534567466788679887999
111123332243244455556666777878889999
122211321333444566456755677788889999
111231223442334455567756776688998899
111122223334553465546784678867789999
111122234423453345556667687788978999
111122234523455345634768776879689998
111213223332444564556675677788889999
112211324432453345667556777688998899
111233123322444456665567577789998889
111122342334253455546778697869786998
122212331433144455556666788877987999
112211223333455645564766478877989998
122212331334144455567566776879989988
111122223345344534556777678869886999
122312231433144566456675887587798999
122312231143554354465776877688869999
122211234133444355567856788677869999
122211123444333456675667587758889999
111213323322445564556477668799879988
111213323322444456665678557897789998
111212223344335455546777666789998889
122211321433443546657665778579889998
111122232333444455556667687788879999
111213223342354455465666778879987998
111123332223444455665576777688889999
112312231423445345556777688769886999
111213323322456645564456777788898999
111231423442345236556665777879989988
111122332433244564556665778879987998
112213321342534456645566778978897899
111122332334244456665556777788898999
122212331133444546657765786578998899
111234123442334255665566778978897899
111122342534253455346778697869786998
112211324532453345564666777788998899
122312331243144455556666788877789999
112231243124334455667568756879987998
122212331453145344556677866789978899
122211321333455644567456788679887999
111123332234244455665776577688998899
112212231333455546654766477788889999
122212331133455546654667487788879999
112231123332445564756475677869889998
122211234133444355556667886788779999
122213421344134563556665777878889999
111231223342354455546788677867986999
112231223144354435665566777789998889
122211321333455546654678467897789998
122213321433145544556666777899789988
112314231423442356665556777788889999
122311234123445345556667677788889999
122212331143544355465666777879889998
111233124332444255556777678868896999
111212223444335435556667689788978997
111123332344224456665576577897889998
122211231443544356635566788877789999
111122234233443546556665788978897799
122213241334135455546778678867896999
122211123333445645564756777688889999
112211324332435546654665777878889999
112211223444335435556666778897789998
111212223444355433556678697869789978
112213321332455645664567477789998889
123312331244124455556677668799879988
111122223334534455465776877689968899
112213221333445546574657869786978899
111122232443443355665566777789998889
111122334223445345556666777879989988
122312231433144455556778667869789998
111122342234553455346677677868889999
122211321333444546656655788877897999
122314231423145364556775677868889999
111231223324536456645674577897889998
122211321333455644567456777689998889
122213321133444456665556788879987799
112211324432443356665776557788889999
111213323322444455567856789678967899
111231223324344455567566778679889998
111234123452345234556778678867986999
112212231443554356435666777899789988
122212331133455544456677689768978899
111231223342534455546667688799879987
122312331234154465746577657868889999
122211321433443546656675887589778999
111122232433544355465766776897889998
122211324133444355567756879687968899
122211231443544355536666788879987799
111233123422345544556678677869789998
122213321334155466546654788879987799
111122234233444355556666777897889998
112231123332444566456755677788998899
111122234233445364576557687768998899
111122234233443546556675687788879999
122211234133444355665667589788978997
112211223334536456645674587788879999
111123332243244456665567587788798999
122211321334553455446666777788898999
122211123344354635465576877687998899
111212223333445564456665777899789988
111213324352435245564766876987798899
111231223442334566457665777588998899
122211321333456645764576457789998889
122211321433444355665768576877889999
122211123344533455546789678967896789
111122334233425545564666777789998889
122211321433443564556675867788978999
111213223332455546654667477789998889
122211321433445364556665777788998899
111213324332444256665677588758879999
112211223344355435546667886789978997
122212331433144455556666788879987799
111123332223444455556666788877897999
112211223333455544567466776879889998
111123332243244566456655777879889998
112211323332444545556678667897789998
122312331234155455647764776688898999
112211323332444566456675777589998889
112213321332445546554667869789978897
111122332233444545556677689768978899
111233124332444256665576587788879999
112212231443546354635667577788998899
111122232443544355536677866788978999
122211321433444356665556788877789999
122312231433145544556666777788998899
112213241324334456665576857788879999
112211223333455546654466777899789988
112211223333455544564776778688869999
112231123332444564556657687788798999
111212223445346534653665777879989988
112211223344354435665566778897789998
111233124352435246554666788877789999
122213321334155465546664788878997799
111231223452345534456666777788998899
112231423142354435665566777897889998
122211321433443546657665777588998899
111122332233444567456775667588889999
122213421344134563556665778877889999
111213223332455545664776487688798999
112231123342354455645666777899789988
111231223332444456775667556789998889
112213221345334564456675677899789988
122211123334563456645674587788798999
122211321333455544654666788877789999
112213321332455544567466789678997889
112211234423443355556777678866889999
122211123344344536556665778877889999
112211323332444455556777688766889999
111122332433245564576457667789998889
122212341334134455665567886788979997
111122223333445544556666777897889998
111213223324354465546657687788798999
112211323332444455665576777688998899
112211323332445564556477677869989988
122211123334355455446666778877889999
111122223334354455546666778877989998
111231223332445564456675687788978999
122213321133444564556665778897789998
122211123333455644567456788678897999
112212231433544355467566788678897999
122212331133444455667566758877889999
111231223332445546554666788877789999
123312231123455645564766477897889998
112211234423544356635566777879989988
111213324332444255667566758879887999
122311231423444355556777678868896999
112231123342344566456655777878889999
122211123444354635663556778877989998
112341234123442355567586788678967999
111231223332455544654667867788879999
112211223333455544564666777788889999
123312431243124455556666788879987799
112213321332455544657466777688889999
111122234423455345536666789978897789
122213321433145644567556777688998899
122312331234154455645766776878889999
112211223333455545674867486788679999
111233123422344455556677687768889999
111213224332435644567556788679887999
112231243124354435567756876687998899
111213224332435544556677677869989988
111231223332444545556666788978897799
111212223455344534653666788878997799
122213321344134455565776876687998899
112311234223455346554666777897889998
122211123334344455567586788677869999
122211231433443564556657688798879997
122211324133444356665576857788798999
123312231423145544556777667869889998
111231223332444546657655768877889999
111231423342344255556777668769889998
112211223334536455645664777879889998
111233124332444255567566776897889998
122212331143444355665566778877989998
112311234423452345556788677866789999
111212223333444455565766778678889999
111233123422344456665678577857989998
112312231233444546557658766879887999
112211223344354435567566777688898999
123312331244125465546577687968798899
122312231433144456675667587758998899
111233123322445645564566777899789988
122213321133444546656675887587798999
122211321333444546556657688799879987
112311234223455344556777668769889998
123312231243144455665766578877889999
112211323332445545564666788879987799
111122334233425544657865786978697899
111231223442345534567856786678997899
111122223334534456645566778879987998
122213241334135466546657895789978897
123312331224155466547654768877889999
111233123422344455556667867788798999
111231223332444455556788677866789999
122314231423145364556657689788978997
123312231423144455567856786678897999
122211231333455546574667486788879999
111122223334354455465666777788898999
111231223332455545664766477788889999
122213321344134456775667568758889999
112211323332455545664466778878897999
112213221345334566456645788879987799
123312231423144456665576857788978999
112211323332444545556777678866889999
112231123332444545556677867786998899
112213321332455544654667869789978897
122311231423445345556666777879989988
122211321433444356665677558799879988
122211123345344534656665778878897999
111231423442334256665567589788978997
111122223333445544656665778877989998
111213223324355455647764776689998889
111213223332444455556777688768996899
111233123452345244556777668796889998
112211324532453345564766877687998899
112231243124334456675677568758889999
112211223344354435567756786678998899
112212231433445345556666778877989998
111212223333455544564666788877987999
112212231453445345536666777879989988
112231123332444456775667568758889999
111213223324344455667556777689998889
112231243124355435546678967896789978
122213321433144566456775687588798999
111122332233444455667566758879987998
111231223324354455465666777878889999
111122223334344455556777678866989998
112213221334553465546774667899789988
111234123422345534556666777899789988
111213324322435545564666777789998889
111234123442334256665677587758889999
111122332433244455567566777688898999
111122334223455346554666777879989988
112311234223455344556777667869889998
111231223442345534556777688768996899
111212223445346534653765776878889999
111212223333445564456675677788898999
122212331334155455446788678867996799
122312431243154355465766777688898999
123312331224144455567566788679887999
112213221333455545664476887687798999
111123332443245524567756776688998899
122211123455344534653667867788798999
111231423442334256665576857788798999
122211231433444355665766577788889999
122211123345344534657865786678897999
122213241334134455567856788678967999
111234123422344535556667867789978899
111231223442345534567756877689968899
111212223344356435645566777879989988
112314231423442355567566777688898999
112211234423455345536666788879987799
111231223324355466546754677788889999
111212223445334536457665768877889999
111123332344224455556777666788889999
111122332435243544657765786678998899
122212341334135466546758675877989998
122211324133444355565666777879989988
112231123342534655467546789678997889
112212231443443356665567577789998889
122213321334144455665766577788898999
123312431243124566456775678597889998
122211324133444355567856789678967899
112211223344334455665576777688898999
111122223334344455665566777879889998
111212223334354455546666777897889998
112312231233444545556788678967896799
111122334223456345674567856788978999
111123442345234523556777667868889999
111123332223444546657665778579889998
111231423442334256665768578857789999
122312431243144356675667557788998899
111123332344244525556666777879989988
112213241324534453675567886789678999
111122232433544355465776776688998899
111212223444345536553667867788978999
111122234253445345536778677866889999
111123332443244526657655768878897999
112211223334534456645566777879889998
111231223442344536556665777788998899
123312231423144456775667556788998899
112213221333444546556657688798879997
111122332233445546554666777788898999
123312331224155455646664788877789999
111122332233444455665667577789998889
123312231123455545664467886789978997
112213221333445544556666777788889999
122212331133456645664577457899789988
122211321433444356665556788877789999
122213321344134455675667586788978999
123312231423144566456655777897889998
112231123332444564556675867788879999
122211123455344534653666788877897999
112211234423443356665776557899789988
112211234423443355567756786678889999
111122332243444355565766777688898999
111233123342554256475647866788879999
122211123334355465546774687768998899
112211234423443355567566788679887999
122213321433144567456775667588889999
112213321432443546656655778879987998
122211123455344533456777678868896999
122312331234144455556667688788979997
111123332234255455446777688768996899
111213324322435545564776877688869999
122314231423144356665556777788898999
111123332344224456675677567859889998
