11122122231243312453144534455345553
11122111123222233345344453445534555
11112113124333244332453524555244552
11111222213222134445344553344533555
12222132241332411344113545335455554
11122111123344233452344523455234555
11111212212223324433444435545355553
12222122231144315543154431544355533
11122111221342233442333445355455554
11222311223142231444314453354535555
11111112334422342253442534425355553
11112112221223233333344454455544555
11222111223314233142344453544535555
12222113221133211334553345544455544
11111222213322133244344453445535555
12222123331233312443115441555455544
11222112221112344433544335544355553
11111122213222233334355543544455544
12222122231333311343115445555455444
11222112221323413334153345555455444
11111122221233244432454334543355555
12233112234112341123445234555344555
11233122231123341233412554444545555
12222123321433214433114431544555555
11222111223112233344553445334455554
12222133321332211334511445555455444
11222311123144231342333425554455554
12233122331122341233411554455544455
11112113123333243222434424445555555
11222111221332214333444435544355555
12222111123311233332434554444545555
11111221212222343333445534455344555
12222112321333211344153345555455444
11112122221334213442334443554535555
11111221312333323344224445245455555
11111222112233342243444434555355553
11222122221113413334335543554455544
12333122231123341223411554555544445
11222111221133244432544335445355553
11111213132333324443244452245525555
11222112223144231444313443335555555
11122132241322413324133545355455544
11111123132233324355243452444524555
11111112234423345233452234552344555
11122111223133233342543425444455555
12222112321123313334153445544455554
11222112221344213344133443354555555
11222132221332411334133445444555555
11111222314233142355423354235544455
11122111223142233452334553445534455
11111233412234122344223445335455555
11112111323333233422444425454255555
11112331123312234442334225444555555
11222112221133213334535345555454444
11222111221332415324553445533455344
11111213142333423344223545225455554
11112333124431244312433224452555555
12233123331234412344124451245515555
11122111123322233324335545555454444
11111221132244322243555435444355533
11111122213332433224332445554455554
11122122221123413334534445334455555
12222122331323413334114445145455555
12233112231223311233144454455544555
12223122331223311433114445545455554
11111122231422344223445334555345553
11111112332223322233444434455545555
11111211222222344443443334533555555
11111221123222233333444435544455555
11122133221132413324533245554455544
11111123312233324443224432554455555
11111112332224322243554435554355443
11112333123311233422544225444455555
12223122231233314433114441445555555
11123112231222314253444534445355553
11222112231223311333455534445544455
12333124331243312455124551245512445
12223122331223415334153541555415444
12222111221132413354333543555455444
12234122341233412334125341155455554
11122111221222344453445534453355533
11111211332233323344255542554425544
11111112232222324443444334533555555
11222112221132415344553345534455334
11222311223312233144531445355455544
11111221332413524335244352443524555
11111222314233142233425354453544555
11222112221133241333444354553544555
11111222113222234444333453544535555
11112133221332213224335445555455444
11111112334222342233424354443555555
11111122314423342223425534455345553
11222111221122343333435554345544455
12222122331233311134514345544455554
11112113221333233222345554444544555
11111211332243324443254432545325555
12233122331122311423144435454455555
11122122231242314433145534445355553
11111211332333322344225542555455444
12222111123411234442333443554535555
11222111221133245532455334555344443
11222111221344213442335443554533555
11222111223311233442344453344555555
11112112223122433244355543354435554
11222122221333313334115545555454444
11111122231243352433524435254355544
11112122221324413244333345534455555
12333122231123311234152545555454444
11111213312333423444235542555422554
12222122321443314443114431553355555
11112132121322233442344443355455555
11112131124332244322433524435545555
11111221132222324443544435554355533
12222132221334413334113445144555555
11111221312223344223444334543555555
12222111121333214432443335444555555
11112133121322233442344423544555555
12223122231442311443514335144355555
11223122231223313334114445545455554
12222132241332413344113541535455554
11122111321333233432444224445555555
11111122213224432234333345555455544
11111221213222433244333443544555555
11111122212223323333444534455544555
11111122213322243255433354355544445
11223111231122344423445234455355553
11111122213322432244355443355435554
11223111231122344223544435443355555
11111221213222233334534345444455555
11111221134222344233442335443555555
12223122231233314335144451455514455
11111122213242532445324553344533455
11112122221223314433444435455355553
11122122221134213344335443354455555
11111211332444322243244432555355553
11112113124433243322443524435255555
11112314423142231442344523555233555
11122132241322413324133545355455544
12333123331234412224125541554415554
11222122231112341333444335444555555
12222111121132233334355543545455444
11222122221133313343144435544455555
12222133321333214432144441555415555
11111223312333122433244452444555555
11122331223411234122344443555435555
12223111231122341233444434555345555
11111122231233342533425354255544445
11111112223324432224333445535455554
11112314423154231542335423554235542
12222121231112344133445534555344553
12222133221344213444133441355515555
11111112223344233422344423545535555
11111122213332234452334523445544555
11233122231233312344124441544555555
11111121332222322333444345544455555
11111231412344423334233442255525555
12223123331224311243515435154455544
11111122221233233342334445445455555
11112112223122234445334553445533455
11112112223142233442333443544555555
11122311223112433224333445444555555
11111233312334125344253442555422554
11112331123321233222344454454545555
11123122231223311233444345544455555
11222122321233313344113545555455444
11122111321333243332444424545255555
11111122132233342235423354555544445
11111112234442342223425534555345533
12222122341233411344113445335455555
11111122331222344223444334555345555
12222111221133241433444535445355553
12222112221333311443155435554355444
11111121332223322233444434544555555
11233122331123341223412554555544445
12333122331222312443111445555455544
12222113321332213444134451344555555
11123112231222312443444335445355555
11233112231224315243152435544355544
11112122221133244532455334555344453
11222112231442311423444335455355553
11112331223311233442434224445555555
12333122231122341123441435444555555
11111123132233322443524435254455554
11112113321443254432554325543255432
12233122231423314233144451455514555
11112131124332244322443324553545555
11111112332222322443444534455355553
11112341123421234222345553444533555
12222112223144531145331453444533555
11122113221432214332443354443555555
11111122331422344223544235544355553
11122311123412234224344443355535555
11112113124433244332444325553255552
11111222112233422334533445354455554
11222111123441234422344453555533355
12333123431224312243112441544555555
11222111323113233332455524545544445
11112311223313243332444425445255555
11222111223311234442354443554533555
12222122231111344413453334553544555
11111112234423354223542235444355553
12233122231224315543115431554355444
11122122221334213344133445535455554
11122113324113244332433524445255555
12223112331123312243144435554455554
11111112223333234432345524455244555
11111213342133422344253342554425555
11111122341223422234555345533455344
12222134421334213342153441535415555
11223111234112344523445234552345553
11111121223222432444333443535455555
11111221123222233344344443355455555
11111122231242322443444435555355533
11111222213242132444344453335535555
11112133221322213324553345444455554
12222121321113214333444534545345555
11112131123332233442344425454255555
11222111223112234555344553344533445
12222112231442315443154431543355553
11122311223112233442344453454535555
11111122331223344233452234555544455
11222111223112233333344445545455554
12222133221334213344134441145555555
11112313123331234222344254445545555
11111122221232244333443334555544555
12333122231242314423114431544555555
11111221312223342335423354445544555
12222111121132243335435354355544445
11111211332224324443245432453355555
11111222113322233424334445355455554
12233112331123312243152445544455554
11112311123333234422345254452544555
11112121221222344553455534453344533
11112112221324433224334443345555555
11112122221233214335444354433545555
11112311123344234422334425354255555
11222311243112431524335243554435554
11122311123144234422334253344555555
11111112223332234224344443554535555
11222312223112433154331543555455444
11222133221332211334514345444455555
12233142231442314223144531455315555
11111221132222342533445534453344555
11111112223333234332444425445255555
11122132221322413344135443354455555
11122111123322233332434454445545555
11122113224133241332453324555544455
11111213142234422344233442533555555
12223122331233412344113441555455554
11111222212223133333455354455544445
11111221132223324333245354455544455
11112331123312233222344454455544555
11222111223112234444345453354533555
12233124331244312433124451254515555
11111221212222345553444534555344333
11122132221332213334134445555455544
11111222112234425334253345533455544
11112131123322232244354443545435555
11122311123122234425345553445533445
11111211332333322344244442545525555
11122112221223314433544435443355555
12333123341233412554125541255412544
11122112231222314443443334535545555
12223122331233412334155441155455544
11112112221322233334343445444555555
11122131121333233422354425554455544
11112111323333244332455524555244452
11122122231422314333144435445355555
11111122331223422334233445555455544
11222111221333214352443554335544455
11222111121332233324353445544455554
11111112223333233442355425544255544
11223112231122314423544435454355553
11111222212234123344334453445535555
11111122132224325443254435544355533
11111211332333423444235442555422555
11122122221133214333444435454355555
11111122331233342223442435444555555
11111213332134323344224442555425555
11111222312233122433444354443555555
11112113221333233322444425444555555
11111122134255342253422534555344433
12222123241132413344133441355455555
11111223142331422344233442355455555
12222123321134213344153341555455544
11111122331222344233542335444455555
11111122312243324443245532445355553
11122111221322453234533345553455444
11111122123322234424344443555533555
11122113321132243322453354555544445
11122111223132233324344443555455554
11112331224312243125433254355544455
11222312443124431224311443355535555
11111123132233322223444534555544455
11111221134222344233442534455355553
11111122213224435254352543555433344
12222113321113241332433454444555555
12222112223111433314333445544455555
12222123321433214435143351455514455
11111221314223542235423354335544455
11112112123222233444333445354455555
11111222113422534425344253345533455
11122111123333243332444224445555555
11122131221322213333445354455544455
12233122231122314443144431455355555
11222122331122311333455354555544444
11111221132444324433254432553325555
11122112231422314233445534553344555
11122113221432214332445334455345555
11111222113222233345344453454534555
12223124231442314423114335143555555
11112131221332244322443354435545555
11112132121322233244335543555455444
11122133221433214322143354455544555
11111222312423124533245334453544555
11111212132222342333443354444555555
12222112331122311433444335444555555
11222122221333311435144354443545555
12222112221333313343154441555455544
11122311223311234442333425444555555
11111221132233342233452534555544445
11111233112333324435224452445524555
11222111221133233332435554445544455
11222122331122341133444435445355555
12223111231222311433554335544455544
11222111221332413324335443554455554
11111211332444324333245532445522555
11222133421334213442134421354555555
12222122321443314443144331555315555
11222112324123241335413554435544355
11112112223122233455344553444533455
12222112321123314433144435544355555
11122131221332213342433454444555555
11222112223111233334343445444555555
11111121334222342223444335443555555
12222121221113314433443354553544555
12222122231133311133455354455544445
11111212132223322433544335444455555
11111221312333324453244532455524455
11111213132233322223444434454555555
11111222112322433324344443354555555
11122131221314233442334425354455555
12222111221342513455134553344533445
11111112223224232444344453333555555
11111122213322243255433354435544455
11222111123133233332444425554455554
11111222112333323433254442544455555
11111213332133423344225442555425554
12222133321432214333144441545515555
11122111123322233244335543554455544
12222123321233313344144441155455555
11222112331222311433444534455345555
11222111121333243432444324543555555
11111221312233322343523445555455444
11112331223311243332444225544455555
11222111221122333333455534445544455
11122133321132241332444325544455555
11122122221112333333344445445455555
12222122331123314333144441454555555
11111221212222344443544335455355533
11112131221344233422334253444555555
11112113123333233442544225444255555
11112131423314233342354425544255552
11222111123312234442333445355455554
11111211332223322433424534445545555
11111222112233342333424354445545555
11222311223312431124344443455535555
11111231132333322345244452445524555
11222111121322233344335543555455444
11122311223411234422344453455533555
12222111121132243355435554333544445
12222123231432314333145551455514445
11222122331122341133444534555344555
11122111221332233324355543544455544
11112311223314235542335423554255444
11222133321443214432114325443555555
11111122132233322343255435544455544
12222133221333214335144451445514555
11111122221332433324533245544455554
11233112341123412234223345555455544
11112112221223344233445534455345553
11222112321123341233444534455345555
11111121332233425344253342544425555
11111112223322234442333445354455555
11122111123322233332344454455544555
11112311123342234442345523445235555
11222122231132314333144534455544555
11112132221322413324335543555455444
11111123312223324453245532445344555
11222111231222314433445334453545555
11111222213222133444344553445533555
11122131221333213342534425554455544
12223122331223311443514435154455554
11111221132222342333455334455544455
12222132221333311433144441544555555
12222111121312243335433554345544455
11122312223142231455314453444533555
11111112222223324453444534555345533
11112312223112233324355443555455444
12222111123112234445344553345533455
12223112234112341523415334453544555
12223122431244312433144531455315555
11222112321223311333444434455545555
11111122221322233344335543555455444
11112311223144234422334425334555555
11111213132333322344244452244555555
11222311123311234422334445345455555
11111221212222343333434534445545555
11111231312333324443224445224555555
11112131221322433524335243554455544
11111222212322133333435554555544444
11112111324433243332445324552245555
12222113241132413324133445344555555
11222311123141233422334453444555555
11223122231233312343114445544455555
11122112223144231442334453554533555
11112113321332233322444254555544455
11112132221334213442533425354455554
11122122231223313334144345544455555
11112311123333244332544425554255542
11111123312223324243244435454355555
11122111223312233424344443455535555
11112133321132243322435524555544445
11111222132331324333244442445555555
11112131223312233422334445445455555
11222111123312234442334443355455555
11122131223311233322435554554544445
11111222112322433244333543555455544
11112122221132243333445334555544455
11222112221334211344553345334455554
11222111221312233334355345555454444
12233112334122341123441235444555555
12222122231133313344135541554455544
11111122221223344233444434555355553
12222113221132313333144445455455554
11222111321413244332443324553545555
11111112334422344523455234552345523
11112113123332234422344423445555555
11112131221333233322444424454555555
11122122221332411344533345534455554
11112122221122333333444434554545555
11222112231422314443143334455355555
11112113324133243352434524445255552
11112131123333234432444524555245552
11111221312233322343244434455545555
11111211332333324344244442555522555
11112122221132433324344443455535555
11111112223224232444333445334555555
11111112234423342233422354553544555
11122311223312243125433554435544455
11122122221233314443145435454355553
11111122212232342333444354453545555
11111123312243325443254332544425555
11122131221322413244335443555435554
11122122221112333333344554444545555
12222111121332213344553445533455544
11112131221344233442333425544255555
11122131223312233124533545555454444
11222111221312233333445354555544445
11122112221332213344335443555455544
11112131423314233442334425554255552
11111123331223322334522545555454444
11111221134223342223443335444555555
11222112231122314433443335444555555
11112112221223233334334445445455555
11111231132333323444244542555422555
11122112231222314433554435444355553
12222132221344413454135541335413555
11111122212232233333344445455455554
11222111223132231344333545555455444
11222113324113241532445324553344555
11111122213232233332434454445545555
11112133221332213442334425544455555
11111112223344234422344523345535555
11112131223313243332444424545255555
12223111234122341233414334445555555
11122132221333211332443554455544455
11111211232222344423433334455545555
11122112223112233333344445444555555
11111121332222322453444534445355553
12222122231111344133433354455544555
11111122221232233333455354555544444
12222111121342213455334453444533555
12222111321413214432444334553355555
11112112223142233425344553345534455
11111222212332123344335543555455444
11222122221111343333445334455544555
12222112221113314443544435455355533
11111122221344233422344443355535555
12222111123311233442334553445544555
12223122231112314333144434455545555
12223121231112341423444334543555555
12222112221134413334153345553455544
11111221213222233344553345553455444
12222111321113244432445334555345553
11122311123312234442334423544555555
11111211222222343333443435444555555
11111112222223342333443354444555555
11222112331122314423544435544355553
11222111223314233142344443354555555
11112133221432214332443524435545555
11112331123441233442344223452555555
11111222213222133344355443554435554
11233112331123341223444224445555555
11111222213324133244332443554455555
11122122221234411344333445335455555
11111221132223324553244534455344553
11123122231233312233144454455544555
11122312223112231444335543554435554
11112331223311234222344443445555555
11111122341233422344253342553455554
11111122231222344423443334553545555
11111122221222344333433534555544455
11111213312443322433244532455524555
11111121234222342233445334553544555
11222111231442314423554235443355553
11112331223112233322345554455544445
11111112334423344233442235452255555
11111122213332233224355543545455444
11222134221344213442134551345533555
11112311123332243332444224545545555
11222311123311243332455324555544445
11111221312443322443244532545355553
11111212312223324553245334455344455
11223122231122313333144554455544455
12333123441233412344122441525515555
11112112123222233333434444445555555
11111112223332233332455524455544445
11222111221133244432455334553344555
11111112223322233342354443555455544
12222111121312233444355543355435544
12222122231111344143444435555355533
11233412334122341123441235442555555
11222111223314233142355443555435544
11111222212332133324533445544455554
11111222212324123444333345354455555
11112134121344233342534425345255552
11122314423114233142334425345255555
11123122231423314235142354453544555
12223112231223314553144531445344555
11111221332213324453245532455344455
11111123331233422234522345544455554
11112311223142234442344523455533555
11112111223332433224533245444455555
11222111231122344253444534455355533
11112131124332244332444325453255555
11122111223142234425334553445533455
12222121121113233333443554555544445
11122331223112231442355443544435555
12222112231112314433444435455355553
11122122221113244333444435543355555
11122111323133233322445254455544455
11111112334422344423452234525355553
11111233312233142233425554245544455
11122111324313243332435224555544455
11122122221233311443444435554355553
11111211232222342333443354445545555
11111223312433124433244432554525555
12223123331222311433114445445455555
11233112231123314223444235444555555
11111221213222432444355443355433555
12223122431224315443154431543315555
11112122221333213432444334445555555
12222111221113244433554435443355553
11122111123222233455344553345534445
11111122221322453234533345534455544
11122311123412234442344423555533555
11223122231243312433114354445545555
11222112321443211432444335433555555
11111123331233422234522345554455544
12222133321143214432114335544455555
11111112234222345223455334455344553
11222112223111233345344453444535555
11111123312233324553244532455524445
11111234412344123444235552335522355
11111212312223324233444354453545555
11222113321334211342533425444455555
11112312123122234442333445344555555
11111112223322233425334553445544455
11122131123331234322344425554455554
11111222212223144333544435454355553
11111123312223342253442534555344455
11122113241332413324332245555455544
11222311223111233442355443354455554
11222133221332213444133541555455544
12233124431244312433124531245515555
11111122213332433224332445544455555
11111123331233422234225345554455544
11112112221333233422334445554455554
12222111221112345553445534553344433
11112131123322243332434424445555555
11111123132233322443522435444455555
11222111121333244352433524355544455
11233122231122311423554435554355444
12222123221133313334154441555455544
11111112222222344433454334545355553
11112314123441233442334425355255552
11222122331124311243544435443355555
11112122221233312443544335444355555
11122113224133241332445324553544555
12222113321332213445134551345544455
11222311223122431144335543355455544
11122111123322243235433354445544555
12222132221333311334115545554455444
12222111121132244333544435554355543
11122111223122233444335543354455554
11222122221111333333344445545455554
12222123341233412344153341554415555
12222111223312453114533445533455544
11122112221123233333455534455544445
11111122221332233324355543544455544
11112131421334255342533425534255442
12222123321133211433414354444555555
12222122321113314433144335544455555
11111122213442534225344253344533555
11111222132221324433443334445555555
11112122221123233333444434445555555
11112311123332243222433554455544455
11111223112233323343254442545455554
11112113321332244332444324555245555
11111122213322233424354443545435555
12222111221312413344333345544455555
11112133321432214352443524435245555
12222112221111344443443334555355553
11122131121333243322443425444555555
11111112223224232444333445533455555
11111223142231423344253342535455554
11122112223124431254333543555435544
12222111324413241132443334453555555
12233122231123314243144431554455555
11111233112233324433254442555425554
11222112221113243333443354445545555
11222112331422314423145334453545555
11111222132421324443244435533355555
11122331223112431224335445355455544
11222311223114231442344453334555555
11112112223122233334355543544455544
11223112231222311333445354455544455
11112122221333213342334445445455555
11222113321134251342533425534455544
12222123331233312443155441155455544
12223122231123311143444434545355555
11123112234122341223455534445345553
11111123312243322435244352453544555
11123111231222342233444534455345555
11112331123331234342444425545255552
11111222112222344333443354553544555
11112113224133243322443254435545555
11112111222222344333443354453545555
11112311123222234442334443345555555
11123112231123322233444434554545555
11222111123142234442335443354535555
11222112221332311333444435444555555
12222111221314213344533345344455555
11111223312334123344223545255455544
11111213312223342553422534445344555
12222122231144315433154431544355553
12223122331223314433144551444515555
12222111121133244432554335544355543
11122122221133213344534445334455555
11122111123334235542335423554255444
12222111121333214332443354445545555
11111112332222342233444534445355555
11111112223224235244355543355433544
11122111123332234425344253445534555
11222112334122341253415534453344555
11222122231112314333544335444455555
11122111231422344233442354433555555
11111222213332133224355443544455554
11223112431124351243522435544355543
12222122321333311433144441455455555
11122131221322213444335443554435555
11123112231423314223442334445555555
11111222112222333333444534445545555
11122311123341233422334245544455555
11111213442133422234252345553455534
11111221332213324333245552444544555
11122133221334213342135425554455544
11222312223124431144331445334555555
11122311423154231542335423354255544
11122111123332234422334445355455554
11122112231442314423544235453355553
11122111123333234322344245544455555
12222132221333311143551435554455444
11112111324433243332444325545255552
12222134221344213444133451355513555
11122122221233311433444435454355555
12333122231233312455124451145544455
11111213342134423334225342555425554
11112112223122234444335543355435554
11112111324443254332543325443255552
11222122331123311234553345555454444
11111222312423124233445534445355553
11122133221332213324135545554455444
11222112221334213444133445533455555
11112113321443244532455324453255532
12333123431234412344122441525515555
11123411234122341233442334525545555
11111221312333423344223452444555555
11111233142331423544235442354522555
12222111121133233332344444455455555
11111233142231423334225345255455544
11123412234122341223413334455545555
11112122221342213444334543335455555
11111213312333324434224445225455555
12222123221133314333144441454555555
12223123331223314243144441554515555
12222111123131233332344454445545555
11222122321133241133443354444555555
11112131123322243225433554355544445
11222111123122233344353443555455544
12222112331122311333455534545544445
12223123331234312243144441455515555
11111222212223133334355543544455544
11111213142234423344233442355525555
11111112222223233333444435444555555
11222312223144231444311543555433555
11111121332224325443254432554355543
11222122221113313333443554445544555
12222122231113311433444434555345555
12223111231412314423445234455355553
12222122231333311443154431544455555
11222111223142231444333445533455555
11112311123222233342343454444555555
11111211222222344533455334555344453
11111112222222333333344445444555555
11111222212233142333443435444555555
11122331123311234422334424445555555
12233142231422314233144351144555555
11111213312223322433524345544455554
11111222132231342333424354444555555
12333122231123311223144444455455555
11111122132223324333245534445544555
12333123441233412534125441255412555
11112113124333243332444424552255555
11111122221223342433444354433555555
12222122331423314443114435154355555
11222132421344213442134451333555555
12222122331233413334114441555455554
11111221312223342253455534545344453
11111223112433324433244352455524555
11111212312223324233445534555344455
11111112223224232344333445535455554
12222112234112344113443335445355555
11122311223112433224335545354455544
11111223112333323344255442544425555
11112113221332243332444324555544555
11111222312233122333444434554545555
11222133221322413334154341544455555
11111122213342234422334453344555555
12233112231223312433114444445555555
11122111123422234442334445333555555
11222311123122231444333445344555555
11222312223111233314534445344455555
11122132221333213432134445545455554
12223123231233312443115441554455554
11122122221233314333144534445545555
12222123331234312343114441545455555
11111122212222343333443354445545555
12222122321113311333444434545545555
11112132221332213332445354555544445
11222122221113344153455534555344433
11111122134223344233442354523545555
11111121332222344423454234555345553
11111211332233323344244442455525555
12222111223112431444355543335435554
12223122331233412354113541555455444
11112311123455234552344523345234452
12333122231123341223415554145544455
11222122231112341333443354455544555
11122311223112233442344553444535555
11112133221322213442533445344455555
12222123221333413534115341555455444
11122131221312433324353245554455544
11112341123441233422334225344555555
11111213332133322434224445255455554
12222113221433214433154431544355555
12233123331234312244124441545515555
12223112331222311333144554444545555
12222111223111233333443554455544455
12233122331123312243114445554455554
12222121121113233333455354555544444
11222112221113243333435354455544455
12222133221333211334511445554455544
11222112221332413334134445344555555
12222132221334513445134551345513445
11111223312233142233442354555544455
11222311243112433124355243355455544
12223111231222311443444534455355553
11111122123222233344553345534455544
11122111223414234442334425333555555
11111231312333323444225442555425554
12223122231233314353145551445514445
11111112223333243332444225544455555
11222122331224314443144331455355555
12222111121333214432544335444355555
11122312223112233144344443455535555
11111112234222342253445534455345533
11112111223444234342333423554255555
11111122212232455324533445534455334
11111233312223124235442354443545555
11111211342223423334253342555455544
12222132221333311433154441554455554
11112333123311233422544225444455555
12222111123114234442333443355455555
11111122123422234442335443355435555
11112133123341234422354223544455555
11111122134223342533425534255344455
11112312123122234244344443335555555
11111213132233322433524445244455555
11122112223112233444355543354435554
11122112221332214333444354453545555
11111122213222433524355543555433444
11112111223332233422534445355455544
11222122231142311443444335453355555
11111223132231342333425554255544445
12223122231244311433144351443555555
11111122212223455234555345333453444
12222112221111333333444354455544555
11111122212232233344533445534455554
11112122221342213445334453344535555
12222122231111344413444335433555555
12222112223145531455314453144533345
11111222112233322334533445555455444
11122113221333213342534425544455554
12223124431224312543155431544315553
12223111231412314223445334453545555
12222112231112314333444434455355555
11222122221133411334333445444555555
12222121221113341333444334445555555
12222112331122341133444334544555555
11122131221312243332433554445544555
11222133221322413334135441555455544
11233122231122314523145534455344455
12233142231423314253142531445514555
12223122331233312345144451444515555
11222111223142231444333445334555555
11111222112333324343243452444555555
11112311123344233442344423555255552
11111222113322432244355543554433554
11222311223311233312434444445555555
12222111223114231444355543335435554
12222123441234412334113341535455555
12222112234112341133444534545355553
12222122231133314433154341544455555
11112112123322233332345554455544445
11222113321132214332444354553544555
11111231132333324434254442555422555
11122121231222314553444534455345533
11112133321344213442334225445255555
11111233112433324453244532445522555
12223123331233312244155541154455544
11111122341233452344523345223455554
12222123331234312543115431554455544
11111233142331423554233542555422544
11112111223333233432444424545255555
11111222112234422344333443535455555
11112133221344213442334523445255555
11122341123411234422344253345535555
11122122221234411334553345334455554
12222112221344413354133541335455554
11111122213322432244354443554533555
11111121332222344223445334455345555
11122133221332413224133445444555555
11112311223122432244335543554435554
11111213142333423344223452544525555
11111122331233322443244432454555555
11122122231242311433544435454355553
11222112223142531445314453344533555
11222112221333211344553445533455544
11111211332244352243522435444355553
12222122331233311344513445154455554
11112113124433243332435524445255552
11122111324133244332433524445255555
11111122221233322433444334555544555
11222311123411234552345523445533445
11111213442134423345233452234525555
11111122312223324233444335544455555
11122131221322213444533445334455555
11222111221122344433454334555345553
11111122221324233244333443554455555
11111222112333324443244332445555555
11123122231223312334143445444555555
11111213312333323444222442554455555
11233122331222311123444434445555555
11112311123333244432544325544255552
11222113221332413324135445354455554
11122113221133233322434454445545555
11111222212223133333443554445544555
11122112221122343333435534455544455
12333122231222311143514435554455544
11222122221113341333444534545345555
12233123331224312243144441455515555
11111123312233322223444434544555555
11111222112322453324533345553455444
11233112231223312234155345555454444
11222113221132213333435554554544445
11222112331422314423143334455545555
12233123331233412444125541254415555
11122111231222344233544435554355543
11122111321333244332453224555544455
11222111123144233342335423554455554
12223111231222313333144444455455555
11122131223311234452334523445544555
11111112222223345233455334455344455
11222112221133213345333454444545555
12222122331233413344135441154455555
12223112331224312443115435554355544
11112311223312233224355443554455544
11222122331122313333144445445455555
11111222113222433324335445354455554
11111213312234423334235442254455555
11112133421344213442334525345255552
11112122221324213444333443354555555
11111112223342233442533425344455555
11233112231122341223455534455344455
11122132221333211432444354553544555
12222112223144431114335543335455554
11111123312223342553425534245344455
12222122321443314443114431553355555
12223122231112344113444435543355555
12223123331223314234144441154555555
12222111123441233412344553344535555
11222312223124431114334445334555555
12223122231233314433114441555455554
11111213142333422234225345553455544
11222122231123341335413354555544445
11112311223122432244334453344555555
11111121334223344233422234445555555
12222122321333314353144551455514445
12222123331233412334155441154455554
11222311223412234115344453344535555
11112133121342233442534225344455555
11112122121322243333435354555544445
12223112331223311234514345444455555
11122111221333244432454324543355555
11111122221232244333444335445355555
11111122213222233344344443354555555
11112131124332244332445324553245555
11111112334223542335422354423544555
11112111222222344553445334453345553
11111121334222344233422334455545555
11222112321123314233444534445355555
11122311123312233322434454445545555
11122112223112234555344453344533455
11222112231112344423544435453355553
11122112231122344233455334555344455
12222112221111344433454434555355533
11222122331233412344113345544455555
11112311223122433224355443555435544
11112122221132244333445534553344555
11111213332133422344223442544555555
11222111221133244432455334555344553
11111122231222342333455534545344455
11112111323333243322444424455255555
11111112332222322443444435545355553
11111122132222342333444435544355555
11111222113222433244334443545535555
11111221213222234455344453445533355
11222133321132211332443554444545555
11233122231223312433144441445555555
12223122231123311453414534445345555
11111122231233342355423354255544445
11111122221332243332433454444555555
11111213312233324433224442445555555
11112111223422234442345553445533355
11111213342133425534255342553422544
11111112222223233334534445345455554
11111211332222342233445534555344455
11222122221111344333444354433555555
11111122331222342333423554444545555
11111222212233124333444434545355555
11122331223111233332455524555544444
11111112223222433324344443554535555
11222312223111231444344453334555555
11111122231223342233444435445355555
12222123231233311334155441555455444
11111222312233123334235445554455544
11222122221333411334153445534455554
11222132221333213344134441554455555
12233122231242311443144331544555555
11222111221332214355443554435544335
11111122331244322243525435554355443
11222133221333211332415554444544555
11222133321334213342114425444555555
11112111222222344533445334553344555
11123122231222311333444534445545555
12223112334122341253411534455344555
11222311123141234442355423554433555
11222111123312233324533545555454444
12333123341233412244112541525455554
11112132121322233442334453444555555
11222111321333213442334425544455555
11222311123312233124533545555454444
12222123321133211433144534455544555
11223122231112344123455334453544555
11222311223111234552345553444533445
12222113324133241132413354444555555
11111122231222344523445334555344553
11122133321133241332444425454255555
