122211121222112231143344333433443444
112211123122311233123322433344444444
111122212221221132313333334344444444
112212221222111213143334333433444444
111212221112112232233333443344344444
111212221112311233223332443344434444
111111221222122312234333433344434444
111211221222122311233333344433444444
111111121222123232323332443344434444
122211121122312231123344333433444444
112211121112313233324322432443344444
111112131223122312432243244344434433
111112221223112314234423442344434333
111112112211322233223332333444444444
111112211221122232423444333433343444
111111211221222232423444333433343444
111112211222132213223333333444444444
111122112111234423342334234423442334
111112221322133211324432443243334444
111111212221232133243324342434443344
111111122112222233223334344433443444
122212121112112231243334333434344444
111212221112112232243334333434344444
111112211211222344234223433344334443
111122212211223122313333443443344444
111112212211223122332333443443344444
111111123312331232223332344244424444
111112221122314231423342344234443334
111111221122312233323442334234443444
111122112113221322332333233444444444
112211221222112231143444334433443334
111112212221221132233333344433444444
111111112122222324332433244344334443
111121112122212322234333443344334444
111111212121222322333234333434444444
111122212211222132413344344434343334
111111213121332233223222334434444444
111233123112311233124332434244424442
112211121322132213221334433443344444
112211121122133213223332443344344444
111112132213211322234223443344334444
111122212221211122343334333434344444
112211221122113213323332443344434444
122211121332133213321332134244444444
111111112221232233223324334443344444
111111223122311233223322433444344444
122211121122112213233333344433444444
111112111222132233223332433344444444
111121112211322433243224323433344444
111111111223222324234423432343334444
111211221122311233323322334434444444
112212221112112231323334344433443444
122211231123122311234123443343344444
111111112133223322432243244324434443
111211221222122213331334333443444444
111111112221222233223333334434444444
111111111223222322232333444344334444
111211221122122312334233433443344444
112211221122112312234333443344434443
111111211222123233323442344233443444
111111111233222322232333233444444444
112211223122312231123314334433444444
111112211231223123342334233424344444
111212221112112233223334334433444444
122312231233123312231123414341444444
111112211123122322232333434343444444
111122112111223322332234333444344444
111112112221232123223344333443344444
111111123312331243224322432243344444
111211123112312234423342344233423444
111111112133222322234243424344434433
111211121332133213224322433244344444
111122212221232133213441334433344444
112213221332133213321322134414444444
111121212221221123442344334433443334
123312231233122312331234124414441444
111121332133211321332234423442244444
111112111221332232243224333434344444
112212221232113213321333143444344444
111111111222332233223332344234444444
111112121212122233223444333433443444
111112111223122322334233424344434443
111211221112321232223334334443344444
111111121122333233324332432244424444
111122213211321132243324342434443344
111112221222122211343334333434443444
111111121332132233324322432243444444
111122112211321232223333443443344444
111231223124312431243124312433243444
111122212321233123312231443443344444
112211221122132213321333334443444444
111112111233122322232243444343334444
122212221223112313331343134314444444
112211121312331233123342334244424444
122211123122311231123332343344444444
122211121332113211324432443243334444
111111211223122342234423442344334433
111211223112341234123442344233423344
111112211121322233324332443243344444
111111223112313233323322434244424444
111212221122312231123333344434443444
112211121112122233423442334433343444
111111211221222223332433443344334444
111111211122332233423342344234423444
111231123112311233224332432243444444
111112221222112213323333344344434444
112211121122122312234443434343334443
111213121312132213324332432243444444
111122112211222123332433443344434443
111112211221332132223342344434443344
111211221222112314234423433344334443
111212221122133211323332343344444444
111111211122332233224332443244334444
122212331223112311231423143344344444
111211121122122322233333344334444444
111212221112132213223334333434444444
111211223112311233323222344433444444
111111221222122212334443433343434443
112211121112313233324332432243444444
122212221112312231113333344434443444
111211221122311232223333334344444444
111211123122312231323332343244444444
111111211122222233223444343433343444
111122113211322134223422344433443344
111112221112312233224332433344434444
111121112211322233323332343244444444
111211221222112213233333344344434444
111231123112331233123332444244224444
111112211121222234223444344434343333
111112221122312231223444334434443334
112213321332133213321322144214444444
111112221222112213243334344433443344
112212221232123312431143414344434433
111111111222222222333333334344444444
111112221122133213223324334434443444
111121112311233322432443224324434443
122212221122111231143444343434343334
111121112131223323332333244424442444
111111211222123242324432443344334433
111111112122222232323333344334444444
112211221122311231223444344434343334
111111112221222223332333434343444444
112211221122122312331334333443444444
111111121122322233223442334433344444
112211221112132213243324334434443344
111111213321322132223342334234444444
111112211121222332233233333444444444
111112211231123342334223442344234443
112212221222112313331134333443444444
111111112221332233223324342434443444
111112111221332233223322333444444444
111111212121222322432443443344434333
111122112113213323342334223442344444
111111112221332233323322433244444444
111111122112222222333334344434443344
111121312133214321432243224342434443
111111221322133213223342344233444444
122212221222133311341334134413344444
122212221132133211321134433443344444
112212231223122312331334113444344444
122212221232123413341134133413344444
111112121222123212324333443344434443
111111112221222342234423443344434333
111112131213123342334233422342244444
111111212121222222333333434443344444
111121112133213323342234233422444444
111122112211222132333234333434444444
111112112221232123332243444344334443
112212221112111233323332333444444444
111112112211222322233333433344444444
111111221122212322233333443443344444
111112112221322132223334333444344444
111121112113243324332433244322432444
112311231123122312331223442344434444
111112211122122233223444344434443333
123312231223112312231123413344444444
112211121112122233223333344344434444
111121212121222123234333433343444444
111111221122122232243344344433443334
122211221122312231113333334434444444
111211221112122222334333444344434433
111122112211223142334223443344334443
111112211222123212323334333444344444
122212221223123314431443114314434433
111212221112112234223444334433343344
112212221232123312331334134413444444
111111223112312233243224324433443444
112211121122112322233333434343444444
111231223112331231123322334244444444
111122212111222123332333333444444444
111212221122122211343334344433443344
111111221122133243224322433343344444
111111111222223342334223423344334444
111112112211223322334223443343344444
111111112133222322332334234423444444
112212231123122312331234133443444444
111111123312331233223222324434444444
111111223112313233324332432244244444
122211121222112213331443443344434433
112211121112122233323342334443344444
111111212221222132343234333434344444
112211121122132213324332433344434444
112212221223123312341134133443344444
111111121312333243224322433243424444
122212121112122211333333334344444444
111111112221222223442334333433443444
112212221122133211324133433344434444
111112121212122233243324334433443444
111111123112332234223442334234423444
111112211221122322332333433344444444
111211121112222223442344334433443334
122212221112131213421344333433443444
111121112211223423342344233423443344
111111211222122222334443444343334433
112211121112122232323333433443444444
111112211211222233423342344433343444
122211221112122211334333433344344444
111112211122312232223333344433444444
111111223124312431243224322433343444
111111121122322234223424344434343334
111112121222132213324332433443344444
111211221222112231243444333434443334
111121312133211323332243224324444444
112212221122111231423444333434443334
111211221122122213234333433443344444
112211221122122312331433444344434433
111112211221222133223333343434444444
111111213221322132223324333434444444
111122212221223132313331433443444444
111122112111223322332443243344434443
111112132213211322232333233444444444
111111211221332233223332443244344444
111212221222112314231433443343334444
111121112231233124332443244324332444
111111212121222232423444344433343334
111112331223123312331233224424444444
111111221223112322232433444344434433
111122112211222122333333344433444444
111112111222123222332333443443344444
122212221112112213331333334443444444
111112211321132433243324322432443444
122211123112331231123322434443344444
122211221112112231243334344433443344
111111121312333233223222344234444444
122211121122111234223444334433343344
112211121122112234423342344434343334
111111122112222233323332334443444444
111211221122113233323332443244344444
111111111222223223322344334433443444
111111231223112322232323433344444444
111112112231233122342334234423344444
111112211211222233243324344433443344
111121112211322233323332434243444444
112211221222112213441344334434443333
111111122112222222333333443443344444
122213321332113211321332134244444444
111122212221211122333333434343444444
111112211211322432243224333434343444
112211121222123312331243444344434433
112211221112311233223323433344444444
111111211122222222334443433344434433
111112111212322233223324333444344444
122211121222112213441344334434443333
111112221122122212333334344434443344
122211121112112233423442344434343334
112231123122311231123332344234444444
122211121222111231323333444344334444
111111121122332233324432433244324444
122212221222133311134113433343444444
122211221222111213133333434344434444
122211221123122312331433144344334444
111111123122312233323322432443444444
111111112212222232243334343434443344
111112212211322133223332434443344444
111121112133213322232443224344434443
111122112331223123312234233444344444
111211121122312233423442344234443334
111212221232123312231133433344444444
111111121212322232423244333433443444
111231123122312231223124344433344444
111111211223123322332443243324434444
111112211123122342334223442344434433
112211121132133214324432433243324444
111112111233124322432243244324434433
122212221233122314431433144314431443
111111211122222223423344334433343444
111211121122312232223444333433344444
111112111221222223323333443443344444
111121132133211323332243244322444444
122212221223123311331113444344434443
111111123112333233423442342234224444
111111111233223322232223443344434444
111211121122122322332433443343344444
111112221112312233223324334433444444
111211123312331233123332444244424442
111122212111223122332333444344334444
111121112121222322234333443343344444
111112221112133233323322332444444444
111111112122222232323333433344444444
112212221222112341334133413344434443
111112111222123222324333433344434444
111112212211223123332233333444444444
111112111222123222334233443343344444
112211221222112211333333443344344444
111123312231233123112344233422444444
111111111233222322332243424344434443
111111112231233324432433243324442244
111111111222222232333234333443444444
111122112221221123332443443344334443
122212221322133213341344134413341444
111111112123222323232333233444444444
111112212211221322233333343444344444
111122213211321132223342344433344444
111111121122222223323333443443344444
122212221122111233113333443344344444
111111212221223122332333444344334444
111212221112122213233333344344434444
111112111233123322432243224344434443
122312231233123312231233111444444444
111212121222113231323332334434444444
112231123112311231223342344233444444
111112211221223123342344233433344444
112211121112122234223444334434443333
111111121322133244324432443243324432
111212221123112314234423432343334444
122211221122312231113344334434443344
122213221332133211324132413341444444
111121112113223324332443224342434443
111121132213211322332223444344434443
112311231223112312231223433344444444
111111221112222222334333444344434433
111112121222122212334333443343344444
111123112331233123412344233424442244
111121332113213321332433244422442444
111111112231243324432443224324432433
111211121222122312334233443343344444
112212231123122312231133443443344444
122212221112133211323134333444344444
122211121222123211331443443344334443
111112111222133233323342434243424444
111211123112331233224332434243424444
111111212121222344234223444344433333
111111213121332234423442342234423344
111122112211231423342344233423443344
111212221222123312331443144344334443
111122212211221132243334343434343444
122212221222111113143334334434443344
111121112112222222334333433344344444
111122112331223123312233424344434444
111111111222322233324432443244334443
111212221232113213321332334443444444
112211121222123211323333443344344444
111111211223122322232443444344434333
111112221222112231323334433443344444
111111112331233322332433244422244444
111112121222112232233333444344434443
111122112111222223442334333433344444
111111221222112232243334343434343444
111111111222222342234233444344334433
122212321232113211321133443344434444
112212221122122314431143444344334333
111111221222112234423442344434433333
111111112221332233323442334234424444
111211123312331233123442334244424442
112211221222113211323334334433444444
111112111221222223243334344433343444
122211221112133213221344334433344444
122213221322133213421344133414341444
111122213221321132213324334433444444
111112131233122312432243244324334444
111111112331223322332443244322434444
112211121222122313231333433344444444
111112221132133213323332432244444444
111122112211222134223444344434343333
111111221123122322332233433444344444
111111112313233323342344232422244444
111121212121222123342334333434344444
122212321232123213331113441344434444
111111213321332133223224322434444444
112212221122122311434143444343334433
111112212221222133214333434343434444
111112111221222233223334333443444444
111111121122322233423442334233443444
111212221232113241324132433344434443
111112112211233324432433243324432444
122211221112131213224333444344434433
111211221222132213321333334434444444
111111111222332232243324332434443444
111112112221232123224333434344434443
111111121222134233423342344233423444
111121112131223322332233243344444444
122211123112331231123322344434443444
111112211221122322332443444344334433
111112112213221324332433244324434443
112211221122312231123444344433443334
111112211221222132243444343433343344
111212221212111233323332344434443444
111111112221332232223342344434443344
122312331233122312231243144311444444
111112211321132233323442342234443444
111213121332133213321432443244224444
111112312231223122312433244344334444
111121212221233122312334334434443444
112211121222123212341334333434344444
111112212211222122333333434343444444
111122212111222122333333434344434444
111111211123442342234223422344334433
111121112131233323432443224322434444
111211221222111233223333343444344444
111121112211322234423342344234443334
112211123112312231223324333443444444
112211123122312231243124334434443344
111111221223122312234423433343434444
111112112211222322333234333444344444
111111123312331243224332433244224444
112211221222111213323334344433443444
111111213121322233223424342434443344
112211221222112231443144334433443334
111111221122212322234333433344434444
111111123112332232223322344434443444
112211221122311231423342344433343444
111111112133233323332243244422442444
111112212221222133213334433443344444
111122112211222123243334334433443444
111111211122333233324332443244224444
122212221222111131133333434344434444
111111121222133243224332433243344444
111111112122222223324333433443344444
111111121212222233324432443344334443
112211123112311233223322433443444444
111121132213211323332334234424442444
111111221122122322332333334434444444
112212221112112231243334333443344444
111212221223112341234123444344434333
122212221212111233113333344433444444
122211221122112213331333434443344444
111211221222112213243344344434343334
111211221223122311234423443344434433
111112211122122234423442334433443334
111121112112222232323334343434443444
122211221122133214321433144344434433
111112211123212322234423443344434433
111111121212322233223332343344444444
111211123312311232223224334443344444
111123312311231123332233224424444444
112211121122132213223344344433443344
112211121312131233324322433244344444
111111211322132233323442334243424444
122211221123122312331134433443344444
111111221112222223332433443343344444
111122112221221122334433433344334444
111112221223122311234423433343434444
111112112211222322334233433344434444
111211221122113233324332433243444444
111111223112313233324322433244424444
111211121122312234223442344433443334
111111211221222323234323433343444444
111111112213233323332223442344244444
111111221112222223234333433443344444
111122212221322132413341334433344444
122211121312331243124312433244334444
112212221122312231113333344434443444
111121112113233322332334223442444444
122211221222133213441344134413443334
112212221112111233223444344433343344
111111121322133233423442344234223444
122213321132133213421342134213444444
111121212121222123233333344344434444
111111211223122322232443443344334443
111122112331223122312334233443444444
111112211211222324432243444344334333
122312231223123312331234113414444444
122211221112311231223333333444444444
111112112211222223324333433344434444
111111111222223423342344234423343344
122212221112112213441344333433443344
111111112123222342234423432343334444
111112211221322134223442344434343334
111111211322133233324332432244424444
111111112212222234423442334433443334
111213123312311231223424342434243444
112212231223122311234133413344344444
112212221112311231223334343434344444
111112211233122312332223433344444444
111111121212222232233333443443344444
111112132213211323332333222444444444
111122212111233123332343224344434444
111111112331223323332233422444244444
122212121112331231123332433444344444
122211121312331231123322334434444444
111112221223122312231333433344444444
111111211221332234423422344233443344
112211121112133233223322433344444444
111121112311233322234423422344434443
111112312231243124312433243324342444
111211221122311233223332433443444444
112211121222123213321334333443444444
111112111222122232323333334344444444
111111221122122322234443433343334444
112212221212111231323333334434444444
111111112212222232343234333443344444
111122112111222232243334344433443344
111211121222133213323322333444444444
111112211122312232243324333434344444
111121112221222123243344344433343344
112212221222111213331333433443444444
122212221232113213331433143414344444
111111111223222342334223442344434433
111212121212122212333333433344444444
111111111222333244324332433244324442
122211221112133211323332433344444444
111111112212322234423342344233443344
111112112211234423442334234423442333
111211121122122322432443444344433333
111112211122312232223333443443344444
111111111222324232443224324433443334
112211121312132213223324344433344444
111112221122122312234443444344334333
112212221232113211321334334443344444
112211121122132213224333433344344444
111112111221322232223333434344434444
122211221112122213331343334344434444
122212121112112213323344334434443344
111111212121222222333333433444344444
111211221222123212331334333443444444
111112211211223322234423433343344444
111111212121222322233333334344444444
111112213211321232223332344433444444
111112112211222342234323433344334444
111111121222122222334433433344334444
111122212321232123213331443344344444
112211121312131233223342344234443444
111211121212122232443234333433443444
122212221112113211323333443344344444
111122212221221132143334334433443444
122211223112312231423144314434443334
112212231233123312231423144314434444
111112213211321232223244334433443444
111121132113221323332434243424342444
111112111221223322334233423443344444
111121112221232133223324344433344444
111111111222223242324332433344334444
111111212121222223243344344434443333
111112111223122322332233444344334444
111211121222132213223333344434443444
111112221122311234423342334234443344
111112211121332233223332334244444444
112212221222111231133333433344444444
111212221222122311331333333444444444
122211121222123211343134333434344444
111112111222123422342334234433343444
112211123112331233123222334443444444
111123312231233123112344233424442444
111111112212322233324332433244344444
122212221122111213133333334344444444
122212221112111233123344334433344444
111121312131233123332334224424442444
111111211222122322234443434343334443
111111121212322232223333334344444444
111111121312333232223224332443444444
111112211211222234243424344433443333
112212221123122311231333433344444444
111112111222122322234333443344434443
111231223122312231223144314433443444
111111212221223122332333433344444444
111112113211322232243224333443344444
111121132133213321332243244322444444
111112211221222132443244333433443344
122212221112131213123333344334444444
111112111221322232223334334434443444
111112112213231323332433243424442444
112211121112122233224333434344434443
111111211122222322333233333444444444
111111112221232423342334233423344444
111211121212122222334333433344434444
111111111222222323332333243444344444
111112111213222324432443244324334433
111111121212222222334443434343334443
111121112221232123332433244344334444
111212221222123211331443444344434333
111111213121322233323432343244424444
111121212121222133223333343344444444
111111121122332232223244333443344444
112211121312131233223224334434443444
111122112313231323132333224442444444
111122212211211322234333443343344444
111112111221222223332334334434443444
111111112212322232423244333433344444
111112221112321232223444344433343344
111211221222122211334333433343444444
122211221222134213441334134413343344
111122112231233122312233433344444444
112211123112311232223324334434443444
111111112331223322342334243424342444
111111111222222233223344344433443344
111112113211322233324432433243424444
111111121122322232223334344433344444
111121112231223122332243444343334444
111233123312331231123142344244224444
112212221122122311134333433443344444
122211321332133213221324134413444444
111111112122222323232333444344434443
111122112221222123413344333434443344
111233123312311231123322432444244444
111111112231233324332443243324442244
122212121112111234223444333434443334
112211121122132213224333444344334443
111112121222112233223333343444344444
111122212331233123312231423344444444
111121332113211322232423244344334444
111111111222324232423242344433343344
111111121312333232323222342434444444
122212321132113211324132443343344444
111111112221232223224333434343434444
111111211221222222334433433343344444
111211121312133233223342434243424444
112212221232123211331134433443344444
111112211221122232233333433444344444
111111213321332133223322342444244444
122211121122111234223444334434443333
111211221222112231243444344433343334
122212221223123314431143144314334443
111111211122322233323332434243444444
111111121222133233224322433344344444
111112211123122342234233424344434433
111212221222122313331344134433344444
111112213221321132223332344434443444
111121212221233122312333443344434444
111112211121222223234333443343344444
111123112311231323332233222444444444
111111121222122232323333343434444444
111112111212322233223332433444344444
111111112213222322234323433343444444
111112111221222234423342344434343334
112211121112331232223324344434443344
111121112112222223332443443344334443
111112211122314234423422342434443333
111121132133211324432243244324432443
111111211321332233323432443244424442
111121112211233322334223424344434443
111111112213222323332223443344344444
111111112122222223332433444343334444
111121132133211322332233223444444444
111211221222132213321333433443444444
111111112122222223332334333444344444
111112211211222232423344333433344444
111111112221222223233333344344434444
122211223122311231123314344434443344
111212221222122313331133443344344444
112211121222123211323333443344434444
111111111233423342234423422344234423
111211121222122213323334333444344444
111112121222112322233333344334444444
111211121122122233223333434343444444
122212121112113214324432433343434443
111111121122333243324322433243424444
122211223122311231123133333444444444
122312231223122313231333111444444444
111111212221222133223333344334444444
122211221122111233124333433344344444
111112111233123322432443244324432443
122211121122312231123344344434443334
111211121112332234423422342434443334
111111121122222223332343334334444444
111112211322132213223324334443344444
111112211121342234223422344433443334
111112221112122232233333343344444444
111111211122332232223244344433443344
122211121222133213321134433443344444
111112211121222324232433443344434433
112212221222111231143444333433343444
112211234123412341234123412344234433
111211121112334234423422342234443334
122211121122312231423144344434343334
111211121112222222333334334443344444
111111112122222233223444344433443334
111122212221221123313333344434443444
122212321233123312231443144314431444
111111111222223223332333233444444444
111111121132333232223322342434444444
112211121312131233223442334234443444
111112211221122232243444334434443333
111211121222122213324433433343434444
111111211222123322234423433343434444
123312331233123312231124122414444444
111111112221232233243324332443344444
111112132213211322232433244344334444
111212221112122213323333334344444444
111111112123222322432243444344434333
111112211321132233323222344433444444
112213321332133213221342134214444444
111211221222111233223344344433443344
111112111213223322232443243344334444
111111223122311232223233333444444444
112211221122122211333334333443444444
111122112221221122334433433343344444
111111112313233322234233422342444444
122211231223122312331333143414444444
111112111212322233243224333434443444
122212321232123214331433143314441444
111111123112333232223324432443244444
111111112122222233223334333443444444
111111221122122232233333344433444444
111122112211221323332333234344444444
111211221332132213421342334234443444
111111111233223342334223423342244444
112212221222112311331333334344444444
111112212211221324432243444343434333
111111112122222232423444344434433333
111122212111233122332334233443444444
111122212331223123312331243444344444
112211221112112233323432343434344444
111111121212222222334443444344433333
111112121222113243324322433344434443
122212221122312431443144311433443334
111112221112331234223442334234443344
122211221122132413241344134433343344
122212321233122312331443114314434444
111231123122311233123322334244444444
111112112221322132443224333434343444
111111122112222233234323433344344444
111211121312331233323322432444244444
122211121112133213223324334443344444
111112111231223323332333222444444444
111112111212222233223334343434344444
111212221122133213221333334434444444
122212221223132313331113441344434444
112211221122133211324432433343434444
122211221122311231423144333434443344
112211121112331233323322334244444444
111111212221232123332334234433444444
111111121322133233223424342434243444
111112121222122213233333343434444444
112212221112131213223334334443344444
122211121112311233323322433443444444
112211221122112231233333444344334444
111112131223112322234223443344434443
112211221122112213323334334443344444
111111221222132213223333334344444444
111112211121222233223333334434444444
111112211211322233323342334234444444
111112231123112322232333243444344444
111111112221322233423442334234443344
111112211221223123332344233433444444
111111211221322232243234333443344444
111122112221222132313333433443444444
122211121222132213331133443443344444
111112211211222232243344344434443333
111111121312333232223332443244424444
111213123312331233123312442244244444
111111111222222322233333433443444444
111112113221322133224322433344434444
111111221122122234423442344433343334
122211221122312231143144333434343444
111112211221223122334243444344434333
112212221232123213331443114344434443
122211221122113211323333333444444444
122211221222111213441334334434443334
111111112213224324432433244324432433
111111111233222322432443244324334443
122212221122311233113331433444344444
122212221122111231143334344434443334
112211121312131233223322334434444444
122211221122133211323134333443444444
111111221222133213224323433344344444
111111111222322232243244333433443444
111121332113211324432243224342434443
111211221112122232423344333433344444
111121132133211322232423244344334444
111212221112122213243344333433443444
111122212211222132313334343434344444
111111121222123322233323433344444444
111112221233122311234423442344334443
122212331223142314231423144314431443
122211221112331234123412344433443344
111111221123122322334233423344344444
111111121132333233323342444244224442
111212221223112314231423443344434433
111212121222112213324333444344334443
111112221112312234423342334233443444
111122212221232123313331343434444444
111233123112311234123422344234423444
111112212221321132223334344433344444
111112221222113241324332433343434444
112211221123112312234233433443344444
111111112122222223342344333433443444
111111112221222323232333443344344444
122212221122311233113441334433443444
111111211122322233324432433243344444
111111111222223233324432443244334443
111111211122222234423342344433343344
111211121222123212324333444344334443
112211121112132233323332443244344444
111112111222133233223224333434444444
111112112211322432443244324432343334
111112212211322133223324433443344444
111112112211222322332334334443344444
112212221122113211323333344433444444
111111211221332233243324322434443444
111111111223223322332234423443344444
122212331223112341234123411344434443
112212221222112313331143444343334444
111121212121222132443234333433443444
112211221122112341234323433343344444
111112111221324432243224323433343444
112211221122112231323333433444344444
111112112211223322232333334344444444
122211121122122314231443444343434333
111111211221322233324332433243444444
111111213221332132223242334434443444
111122112111222232323333443443344444
111111123112332232243224332443344444
111212221112312231423342334434443344
111112113212321232223244333434443444
122212221212121311134433444343334443
112211121222112341234423433344334443
122211231123122312431243144344434433
111111112221322432243244323433343444
111211223122311233123442344234443344
111112111221332232223324344433344444
111121112311233322234223423344434444
111122212211222123413344334433343444
111121332113221322132333243424444444
111122212111222134243424344434433333
122212221122311231143144333433344444
111111111222333233223222334434444444
112212221112132213241334334433344444
111112221222122311234333433344434444
111111112221223323332443244324334444
111112221222123211324333444344434433
111211121112222233223344333434443444
111122212111213322332333243344444444
111112211223122312332233443443344444
111121132113213322234223423344344444
111112111212322232443224344433443334
111121212221231123332433244344334444
111211221112321232223444344434343334
111211123312331234123422344233424444
111111112331223322232333224344444444
111111211222133233223322334443444444
111123112311233122334223442344234444
111111212121222223332333443443344444
111121212221233122313233333444444444
111121112221232123332334233443444444
122211221122133211321333443344344444
111213321332133213321342144244424442
112212221233122311231433144344434443
111111111222222323332344233433444444
111112111222122233423342334433443444
111111112231233323232223424344434444
111111111234223423342334234423342244
111112112221232123232333444344434443
111112211121222322234443434343334443
111121212221231123332233443443344444
112212221112111233423442344433443334
111111112231233322332233422344444444
111111121122322232323332443344434444
111111112221332233323332434244424444
111111112133223323342344234423442244
111211121122122342234233433343434444
111112211322132413243324322434443344
111111221222112322233333433443444444
111111111223222322234423433343344444
111121132213241324132433243324342444
112211121112132243224323433343434444
111211121132413243324432433243324442
111121132113221323332433244324442444
111122213211322132213244344434443334
111111121212322232423244334433343444
111112221112331234423422342434443334
111112112221233122332233443344344444
111112212221232133213424344433443344
111111221112322234423342344233443344
111111111233222323332333244422444444
111112111221322233323322433443444444
111112121222122312234433433344434443
111121112121222222334443443344334433
111111212221322132223344344434443334
111112221222122313231333444344434443
111112211221122233243324344433443344
111112221222123213321344334434443344
111112111213422344234423442342234333
111112111231223322232233433443444444
111122212331223122314231443344334444
112211121222123312231433444343334444
111112111212222223332333444344434443
112211221122112213234333444343334444
111111112133222324432433244324332444
111111111222223224322433444344334433
122211121122122211334333434343434444
111112112221222122343334333433444444
111111111222222322333233333444444444
122212221332133213421344133414341444
111122112221221123332333444344334444
111111212121222324332443243344434433
111121312131213423342334234423442244
111112112211223322332233443344344444
111122112211222132233333434343444444
112212221232123211334133413344344444
112211121222113231323332443443344444
111212221122122312431443444344433333
111233123112311231423442334234424442
111121132113212322234223443343344444
122211221222112341134313433343434444
111111221222112322233333433344444444
111111231123212322234223433343444444
111122212311231123342234233443344444
112211221222111231323334344434443344
111121112211322432243324332434443344
111111122112222233223333334344444444
111112331233123312231233422444244444
112212221332133211321332133444444444
111122132113213321432443243324342444
111112111221322232223444334434443334
111122112221321132223333343444344444
122212221223112314431433144314334443
111231123312331231123332444244424442
111111212221223122332443444344334433
111111221222122212333333433444344444
111213121322132213321322433444344444
111231223112331231123332432244444444
111112112212321232223444343433343444
111212221232123312231133444344334444
112211221112113233323442344234443344
111111121122222233223444333434443344
111111112122222322432443443343334443
111121112221332133223332433244444444
111112221122133213224332433343444444
112211223122312231123314344433443444
112211221112131243324432433244334443
111111112133243324332443244322432244
111121112221233123342334234423344444
111111111222222233324332433443344444
122212221222113341134133413344334444
111112221112122232243334334433443444
111213121322132213321342334234444444
122212231223122311131133443344434444
112211221122111233323332343344444444
112211121112122232243334334433443444
122211121112133213223332433344444444
111112211222113244324332433243334444
111112111222123222323333343344444444
112211121222111233323332344433444444
111212121222122211333333343444344444
111111112221232223223333433344444444
111111112231223322232423443344434443
111211121112322233323322433444344444
111111112122222223323344334434443344
112211121312131233223342334234444444
111112212211222123332333334434444444
111211121122122232323334333434444444
111111221222112322234443443343334443
111211121222122212333333443344344444
112211223112312231223134333444344444
111112221222122211333333344344434444
111112111221223322334223433344434444
111122112111233323332343234424442444
111111211321332233324332432244244444
111111112213223322332333234424444444
122212121112122213331343434344434443
111122112211321232223333344334444444
111111212221322132223333443443344444
122212221122113211331333444344334444
111121112221332133223442334233444444
111112213221322133213422344433344444
111112111231223322332234423443344444
111111211223123322332223444344334444
111111111222223223322344333434443444
111112211121332233223422344433443444
122211221122312231113333443344434444
111121332113213321332233224424444444
111112212211222133233323433344444444
111121132113213322332233223444444444
111112212221223122314333443344434443
111112212211222123233333433344444444
111211221122133213224323433343444444
111112111233122322232233433444344444
122212221223123311134133414344434443
112211121122112232243344333434343444
111122112211222132233333434344434444
111122112211222132443234333434343444
111211223112312231223332333444444444
111212221122311231323332433344444444
111111123122312233223224334434443444
122211221122112211333333434443344444
111211221122312231223334334443344444
122312331223122312331233111444444444
122211221112112213243344344434343334
111111211122222233223444333434443344
111111211223123322332223443344344444
111121112211222323232333433444344444
112211221222132213331334134433444444
111121312131233122332223424344434444
112211221132113213323342344234443444
111211221122312231323332344434443444
112212221232123312331334113444344444
111211221122112322233333434443344444
111111221112322233224332433343444444
111112221222112213323344334433344444
122212221122111233113334433443344444
