111211221122112232243334343434443344
111112211222112322233333334443444444
111111231123122322232433243344434444
111112111212222222333334344433443444
122211221222112341134133444344334433
111112221112122222334443444343334433
111111221112222232323333443344434444
111212221223123312231143444344334443
111122112311234123442334234423442334
111112112211324432243224342434443333
111122112111233322232233443344344444
111111212221232123332433244344434443
111122112213211322232333333444444444
111111111222333232223442344234443344
111122212221222134413441344433443333
111111112331223322232433243424344444
111111211223123322432243244344434433
111111111222222223233333434344434444
122211123112311231223324333434444444
111112112211222232323334333444344444
111111211222122233223333344433444444
111211221122122312234333433344344444
111112111223122342234233423343344444
111112121222123312234423433343434444
122211121222113213321433443343344444
122212321233122311231113444344334444
111112112221324132443224342434443333
122211221123112311234423444344434333
122212221123122311131433443344334444
111111211221222232323334333444344444
111111211122222233423442334433343444
122211121222122311133333433344444444
112212221122113211323334344433344444
112211221122311233123332433344444444
111111111222222223233333344433444444
111111121122222232443244334433343344
112211121122122212334333444343334444
111112211122132233423442344234443334
111112312231233123312344233422444444
111112311231123322432443224324434443
111122112221221122343334344434443334
112211121222133213421342334434443344
111122212211221123332333433443444444
112212221212111233123334344434443344
111122112231223122312334334434443444
111122212221322132413441334433343444
111121112212321232223333343444344444
111211121112333234423442344234423342
111112211122132243324332443243334444
111112121212122232243444344433343334
111111112221232223242344333434343444
111111112213222322234243444343334443
111211121212122233223333443443344444
111112112221232123332343234443344444
111111212221232133243324332434443444
112211221122311231423442334433343444
111212221122112341234323433343434444
122211121312131213223342334434443444
122212221232133211331133143444344444
111122212221233123312331434443344444
111111213121332233224322433243444444
111122212111222133224333443343344444
111111121122222223332334333444344444
122211221122112341234133444344434333
111111221112332232223324334434443444
112211221112311233324332443243344444
111112221122133213223332334434444444
111112212221221132443244334433343344
111211121222123212323333433444344444
111211221112312233224323433344344444
111122212221232123413341334433443444
111211121222122212333333343344444444
111111211123222322332234433443344444
111112211122132233223332343444344444
111211221112122222343334343434343444
111111112212222223323333434344434444
111122212211222123313334343434344444
111111121222133233323342434243424444
111111211122222222333333434343444444
112211121122312231323332333444444444
122212221112112231443144344434343333
111122112111233323332334223442444444
111112212211322133223324334443344444
122212121112131213224333444343334444
112211221122112231233333334434444444
111111111222222324234423444344334333
111112112211223322334223444344434433
111111121222122222333333444344334444
111213121312132213323322433244444444
111122212111233123442344234423343344
111111112221232233223332434443344444
122211121112113243324432443243334443
111112111222123243324322433344434443
111112112221222132243334343434343444
111122112111222223234333444344434433
122211221222111233113444344433443334
111111221112222223442334334433443344
111111121122333234423442334234423442
111121112311233322232443244324334444
111111112221233324432443244324432433
111122113211322133223322433443444444
111111112221222234223444344433443333
112231123112331231123442344233424444
122211121322133213421342134433344444
111211123112313233323332444244424442
111112231223112341234423422344334443
111112211222112232233333344434443444
111211221112122222334443444343334433
111233123112311231223442334234424444
111122113221332133214322433243444444
122211221112131213223333433344444444
111121112331223124332433244324432444
111211221222111233323342334433444444
111112112211222222334333444344434433
111111123212321232223442344433443344
122211121122111234223444344434433333
111111221222112322234433443344434433
111111221223112322232443443344434433
111211221122113233324332433244344444
111112211123212322234423433344434443
111111121222133233323322332444444444
111112211121322232323332433443444444
122212231123122312331133413344444444
111212221222112314231433443343334444
111212121222122311234433433344334444
111112111223122322234233443343344444
111122132213211321332443224344434443
111211221223123312231423444344434433
111112221122311232223334343434344444
111121312331223122312233243344444444
111111211221223322234233433443344444
111211121112222232323333344344434444
111121112211222233223344333434443444
111111221112332232223342344434443344
111111112231223324432243244324434433
111112331233123312331234222424444444
111122212211221132443244344434343333
111212221112122213324333434344434443
111212121222122211334433444343334443
112212221122122313331343134344434444
112211221332113213321322333444444444
111111112221222232423344344433343344
111211221122112232233333434344434444
112211221112113233323432443244334444
111112112221232123223333344434443444
123312231233122312231243144311444444
122211321132133213321432143244344444
112212221332132213321433143414344444
111112221222123211324433443344334443
122212221212111213134333443343344444
111111223112312233243324322433444444
111211123122311232223244333443344444
111211221123412341234223442344434333
111111112221222233323442344434443334
112213221332143214321432143214334444
111111121212222232323334343434344444
112211121122122213324433443344434433
111112111222122222334443433343334444
111212221222113211323334333444344444
111111221112333233223332344244424444
111122112111222232323333434344434444
111112211221122222333334334433444444
111122112213221322132333433344444444
111212221112312231223333334443444444
111112211221123322334233423344344444
111212221112131233223332344434443444
111112211222112344234423442343334433
112211321132113213323332443244424444
111122112111223324332433243324434444
122211121222112311234443443344334433
112212221233123312231133133444444444
111111221112222223423344334433343444
111112311231123322342334223424344444
122212121112122211333333334344444444
111112111212222222333334344434443344
111111121312333233323422342244244444
111121212121222122334433433343344444
111111112221222232243344344434443333
111122212111223122332333334443444444
111111221122122322234333444343334444
111122212211211322334233433443344444
111121212221233122314233444344334443
111122213211321132443224332433344444
122212331233122311231123143344444444
111211223112311233323342334244424444
111212221332133213321132433244444444
111211221222122211334333443343344444
111111211221222223442344333434443334
111111213122312232223324334434443444
111112111221322233423442344233443344
111112213221322133213422344434443344
111212221122122311234443433344334443
111112212221222132413344344433343344
112211221112311233223324334443344444
112211221112132213323332443443344444
111112211221222132233333343344444444
111111212121222323332344233433444444
111111223122311232223244334433344444
111111223112312232243224333434443444
111122113211322132223244333433444444
112212221112113213323332333444444444
111112132213211323332223423344444444
111111212121222322332334333444344444
111111112213222324232443244344434333
111121112221222122334433433343344444
112211221332113211323332344234444444
111121112112222233423442334433343444
111111112213223322332234423443344444
111112211121222323332233333444444444
112211221222122314431143444343334433
111112221122312231223333344433444444
112211221122311233123332443344344444
111122112211233123332234233444344444
111112221122112233323332344433444444
122211231123112312231233444344434443
111211121322132213224332443344334444
112211121222113213323342344433443444
111212221222123211331333444344434443
111111112221232233223332343434444444
111212221222111231423344334434443334
111112221123112322232443443343334444
111211121332132213323332432244444444
112211221222111233123334333434444444
111212221233123312231233143344444444
111111221222112233323442344434443334
112213221332133213321332144214444444
122211221222113213331443144344434433
111121112211222223233333434343444444
111112211221132233324332433244344444
111112131213221322332223443344344444
111112211211222233423442334433343444
111111211222122232323333334443444444
112212221112331233123412344434443344
122211123112312231423142334434443344
111112211221222132243344333433344444
111111112221232223323332443344434444
111122112211221342234233433343344444
111112211221332133223322434443344444
111111211322132233224322433343444444
111111111223223322334223424344434443
122211221123122311234143444344434333
111111221112222223234333434344434443
122212221122112341334113443344434433
111111122112222222343334344433443344
111211121122312232223334333443444444
111112111212322232443224344434343334
111121212221232123312333443344344444
111122213211321132243324332434443444
111112211222112342234323433344434443
111112211221222122334333444343334444
111111221222122213324433433344434443
122211221123122312331133333444444444
111112211122312233324432433244334444
111122112221222123314333443344334444
111111221112222234423442334433443334
111112112221322132443244324433443334
111121112314231423342334233423442244
122212121112311231423442334433343444
112211221122111233324332433443344444
111111223122312431243224342434443334
112211123312331233123312432244444444
122211121122122313231333433344444444
111111211221222324232443444344433333
111122112331231123332233423442444444
112212221123112312231333444344334444
111121112331223124332443243324342444
112212231223112312231333143344444444
122212221233122311331133143344444444
112312231233123312231123142344444444
111121112211322233223323433344444444
122212221232123311334113414344434443
111112121212122232323333344334444444
111111121222122233223344333433444444
111111123112334234423442342234423342
112212231223122314231443143314334444
111211221322133213221342334443344444
111112111221332233223224344433443444
111111221122122344234323432343334444
112212221222112341134413443343334443
111111112221322232323332443443344444
122212221112112211333333344434443444
111111112212322232223444344434443333
111211121222112233223444333434443344
111121112221222123243334344434443334
111112112221324132443224324433343344
111112111222122322334233443344434443
111112221222133213221334334433444444
123312231233123312331224112441444444
111112221112331232223332343434444444
111211221112132233323322333444444444
111123112311231323332223244324444444
111122212111222123233333334443444444
111111211122222233423442344433343344
122211121222122311134443444344334333
111111121322133233324332434244424442
111112113211322233323332344244424444
111212121212122212333333343444344444
111112211222113243324332433243344444
111112111221332233323442334234424444
111211121222113233323422344433344444
111112312231223122312334234443344444
112211121112122222333333443344344444
111111221322132213223332334443444444
111112231223122312231243444344434433
111211221222122213441344334433443334
111111211221222233223334334434443444
122211121132113213323332343244444444
122212221122311231113444334434443334
111121312131213322332233424342444444
112211123312311233123322434243444444
111111112231233423342334234423442244
122211123312311233123412344233444444
122211121132413241324132443244334433
111211121112333243324322432243344444
111121212221233122313234333443444444
111122112211221322333233333444444444
111213121322132213221342334434443444
111111121122222323332344234433344444
111211121122312233223332433344444444
111111121122222232323333343344444444
111111211122332233243224324433443444
112211121112331232223424344433343444
111111112221232223322333334443444444
111112212221322132213334343434443444
111122112221223123312433443344434443
111112221332133213321332443244424444
111122212211211322434243444344433333
122212221223112311334113433343444444
111211221122312431243224334433443344
111121132133211322432243244324434443
122211221222111234113444334434443333
111211121222112322233333434443344444
111111112133222324432443243324332444
111213121312331233123422344234424444
111112221233122312231243444344434433
122211221222133211334133413344434444
122211121112314231423442344234443333
111211221222122213441334333433443444
111211121312134233423342334234424442
111211123112331233324332443244224444
122212221122111211333333334443444444
111111211122222322332333433443444444
112212221332132213321333113444444444
111112112221232123223344333443344444
111212221122132213421344334433443344
111231123122312231223132333444444444
112212221122112213341344334433343444
111122212111222123442344333433443344
111112131233123312334233422242444444
111111111222222223332343434343434444
111111211122222223234333433344344444
111112111212322233423342344233443444
111111221112322233223332433344444444
111122212111223123332433243344344444
111213121342134213421342334234423442
122212221223112311131443444344434333
111121112221322132223344333434344444
111111123112342234423442344233423342
111211123112331233323442344234424442
111121112131223324332433243424342444
111212221112312231223444333433344444
111112331233123312331234422442244444
122211121122122211333333443344344444
112311231123112312234423422344334444
111121112211234423442334234423342334
111111112221222222334333433443344444
111111211322132233323422342434443444
111211223122311233124332433244344444
111111211122332233323432443244324444
112211221132133213221342334434443444
111112111222133243224332443243334444
111121112231233122332333244324444444
111112212211222133223344333434443444
111212221232123213321133433344444444
111122212111222122333333434443344444
111112211221222123234333443344334444
111111223122311232223342344433344444
122211121132133211323332343244444444
111112221332133213221332434243444444
111211221112331233223422344433344444
111112211122132233323422344433344444
122212321232123412341334133414341444
111122112113221323332333224344444444
112211121222123213321333334434444444
111112221122132213223334333444344444
122212221232123311331134133443444444
111121312231223122312333243444344444
111121112113223322234223444343334444
111112113211322232223342344434443344
111112211211222233243324344434443334
111112221332133211323332443244424444
122211221112113214324432433344334443
111112112211322233223332343344444444
111212221222122311434143444344334333
111233123112331233123412342244244444
122211221223112311231433444343334444
111211221123412341234223442343334443
111121112221223142334223444344334433
122212221112111231423344333434343444
111112131233122312332223442344434444
112211223112331231123332334244444444
122212121112132213321344334434443344
111212221232123211321334333434444444
122212221232133213331433143414441444
111112111213223342234233422344334444
111112212221222133213333334344444444
111122112111223322234233444344434433
111212121212122213324433433344334444
122211223122312231143144313433344444
111112211211223322342234333434344444
122212121112112231243334333443344444
111111211321432243224332433243324444
111122112221221132243444334434443333
111111111222222223323333344334444444
111111121222133233223422344433344444
122211121122122213341344334434443334
122212221223123311131413443344434443
111121112112222223342334334433443444
111112112221233122332334233444344444
112212221112133211324332433343444444
111111121122332232223324334443344444
112211121112133233324432433243424444
111121112221222133223333443344434444
122212121112111234223444344433343334
111212221322133211321432443344334444
112211121222122213341344334433443344
111112221112122233223344333443344444
112212221222123311331133444344434443
112212221222111213331343334344434444
111111121312332234223442342234443344
122211121222113213321433444344334443
111112111222123322334233423443344444
112211123112311234223424342434443334
111111121122222232423444344433443333
122211221132133213221334133444344444
111212221122122312331333443443344444
111211121112332233324332434243424444
111112221122311232223444333433344444
111121112211222222334443444343434333
111111112122222223233333333444444444
111121212221221122343334343434343444
112211221112112234223444343433343344
111112111222132233423342344234443344
111122212211322132413244344433443334
111121112112222234423342334434443334
122211121122112231243334334434443344
122212221112131233124313433344434444
122211221122111213324433443343334444
122312331233122312331223111444444444
111112213211322132223324344434443344
111122212111222123442344333434443334
111121112213231323332333224424444444
112211121122122213233333433444344444
111112111213222322234423433344434443
111111111222222223323333434443344444
122212221122112313331334133443444444
122211221332113211321332443344344444
111122212211321132443234323433344444
111111231223112344234223422344434433
123312231223112312231233113444444444
122211221222133213331333143414444444
112211221132133213321432443244334444
111112212221221132243344344434443333
112211221123412341234123442344334433
112211221222112314231443443343334443
111111121332132233324432433244224444
111122112111222232333233333444444444
111112111213223323332333222444444444
112211121112331233223224333443444444
111121112331223123332434243424342444
111111121222133243324322433244334444
111112212221232123312333444344434443
111112221112314233423442344233423344
111112111222122232243444344433343334
111122112111233322334223424344434443
111111221132413243324332433244324442
111111112212322232223334343434344444
111122112211222133224333434344434443
111111111222322433243324322433344444
111112111221222223423344344433443334
111112113221332132243244324432443344
122212331233123312331223144414441444
112212221212111233123333344344434444
111121332133213321332134222424444444
122212221222113341134113443344334443
111112211222133213323322334443444444
111112221222112312234333444344434433
112211221112112233223344344433343444
111112221232123211323332433444344444
111111221112332233323332443244424444
111112211223142314234423422344334433
111122112213211322332433243344434444
111111211122332233243224342434443344
111111112123222323332343244324434444
122211221222112311134443443344334433
111212221112131233223332434443344444
111111111222223243324332433244334444
111121112331223123332334234422444444
122211121122311231223344344433343444
111112112211222232243444344433443333
111112211211222232233333433444344444
122211121222122314331443143344334443
111112221112133233323442344234423444
112211123122311234123422344433443344
111122112113214322432443243324334443
111122132113211322332223443344344444
111111221112332232223324344433443444
111211121112322232243244344434343334
111111112331223322332234223444344444
111111111222222223243334343434443344
111112221112133233223224344433344444
122211121312331231123422344433443444
111211121122312233223332343434444444
122212231123122311231143444343334444
111121312131223123332234233424444444
111111123112322233223224333443444444
111121112113223342234223423344434443
111111112221232223223333434343444444
111121132133211322332234243424344444
122212331223122312331333144414441444
111122112221222123313334334433444444
111111123212321232223332443344434444
111111211122333232223322344434443444
111112331233122311232223424344434444
111112211121222223332443444344334433
111112221132113233323442344233424444
111111112122222223234333433344344444
111121112113243324332443243324432244
122213221322133213321134143414344444
122212221232123311131133433444344444
111112112221222132243344333434343444
111112211321332132223342344234443444
122211121122133213321342334443344444
112211121112321232223333334344444444
111111211222122232423344344433443334
122211231223122314231443114344434433
111112112211222223332333334443444444
111211121322132213323342334243444444
122211221322133211321433144344334444
112211121112122233223444334434443334
122212221122112341334113443344334443
111111212121222223332333334434444444
111112221232123213321332434443344444
111111221112322232223333334443444444
111111111223423342234223422344434433
111212221222123214331433144344434433
111121112133213322332334234424442444
111111121122222223323334334443344444
112211121122112232233333434343444444
122211221132133211324132433343444444
111122112211223142334223443344434433
111122112113231323332433244324442444
111111121132333234323422344234424442
111112112211222323332234433443344444
111212221122111233223344333433444444
111121112131233423442334233422342444
112211121222123312331243444344334443
122211321332113213321342134243444444
111122112113213322332433243324444444
122211123112311231223442344433443344
111211121112322232323332344433444444
111112111222122232323334433443344444
112211221122133213221344333434344444
112212221232123312331334134413444444
111211223122311231223332344434443444
111212221112112233223444344433343344
111112211221123342234233423344434443
112211221122112231323333334443444444
111111211221222232233333333444444444
122212221112111231323334344433344444
111112211121322232443224334434443334
111112121222113233323342334234444444
111111211222122344234223444344433333
111121112231223124332443243324334444
111111112221222322234433443344334443
112231123112311233123442344233424444
122212221112111231323333433443444444
111121112113223322334233423442344444
111212221222112231143334344433343444
122212221112131213123333344434443444
111111213121322433243324322432443444
111112111222122342334233423344334444
112211121112122234223444344433443333
111111121212322232243234333433444444
111211223112312231243224344433443344
111112132213211322432443244324334443
111122212221222134413441344434343333
122212221223121311131433443344334444
111111211221322233323322333444444444
111112111221223322332443244344334443
111211221122311233323322433444344444
111112111212222232243334333443344444
122212221222134413341344133413441334
122211221222111233143314333443344444
111111111222222233323432443344334444
122212121112131233123342334434443444
111121112121222233323342334433444444
112211221122311231323332433444344444
111111121122333233223222334434444444
111122212211211324332433243344334444
111112212211221322233333343444344444
111111121212322232223444344434443333
122211221332113213321132433344444444
111121212221232123412344333433443444
111111121122333234223442344234423344
111112211221132243324332433244334444
111112211231223122332234433443344444
111112211121322233223332334443444444
122211121222112211333333334344444444
111112211321332132223242344433443444
111111221112222233223333333444444444
122212221232113214331443114344434433
111121112211222322234443433343434443
111111211321332234223442334234423444
122212221112311231123333343444344444
111112112211222233223333443344344444
111111221122122322234443444344433333
111111112213223342334223422344334444
111111211321332233323442342234424444
111112231223112312234233423344434444
122211121122113213323332433344444444
111111211322133233224332432243444444
111112112211222232423344333434443344
111122212111222132243344344434443333
111211121112332243324322433243344444
111112221122112234223444333433443344
111111221122314234423342334233423444
111112211221222123342334334433443444
111112121222123212324333433343444444
122211121212122211334333444344434433
122211221332113211321332443344344444
111211221112331233323332443244424444
122212331223123312431243114314434444
111111221223123312332243244344434443
111112211231123322232333243344444444
112212221122112231143444334433343344
111211221332132213221324334443344444
111112211221122322234433444343334443
111112111222122232423444333434443334
111112211121222233223344333434344444
111112112221223123332243444344334443
111112111221332243324332433243424444
111112211121222323332334234433444444
111122212111233123332233423344444444
111112213321322132213424342434443344
122212331223123312231143114344434444
122211121122311231323332433444344444
111121112221223122332333443344434444
111112211222123312334233424344434443
122212121112111233323332334434444444
111122112213241324132443244324334433
111111211122222232243334344433343444
111211221112122233423342334433344444
111211121122312433243224324433343444
111211221322132213241324334434443344
111212121212122213324433433343434444
111112111222123322234423433344334444
111111112213223322232233444344334444
111111211221222324232443444343334433
111111112212222233223344344433343444
111121132113213322332443224324434444
111111112331233423342344233424442224
111112211221122322434243444344433333
111212221122112341234423433344334443
111121112211234423442334233423442334
111122212221232133214331433343444444
111211221222112231323333433344444444
111112111221222233423442344433443334
112212221222111233143314344434443334
111121212221233122312333334344444444
122212221123112341234113433344434443
112211221112341234123442334233443344
111123312331231123142334234424442244
112211223112312231123332443344434444
111111212221223123332333243344444444
111211221112331233223224333444344444
111111212121222323234323433344434444
111111212221223122334233433443344444
111123312311233122312333224424444444
111111121212322233223424344434443334
111211121122132233243224333434443444
111111221222113243324332433244334444
111211221123112342234233423343344444
111112111213222322232443443344434433
111211121322132213243324342434443344
111122212111233123332333224344444444
111112221222111233223333333444444444
122212221122311233113331344433444444
111112211221122232423344333434343444
111112212221322132213333433344444444
112211221112112233323332334443444444
111121332133211322132433243424442444
111111112231223323332334223442444444
111211121312331243324432433243224444
111112131213221342234223442343334444
122211121222111233124333444343334444
111112221222123211323334333444344444
111211121222122213233333334443444444
111111112221222222333333443344434444
111112111222133243224332433243344444
111111211221332243224332433244334444
111212221122112231243444333433443344
111122212211211322432443444343434333
111111121122222232423444343433343344
111112221112312232223333334443444444
111212221122122312431443443343334443
111211221222122213331433444343334444
111122112311231323332233244324444444
111112112213231323332234223444344444
111111211223122342334223423344334444
111111121222122342334223443344334443
112212231223122311234143414344434433
111111112313233324432243244324432244
111112221122122312234433443343334444
111121312131223122342234233443344444
111111212221232123232333444344434443
111121112211322232223333434343444444
111111111222223322334223443344434443
111111111222223342334223423344334444
111111221222123312334233424344434443
122212221222111113331343334433444444
111111111223223322234233423443344444
122211221112112213323333443344344444
122211121112112232233333334434444444
112231223122311231223144314433443444
111111112331223323332434243424442244
122212331233122312331243144311444444
111122132113211324432443244324332443
111111111222223324432443244324334433
111121112231223122332243444344334443
112212221122311233124313433344434444
111111111223223323332433244324442444
122212221132133213321133413344444444
111112212211221322234333444344334443
111122112221232123213344333434344444
112211121112331232223234333434444444
111122112111222232323333343344444444
111121312331223142314233422342434444
111112111221332232223332334434444444
112212221122312231143134333433444444
111111121222133233223224333444344444
112211121312131233223332344234444444
122212221232123311331134413443344444
111112112221223123332243444343334444
111111221122122232233333433444344444
111112111221322232223344344434443334
111122112111222232323333334344444444
111111112213223322232333234344444444
122212331223122312331433143414441444
111111112221223323332443224344434443
122212221112112211343334343434443344
111121112211322432243244324434443333
111112131223123312234233424342434444
111121212121212322233333334443444444
111121332113213321332433244424442244
111111121212222223332433444344434433
112211121332113213323332432244444444
111112312231233122312333223444444444
111111112221322233323332434243444444
111121112211222222334443433343434443
122211221123122311231333433443444444
111112212211223122332333333444444444
111111121222122232423444344433443333
111111121222123233324432433243344444
111111121122222232443244344434433333
111111123122312233223324332434444444
111112112211233322234223444344434433
111112111223122322332433243344434444
122212231223112314231433144314334444
111111112221222322233333343444344444
111111221132313233324332443244424442
111211121122133233323332344244424444
111122112211321432443244322433443334
111212221122111233323442344433343444
111212221232133213221333143344444444
112211221112312231243324334433344444
122212121112112213323333433344444444
111121112211222324432433244344434333
111122212221233124312431443344434433
111111211123222322334223443344434443
111112111222134233423442334234423344
122212221122113241334133413343344444
111212121222122311234443434343334443
111211221222122211334333443344334444
111211221112122233224333443343344444
111112221222111233324432433344334444
111111121222123242324332433344434443
111111221122312232223344334433344444
111112221122132213243324333433444444
111122112211322134223442334434443334
111211121222123212324333433344344444
111111112221222322333233333444444444
111112111212322232323233333444444444
111111223122311233324432433243424444
111112111222123342234223444344434333
122211121112131233423342334234443444
122211123112311231223424344433343444
111112111212222233323432344433344444
111112121212321232223334334434443444
111112111221322232223444344434443333
111111211123222322234423443344334443
112231123122311231223124333434444444
111121312131213323332243224342444444
111211221222112231423344344434343334
111112211123122342234223443344334443
111211221222122312331333443443344444
111111212221232133223332333444444444
122211121222122313331133443344434444
111111121122344234423342344234423332
122212231233122312331134413441344444
111112113211322432243324322433344444
122212221212111231143444333433443344
112212221223122311134143444343334443
111211121122122233223344333434443444
112212221222112314431143444344433333
112211221223122312331133433344444444
111112111213222324232433244344334443
111111121322132233323442342234443444
111112331233122312231223442344434444
111112112212321232223344333434443444
111112221112132233423442334233443444
111111221122122233323432344434443344
122211121122112314234423444344334333
111121312331231123342234233422444444
122212221122113211334133433443344444
122211121122132213321333334434444444
111111221222133213224323433344434444
111211221122112233224333443343344444
111122212211321132223333343344444444
111111111222223232323332343344444444
122212331223122311231113443344434444
111112132213211322234223444344334443
122312231223124312431243114314434443
111211121112222222333333344433444444
111111211221332432243324332433244444
111121112311233322332433244324442444
112212231123112312231233443344344444
112211221122133213321332443344434444
111121112131223322232423443344434443
111111112122222232233333334434444444
111111112133233322332223442344244444
111111111222322232423442334434443334
111112112213231323332234223444344444
111211121222133213223324344434443344
111112112211222342234243444343334433
111112213321332132213222333444444444
111212221122111233323342344433344444
112212221232133211321133444344434443
111212221222133211321333334434444444
111112111213222322332233443344344444
111111221222122212333333434344434444
111121132113221322234223433343444444
111112331233124312431243224322434444
111112221122113233323342344233444444
111212221232123213321133433344444444
111121112131233323432443224322434444
111111211122222223233333334443444444
111231123112331233123342434244424442
122212221122112311331333334344444444
112212221122112231133333344344434444
111111221123122322334223444343334444
112211121112331234223424342434443334
111211121112222232243344333434343444
111211123312311233224322433244344444
111111221122122232443234333434343444
122211121222133211321333334434444444
122212231223112314231433143314344444
112211121222111234423442344434343333
112211231223122311231423443344434443
111121312331233123312233222444444444
111121212221221123332344333433444444
122212221232123313331433143414441444
122211221122312431243114333433443444
111111211221223322232333334434444444
112211221122112213323333433443444444
111111121132333234423442344234223442
111111112212222232443234333434443344
111212221112122213323333433443444444
122211121212122213331433444343334444
111112221122112322234433433343434444
122212221222111111333334433443344444
111212221232133211321332443443344444
111211221122122212343334343434343444
111111112221222232233333434343444444
111112211222112233323332344434443444
112212221222113213331333134443444444
111212121222133211324432433344434443
111112211222133213324322433443344444
111121112112222232323333334443444444
111111212121222222333334343434443444
122211121112312231223444344433443334
111211221222111233323432343344344444
122211121222111213324433443344434433
111111211221222223323333344344434444
111122132213211321332443244324434443
122212221212111211334433443344434433
111112112211222223332334333434444444
111112111213223322432443244324434433
111122112111222223233333334344444444
111111112221232223242334334434443344
111122212211221132243444334434443333
111112112211222233223344333433444444
111112221112312234243424342434443333
111123112311233123332233244422444444
111111112221232323332233244344434444
111112112211222322234333443344334444
112211121222123214321433443343334444
111122212221211122343334343434443344
122211121332133211321432443244334444
122211121112311232223333344433444444
111111112122222223323333334434444444
111111221332133213224332433244424444
111112231123112344234423422342334443
111211123122311232223342344433443444
111211123312311234423422344233423444
122212121112131213323332433444344444
111112211222122212343334333433444444
111122212321232123214331443343344444
111112111222122322234443443344434333
111212121222133213321332443344434444
111111213221322133243224324433344444
112211121122112233243424344434443333
122212321232133213321334134414441444
111111211221222322234443444344433333
111112221232123212321333333444444444
111111121122322233323432344234443444
111111112212222233224333434343434444
111112112211222324432433243344434433
112212221222112313331133444344334444
111112131213123322342234233423444444
111112121222132213243324344433343444
111111221112333243324332432243424444
111212221112113233323432343244344444
122211221112311233123342334434443444
122211121222122313331344134433443444
111112221112312232223333344434443444
111121112231233122332234233444344444
111112111213422342334233423342234444
111121112231223142334223442344434433
111121112221222123332333443344344444
111121112211322232223344334433443444
111212221212111234423342344433343344
111121212221221122334443443344434333
122212321233122314231443114314434443
111112211231123322332443243324434444
112211121312132213423342334234443444
111122112211231323332334243424344444
112211121222122213331334334434443444
111122212111234123442334234423443334
111111112213223322332234233443444444
111122112213221342134233423344434443
111111111223223322332443243324344444
111112131213221322234223444344434433
111122112111222233323342344433344444
111112111213222322332333234344444444
111212221132113213324332433244344444
122212331233122312331233114441444444
111111211122322433243324322433443444
112212221332113211324132443343344444
111121112211222233323432443344434443
122211121122122213331334334434443444
111121312131213322342334233424442444
111111121332132243224332432243344444
111112211211223323342334233424344444
111122132113211323332333244424442444
112212221112122211334333433343444444
122211121222112211333334343434344444
111112211231223123332233244344434444
111122212211211322332333444344434443
111112221122312231223333444344434443
111112211121222222334433433344334444
122211121222122313331443143344334444
111111212221223122332443443344334443
111112112211223322234423433344434443
112212221112113241324432443344434333
122212221122312131113444334433443344
111122132213221321132233443344344444
111121332133211321332243244324442444
122211121112311233324332443244334444
111111221122122322332333443443344444
111111211221322232423342344433443344
111122212111222133223334344433344444
111111121312332233223222333444444444
111211121212122232243444344434343333
111112112211324432243224323433343444
111111223122312231223332333444444444
111111213221322132223332334443444444
111212221112122213323334334433444444
122212221222113313331113443344434444
122211221122113241324133444343334443
112211221222112311234443444344433333
111112112221222123332443444344334433
111112113211322433243224332433244444
122212221233122311331333144314444444
111111221223112322232443443343334444
111122112211221342234323433344334444
111211123312311233423442344233424442
111111121122222324234423443344334433
111112211121222232443244334433443334
122212221112312231443114334434443334
