111211123312331234123422342434243444
111112213211322132223324334443344444
122211121222133213321333133444444444
111122212211211322334233444344334443
111112211121222223342334333434443444
111112221112122232243344333433344444
122211221322133211321433144344334444
111121212221223123312344334434443344
111122212321232123312341334433444444
111112211121332233323422344233444444
111212221223123312231443144344434433
122212221223123313341334134413441444
111112212211221323332433243344434444
111112211233122312432243244344334443
111111211322133233223422344234443444
111112211211222323332433243344344444
112312231123122312231243144344334444
111111112122222232323333343444344444
123312231123112311234123422344434444
111111111233222324232423442343334444
111111112133223342234223423342434444
112211121222122211334433444343334443
111112111222122322332334334443344444
111111211122222223233333334344444444
112211121212122212334433444344434333
122212221223112314331443114344434433
111211121122132233324432443243334444
122212331223122312431143144314334444
112231123312331233123312441244424444
111111221112322232243244344434443333
111111211122333232223242334434443444
111111221112333234423442334233424442
111112131223123312334223422344434444
111212121222122213441334333433344444
112211321132133213221332443244344444
112211121112331232223323433344444444
111112121222122213323334334434443444
111211121222113243324432433244334443
111111112221322433243324322433344444
111112211211322234423422344433343344
111111112212222234223444333433343444
112211221222113211323333443344344444
122211121222112231143344333434443344
112211221112112234223444334434443333
111112112213221322234233444343334444
111111221222123212323333444344434443
122211121112113233323342334234444444
111112211221223123332334234443344444
122211121222123211331433444344334443
111112111212222233223333443344434444
112212221212111233124333443344334444
112211221122112231233333343344444444
112212221112132213321334333443444444
122211221112112213323334344433443444
112211123312331243124312432243344444
111122212111223123332243444343334444
111211121222122213243334333433444444
111211221222112213323333334434444444
111111112212322234223442344433343344
111211221122112234243424344433343334
111112111221322232223444343433343444
111111211221222233224333443344334444
111111221122132233243224334433443444
111122212111221322332333434343444444
111122112111222223332433443344434443
122211221222111211343334343434343444
111112221222122213331333443344434444
111211221122112233323332443443344444
111212121222133211324332443343344444
111112213211322132223342334434443444
111211221123112342234223433344334444
111111121122222233223334343434443444
122211121122112312233333333444444444
122211121112122213233333444344434443
111111212121222233223344333434344444
111121212121222123342344334433343444
111231123312331231123442344234424442
122212221322132313331143414341434444
111111212221223123332343244344334444
112231123112311231223324342434443444
112211123112312231223442334434443344
122212221112131213321344333434344444
111111221122132243324432433244334443
111121112121222322432443444344334333
122212221112311231123344334433344444
122211221222111231333133333444444444
111112211121222232243444343434343334
122211121222111213423344344434443333
122211221223122313331344133414344444
111111121322132233223224344433443444
111122212111221323332433243344434444
112211221222123213331133433443444444
111121132113231323332443224324442444
112211123112311233323422342434443444
122212321232113211321134333444344444
122212221222111311134333444344334443
112211121222122213331334334434443444
111111112221332232243224333433444444
111112111221222223243334333443344444
111111123122312233323222334443444444
111111112212222232233333344433444444
111111221112222233243324333434344444
111212221222111233123344334433344444
122213321132113213321322134443444444
111212121222122213331334334443344444
111112111221222233223334344434443344
111121112112222222334333443344334444
122212221222111133314431443344334443
111122212111222133223333334344444444
111211121222123312332234333444344444
122211223122312231113314334433444444
122211221223112311231443444344434333
111212121222111233323332443344344444
112211221112134213423342334233443444
111112221122311233223324344433344444
111212221222122314331433143344334444
111112211221122232233333343344444444
112212221222112311133333444344434443
111111211122222222333334344433443444
122212221223123313331443143314441444
111111211222122232243344334434443334
111121112211322233323322333444444444
111111211122222223423344334434443334
122211221112131213223334334433444444
111211221122112234243424344434433333
111112113211322232423442344234443334
111111211122222233223333343434444444
111212221112122212333334344433443444
111112221112122233243324334433344444
122211121112122212343334344434443334
111211121212122233223333343434444444
111121112113223322234223433344344444
111121112131223322432243244344434433
111112311233123312232223244344434444
112311231223123312331223124344444444
111111112212222232323334433443344444
111121112113223323342234223443344444
111121112131233323432344233422442444
122211221222132413341134133433443444
111111221123122342234223433344434443
122212121112311233124332443343344444
111111111233223342334233422344224444
111111112122222223233333434443344444
111111121332132233323222342434444444
111111213121322232443224324433443344
111111221132133243324322433244324444
111111123112334234423442344234423322
111111122112222233224333443343344444
122211221122311231323133333444444444
111111112221232223223334334443344444
111121312231223122312233333444444444
111211121112222223324433433344434443
112312231233122312431243124314434444
111122212211321132443224344433443334
112212221122112311234443444344334333
111112112221332132223234333443444444
122212321332113211321332134443444444
111112112221332132223244334434443344
111112112211233323332223442344434444
112212221232113214321433144344434433
111121112221232123332334233444344444
111111223112331234423342344234423442
122211121312131213324332433244344444
111112211322133213324332443244324444
111231123122311231423342344234423444
111111211222132233324322433343444444
111211221112132233243324332434443444
112231123112331231123332434244424444
122211221222111234113444343434343334
111112211321132233423442342234443344
111121112133213322332243424342434444
122212231233122311231133143344444444
122212321232123312341334133414441444
111121112211222234243424344433443333
111211121212122233323332443443344444
111122212111221322234333434343434444
111212121222112213323344334433344444
111211121122122322234443444344334333
111121312133211324432243244324332444
111211221222112213324433443344334443
122211121112131243224332433343434444
111112221222122312331333443344344444
111111212221222123243344334434443334
111121112211222234423342344433343344
111112211122313233323322344234444444
122212221112111233123344344433343444
111111213121332232243224324434443344
112212221122132213331433143344344444
111112211222113244324332433243334444
122211121122112231243444334434443333
111111111222332233223332343244444444
111111111222223222323334343434443444
111122212111223122342334334433344444
122211121122112231243444333433343444
111122212331234123412341234423443344
112212221112112213233333434343444444
111211221222112231243344333433443444
112212221233122311234113443344334444
111111112221233324432443224324434433
111111112221222323332334233443444444
112211121222122213441344334434443333
111211121212122222333334343434344444
111111112221222323332334233443444444
111112211231223122334233423443344444
111211221222112231233333434443344444
111121112113222322334233423344344444
111111112213222322332243444344334443
112211121112122222334333444343334444
111112211222113233323422344434443344
111111121222134233423342344234423344
111122112111223342234233423344434443
111112112213231323332233422344444444
122213221322133213321134413441344444
111122112111223322332243444343334444
111112121212122233323332344434443444
111111121222122322334233433343444444
111112112213221323332343234324444444
112211221122112213234333443344434443
111111212123212322234233443344334444
111112111222123222332443443344334443
111111123112333234324432433244424422
122211221123122312431443143344334443
111111121222122342234233443344334443
111112211221222123234333444343334444
111111121332133233323342444244224442
123312331234123412341234123412441244
122211121132113214324432443244334433
111121112211233324432443243324332444
111212121222112213323334333444344444
111112211122312233323342344233444444
111211221112122233223333433443444444
111112113211322232223332343434444444
122212221112111231323334344433344444
111111211122322233323342334234444444
122212221232123311331133144344434444
112211221332132213241324133443344444
111231123112331233123442344234224444
111112212221322133213324334433444444
111111112123222322332234433443344444
111122212211223122313334343434443444
112212221222111233143414344433343344
111121212121222123243334333443344444
111111231223123312232233423444344444
112211121122133213324322433344434444
111112112211233323332334223442444444
111112112211222223233333333444444444
111122212211222133213333334434444444
111123112311231423342344234423342244
111112221123142314234423442344234333
111111111222222233223444334433443344
111111121212322234223424344433443334
122211121112131233323322433444344444
122211221122311231123344334434443344
111211121212122234423442334434443333
111212221322132213321133443344344444
111111111223223322234223443343344444
112211221122112313234323433344434444
111112213221322133213322344434443444
111111112133233322332233244424442444
111112221232123312231243444344334443
111122112221222123314333444344334443
111112121222123214324432443344434333
111121112131223324332443224342434443
111111112331233322232443224342434444
112213221332113213321332143244444444
111112121212122234423442344434343333
111111112221322232223333443344434444
111121112221222133223333443344344444
111111211222123222324333433443344444
112211121112133233223332443244344444
111112212211233123332234233443444444
112211221223112341234123444343334443
111112211122122322234433433343434444
122212221222113314431433144314334443
111111211122222232443234333433344444
112231223112311231423142344233443444
111121332133211321432443224324432444
111111121212222223233333434344434444
111112111222122233223444333433443444
112212221222111213331334334434443444
111112112211222223233333344434443444
111112311231123322332433244324442444
111211121112222232323333443443344444
122212321332133213321342134414441444
111122212211221132233333444344334444
111112212221221123332433443344334444
111111123112333234324432433244224442
111111221322133213223342334243444444
122212221222111311134333444344334443
111112211122122322234433443344434433
111121112231233123442344233423442344
111111212221232123332443243344434443
111121112313231323332234223424444444
112211121312133213423342334243424444
111121312131233124332443244324432244
111211221112122232233333434443344444
122211121222132213331343134433444444
111112211221122232343234333433444444
111112113221322133223332344234444444
111121112221332132223324433443344444
122211221222111213341344333433443444
112211221223122312431443143344434433
111212221122132213321344333434443444
122211121122112314234423433344434433
111111212221223123332233433444344444
111111231123122342334223442344234443
122312331223122312231333114414444444
112212231233123312231233143414444444
111112111213222342234223444344434333
111111121122222232333234333434444444
111231223122312231123312334443444444
111212221222122311333134333434444444
111112211221123322342334234433443444
111122112211223122332334333443444444
111112211121222342234243444343334433
122212221332133211321134133443444444
111213121312331233124332443244224444
111211121112322232323332333444444444
111111112221232233223442334434443344
111121112112222223332343334434443444
111212221232133213321342134443344444
111112111221222233324432443343334444
111111121122333233224332432243444444
111121112221332132243224333433444444
122211121112131233223342334443344444
112211123112331243124322433243344444
111121112211322232423342334433443444
111121112221322133224332433344344444
122211121222113211324333444343334444
111111221222123312334223433343444444
112211121122112233223344333434443444
111111213122312432243224323433344444
111111213122312233323442334243424444
112212221222111211334333434344434443
111212221122112231323333434443344444
111211121122132433243224323433344444
111211121222132213323332333444444444
111212221223122311231333443344434444
111211223112311233323432344234424444
111111231223122312232233433344444444
111112221112132233223332433344444444
111111112221322234423342334233443444
112211121122311232223333433344444444
111111112212322232423244333434343444
111122112221222132313333434443344444
122211221132113214321432443344334443
111121112211222233223333443344344444
111111122112222222333334343434344444
112211221322133213421342134433443444
111111112133233323442334234422242444
111111122112222233323342334433444444
122212221212111231443134333433443444
111121112331233123442334233422244444
111122212211322132213344344433443344
122211121122133211324432433344434443
122212121112111233323332343344444444
112211321132113231323332432244444444
122211121312131213223324344434443344
112211221112311233223342334434443444
111211221122112232243334333443344444
111111211221222342234233443343334444
111112211121222322234333443344334444
111122212111221322332433443344434443
111112221112132233223442344433443344
111111211221222324232433444343334443
111111211122222223243334344434443334
122212221112312231143314333434443444
122211121122122311234443444343434333
112212221112113241324332443344434433
111111111222332233223324432443344444
122211221132113213321432443343344444
111211123122312231243224333434344444
111112112211222223423344344434443333
111112331233123312331234224422444444
111111211221222322234333443344334444
111112211121322234423342344233443344
111121112113223322232233443344434444
112211221112311232223333333444444444
111211121122122222343334344433443344
111121112211322432243244324433343344
111212221223122311231333334443444444
111111121222133243324332433243424444
111111212221322132243324334433443444
112211221222122311133333343434444444
111112221122122213323344344434443334
111121112112222223233333344334444444
111122112221332132213244334434443344
111112111233122322332334233424444444
111112112221233122342234333443344444
111121112213221324432433244324434433
122212121112131243124332433343344444
111112211222132213323332443443344444
111111121132443243324332443243324422
122212221332113211321334133444344444
111213121322133213321332443244424444
111233123112311231223322332444444444
112212221222132313331333144314444444
111122212111213322332234433443344444
111112211122122234223444343434343334
111211221112122233223333443344434444
112312231423142314231423142314234443
111121112213221322234233433344344444
111112211211222342234423433343334444
111211121112332234423422342434443334
111111211223122322332333234443444444
111112121212321232223334334443344444
111111121122222342334233424344434433
111121112331233123342344233422442444
111122112231223122313233333444444444
111111111222324232423442334234443334
111122112211222122343334333434344444
111121112211222223332333444344334444
111112111221222233323432443344334444
112211221122112213323344333443344444
111112221112312232223333334434444444
111111211122222223233333443443344444
122211223112312231123314333444344444
111112211222112233223334433443344444
111121112221232133223324334443344444
111212221123122312331233444344434443
111111112221232233223324344433344444
111111112133233322342334223442244444
122211121112132213243324333433444444
111121112211324432243224342434443333
111111211221222233224333444344334443
111112111221342234423442344234423333
111111223112312232223424344433443344
111212221112122213323334334434443444
111121112113222322334223443344434443
111212221232123213321333134443444444
111112131233122312232243244344434443
111122132113213321332223442344434444
122212321234123412341234133413341444
111212221122112231243444334433443334
111111221223123312334223423344434444
111112221112132243224323433343344444
112211121122112322234443444343434333
111112112213421342234223423344434433
111112131213122322332333224344444444
111211121312134233423442344233423442
111112211321332132243224324434443344
111111211122332233223322433444344444
111112221232123212341234333433444444
112211221222111234123444343433343344
111121112231233122332223443344344444
112211221112314231423342334233443444
111112221112314233423442334234423344
111211221223122312331233433443444444
111111121222122233223344333443344444
111111213121332233223342334244424444
111111221112222233223334334443344444
111111121322133233223332432244444444
112211121222112341234323433344334444
122212221232113213331343134314444444
122212221212111231443134333433443444
111112221122312231423342334433344444
111111111222222233323332443344434444
111211221332132213221324333434444444
111111112221232223224333433443344444
111112211121222223233333443344434444
112211221222123211331433444344434433
111112221332133213221324332443444444
122212121112112213323333443344344444
112211121222113241324332443344334443
111211121312331232223332434243444444
111112112221223123332334234433444444
111211121222112322234433443343334444
111111121332132233323332422244444444
111211221112132233323432443243344444
112211221122112231323333343344444444
111111231223112322232423444344434433
122211221122113211324433433343344444
112212221112311231323332343444344444
111122212231223123312331334434444444
111122112111222223332334333434444444
112211221122122211333334344433443444
111122112211222123243344344434343334
112212221232123312331113443344434444
111111112122222233243424344433343344
111213121332133213421342334244424442
111112121222123312332233433443444444
122212221122311233113331433443444444
111121112311233323332223242344444444
111211121122132233323322433443444444
111111212221232123332343234443344444
111211121312132233223224333444344444
112211221222111213323333344434443444
111211223122312231243124333433444444
111122213321332133213321432244444444
111112112221222132443244333433343444
111111112231223323332334243424442444
122212221122112311331334334443344444
111112212221223122314433433344334444
111111112221232223223333434443344444
111211221222122211334443444343434333
111122112113231323332343244324442444
111111211123222322232333434343444444
111111212121222233223333433344444444
122211221223112313231333134344444444
111111121122222322233333433444344444
112211221122122211334333443343344444
111111111222222232233333344344434444
111121112131233422342334233422344444
112212221332132213321333114344444444
111112212211222123332433444343334444
111122112221233123312333243444344444
112231223122312231123311344434443444
111111112221222232423444333433443344
111122112111222342234233443344334443
111111212221233122334223433344434444
122212221112131243124313433343344444
112211221223112312231433443343344444
111111212221222132233333433443444444
111111213122312233323322332444444444
111112112221222132443244334433343344
111211121322132213223324344434443344
111111213121322233243224342434443344
111111212221223123332344233433444444
111112112221223122332333433443444444
111231123112311233324322432443244444
111111211122222233223334344433344444
112211121222112312234433443343334444
111111211221222232243444333434443334
111112112211222323332343234343444444
111112212221233123312233443344434444
111212121222122213331443444343334443
112212221222123314331443114344434433
112211221122311231223344333433444444
112211121222112213233333343434444444
111112112211222233224333443344434443
111112112221322132223334433443344444
111111112213422344234223422344434333
111111112221222233223333444344434443
111111212221232123234323433343444444
111112121212321232223333343444344444
122212221122111211333334333434444444
111231123122311231423342334234424444
111112111212322232223334343434344444
122212221122111233113333433444344444
122212221132133213321133143344444444
111211221112122233324332433343444444
122212221132113211324133433344344444
112212221122312231143144333433443444
111112231223122312331234423443344444
122212221122112313331333144344434444
112212221233123312231133413344444444
111112211211222232323334344433344444
111122212111222132243334333434443444
111211123312331243124322432243344444
111121112211322232243234333443344444
111111221112333233324322432243444444
111111211223122342334223442344334443
111111211122332234423342334233424444
111211221112122233223334343434344444
111112131213221324432243224344434433
122212221212111213143334343434443344
111112211221122233423442344433343344
111112131223112322232423444344334443
111111112221322232223444333434443344
112211121212122213323333344334444444
111112211121322233243224333434443444
122212321332133211321132133444444444
111111112221232223322333433344444444
122213221324132413241324133413341444
111122132213221321132243444344434433
111112221122122312234333434343434444
111121112211222233223334433443344444
111111123112322233224322433443344444
111112211121222223233333333444444444
112211121222122211334333443344434443
112211221112131233224332433344344444
111122112111223322234423444344434333
122211121112312231423442334433343444
111121312131223122334223442344334444
111111211122332232223332433344444444
111212221112112233243324344434443334
111211221122132213324332433344344444
111111221112222222333333444344334444
111111221122122233223333344334444444
111121312331223122312333223444444444
111121132213211322232243444343334444
122212121212111213323334343434344444
122211221223123312331143144344434443
111122212111221322332333333444444444
111112131213221322332443224344434443
111112221112122232423444344434433333
111112211233122312332233423444344444
111211123312331234123442334234424442
111111112133223322232233423444344444
111112221132113233323432342234444444
111122212221322132413341344433443344
111112221112133233423442342234443344
112212221223122314431443143314334443
111122112111234423442344233423442333
111122212211221323132333434443344444
111121112112222232343234333443344444
111112212211222123332443444344434333
111111112212322232223334334443344444
111112211221322133223324344433344444
111112111221222222334443444344334333
111122112331231123342234233423444444
122211121122111233423442344434343334
111111221112322233323322344433444444
111111112133233322432443244324432244
111121112213221342334223442344434433
112213321322132213241324133413444444
111111212221232123332234333443444444
122312231123112312231123444344434443
111111211122222232323333443344344444
112311231123112341234223442344234443
111121312133211322332443243324442444
111121112211223322234423443344434433
122211121112311233423342334233444444
111111112133222323332223442344434444
111112211221332132223442334433344444
111121312131233122334223423342444444
111111112221322232423342334434443344
122211221222111213441334333433443444
111111221222132213243324333433444444
111123112311233122332233224344444444
111112221322133213321332334244444444
111112112221223123332344233443344444
122211221112131213223334333434444444
111211121122313233324332434243424444
111211221222122311233333344344434444
111121112211322232233323433344444444
111112221132313231323332342244444444
111122112211322133243224334433344444
111112211122312233223342344433443444
111211321132113233323342344244224444
111121312133211322332333224424444444
111212221223112312231443443344334443
111111121132433243324332432243424442
111231123122312231123322433444344444
122211221112112213243334333434443444
111112112211222322234333444344434433
122212221122111234113444334433343344
111121132133213321332433244422442444
122211121322133213321432143344434444
111122212211221122334443444343334433
111111121122333233223442334234424444
111212221112311232223344344434443334
111112113211322232323332334244444444
111111112221322232423244333433344444
111112111222122342234233444343334443
111111211122222344234223433343434443
111111112133222324332443244322434443
111112221112312232223444334433443344
111111112331223322232443243324344444
122212221222133313331343114341444444
111231123112314231423442334234423442
111211121222122212334333433443344444
111111121122222324332443243344434433
122212321232113213321134133444344444
111122112111222324234423444344433333
111211221223112341234423442344334433
111112111223122322334223444344334443
111212221232123212331443144344334443
122211221122111231423344333434443344
122212121112111233223333433344444444
111111112213223322232423444344334443
122212221222111344134113443343334443
122211221332113213321332134443444444
112212221122111213323333344434443444
111111212121222222333333433444344444
112211221222111233123444344434443333
111121112221232133243324332443344444
111122212111223123332344234433443444
111212121222111233223333343434444444
112211221332113211324332443243344444
111212221112112233323442334433443444
111112212231233122314233423344344444
111111211321332234423442342234423344
122211121222132213441344134433343344
111112221222132213321333443443344444
111211123112331233323322434244424444
111111111222223342334223423344434443
122211121222132213331334133443444444
122212221222111113133333444344334444
111211221122132213423342334434443344
111121212221222133213333433444344444
111111211222123322342234333433444444
111123112331223123312334223442444444
111111122112222233223333443344434444
111111112221232223332234433443344444
111112121222122312234333433443344444
122212221232133213331433144314441444
111121112112222232243334333433444444
111112131213221323332233244324444444
111112211122312233223424344434443334
111122212111221342234423444343434333
111213321322133213321332144244424444
111111221122122322234443444344433333
122211221112122211333333334434444444
111122112213211322332233444344334444
111211223122312231123332433344444444
111211121112333233323332444244224444
111112221122113233324322433344344444
111112211121332233323332342244444444
111111221112332233324332432243444444
122212121112133213221333334344444444
111121112113222323332334234423444444
112211221223112311234423433344434443
122211121122312231123444333434443344
111231123112311233323322342244444444
111122112211222132243344333434343444
122312231223122311231433143314444444
112212221122111213423344334433443344
111211121112322233243224334433443444
112211121222122213441334334433443344
111112211211322234223442334433443344
122212221222111113341334334434443344
111112112221322132223333433443444444
111112212221322132213344333434344444
111112221232113213323332334244444444
111122112111234423342334234423342344
111212221122112231243444343433343344
112211121222111234423342344433343344
111212121222112312233333433344444444
111112112221232123332243444343334444
111112211222122212333333434443344444
122211221112133213221344333433444444
122211121122133213321432443344434443
111122112211223123332233444344334444
111122112113213323332443244322434444
111112211221222132233333444344434443
122211221112111233323332443344434444
111112131213221322332223444344334444
112212221233123312231333113444444444
111111112221322232323332433444344444
122211121122111233223333344344434444
111111121212322233323332443244344444
112213221322133214321432143314434444
111121212121222122334433433344434443
122212221322132313331434143414341444
111112211122133233423442334234423444
122211121332132213321332133444444444
111111213321322133223322432443444444
111111212121222232243334344433443344
111121312331223123312234223444344444
111213121332113213323342344244224444
111121112131223342234223442344434433
122212221222113341334113413343344444
112312231123112312231423442344434443
111112211121222322334233443343344444
111211121322132213223332443344434444
111112212221221123332333443344434444
111111211222123222323334344433344444
111121112221222122343334334433344444
111111112221222223243334333433444444
111111112133222324432443224324434433
111112221122112322234433444344334433
112312231233122311231423142344434444
112211221112132213243324344433343444
122211121132113231323332334244444444
111121112131223323342234223443344444
111121312131213323332443244324442244
111111112313233322432243224342434444
111111211223123322232443243344334444
112213321332133213321132142244444444
111213121312331233123322432444244444
111211221132133213323322342434444444
111211121322132213423342334233444444
111112111222122322334233433344434444
111111111222222233223444344434443333
111112221112331232223233333444444444
111121112213221322232333443344434444
122212221222111344134113444344334333
111112131233123312234223422344434444
111112111221223422342334234433443344
111112211322133213223324332443444444
111111211221223322334233423344344444
111112131213123322342334234423442444
122212221112113211323334344433344444
111112212221221123442334333433344444
111211121222123212323333344344434444
122211121112133213224332433344434444
111111112221222233423442344433443334
111111211221222232323334344434443344
111121212221232123213333344334444444
111112111212322232423342334433344444
111211121212122232443244344434343333
122212221222111313331133333444444444
122212221122314231443114331434443334
111111111222223223322333333444444444
123312341234123412341234123412341244
111211121112322233324332443244334444
111111112221222232423344334434443334
111112111222122222333334334443344444
112211121122311233323332443244344444
111121112113222342334223442343334444
122212221122311231113344344433443344
122212221222133313441334133413441444
111112221222123212331443443344434433
111111111222222223324433444344334433
111112211211322232443224333434343444
122211121112122213233333334443444444
111112212221223142314233433343434444
111211121332113233323422344234424444
111122112111233322342334223443344444
111212221222113211323334333443444444
111112211231123322234223433344344444
111112211222112234423342344434343334
111111221112322232423244334434443334
111211121122312232223333443344344444
111211121332132213324432433243424444
112211123312311231223424342434443344
111111121122332233324332432243444444
111212121222112213323333434343444444
122212121112111233423442334433443344
111111112331233423442344234423342224
122211123112311231223324333434444444
122211221122111231423344333433344444
111122112211221322233333434343444444
122212221122111233113444344434443333
111112221222122211333333343444344444
122211221132133213321332134443444444
111111221112222232243334334433443444
111121112112222223442344334433343344
122211231223112314231423144344434433
111111121212322233323322334434444444
122211221332113213321432143344434444
111121212221222132313334334433444444
112211121112321232223333433344444444
112212221222111233113333334344444444
111121312131213323342234223424344444
111111211222123232323332343344444444
111112131213122322332233424344434444
111111121122322233223324433443344444
111211221112331233323442342234443444
112212221222111233114333444344334443
111112113221322132223324334433444444
111111122112222223233333434443344444
111112211121222223234333444344434433
111111111222222322332433444344334443
111111211122332233223422344433344444
111122213221332132213321344434443444
111111121122222223332343334434443444
122211221223112311233133333444444444
112212221112132213321333434343444444
111112211221223142334223433344334444
111111112313233323332223422444244444
111112211211222233324432433343434444
111111112122222222334443443344334433
111112221322133213321322433344444444
112212221122112314231433444343334443
112211121222111233323332344433444444
112211221112112233224333443343344444
122212331223123312231113414344434444
111122112113241324432433244324432433
112212221222113213331133443443344444
111231223112331233124312432243444444
111112112211222222334443443344334433
111112221122132213223344344433443344
111111121212222222333334333443444444
111111112221233322332443224344434443
111111211122333234223442334233424444
111111112221222222334333434343434444
111112112231233123332433243424442444
111112112221233123342344234423443344
111111111222222322333234333434444444
122212221122111233113333334344444444
111121212221223124312433443344434433
111122112113213323342334243424342444
111122112113221342234223444344434333
111211121112322232223333344433444444
111111112212322233324322433443344444
111112112221232123233323433344444444
111112221322133213221332433344444444
112211221332132213321342134443344444
112211221322133213221344134433443444
111211121132133233423342344234224444
111112211222122212333333444344334444
111112221222112312234443443344334433
111211221112132233323442334234443444
111212221222113213321334333434444444
111111112221222322332333434344434444
122211221223112311231333434443344444
111122212221221123143334334434443344
111211123112313233323322342444244444
111121212221223132313234333444344444
111112211122122233223344333434344444
111111231223112322232423444343334444
111112212211322132223444343433343444
111233123112311233123222342434444444
111121312231223122312333243444344444
111122212211322132313234333434444444
111112211121322233423342344233443444
112211221122311233124332433443344444
111211121322133213323322334244444444
111121212221321132223334333444344444
111211123112312234223442344234443334
111212221223122312331334134443344444
111212121222133213321332433444344444
111112212221231123342234333443344444
111121112123212322234423443343334444
111112221122122213233333443443344444
111121332133211322132233244324444444
111112212211321432443224324433443334
112211123122311233123442334233444444
111212221112311234423422344434343334
122212221112111233123334333444344444
112212221222133213331133133444444444
111122112113221342234223443344334443
122212221112133213321433144344334444
111112111221222322333234333434444444
111112121222122213323334344433443444
111111221122132233223323433344444444
122212221233122314431143144314334443
122212221223112311134143444344334433
111111112133223324432443224324432443
111111211221222324234423433343434443
111112112211322233323322344434443444
111121112221222133223333433444344444
111111211221332432243224323433344444
111211221122312231243324333443344444
111212221223123312231333144344434444
112211221122122211334433433343434444
111211121122133233223324432443344444
111123112331231123342334223442244444
112212221122113211324433433343434444
122211121122112213323333444344334444
122212221222111113143344344434443333
111112121212122233223333334344444444
111112111223123322232243444343334444
111112112221222132243444344433443333
111111121132333233323322442244244444
111112211223122312332233444344334444
122211121222132213331133443443344444
111111112213224324432243244324334433
111112131233123312342234223442344444
111112211121222322234333443344334444
111111221112222222333333334443444444
111111111222222233223334343434344444
111121112213421342334233423342234444
111112121222112233223344344433443344
111211121312331233324322432443244444
111111111233222322332333244324444444
111111212121222322334233433443344444
111121132213211324432443243324332444
122212321232123211331133413344444444
111112213211322132223442344433443344
122212221112331231123144344433343444
122212221122112311331333433444344444
111111221122122232243334333443344444
111111121312333233223442344234424442
122211121122113213323342334434443444
112212221222123311134133444344434433
111112221112312233423442334233443444
111122212321234123412341234433343444
111111211322134233423442344233423442
111111121322134233423442344234423342
111111112331233324432243244322432444
112211223122311231223144344434443334
111122112221332143214322433344334444
111122112221223122314333434343434444
112211121222112231233333433444344444
111122112221221132243444343434343334
111111221223123312332223443344344444
111122112111223342334233423342434444
111111212221222123332334334443344444
111121112112222223324433443344434433
111112121222122212334333443343344444
111112211221132233223424344433443344
122212121112331231123342334434443444
122213321332132213321342134414441444
111122112211233124332433244324434443
111112112211233423342334234423342444
111211321132113233324322432243444444
111211121122122233223333344433444444
111111223124312431243224322434443334
111112221223112341234223433344334444
112231223122311231123312433344444444
111111223112331232223324332434444444
122212221122312431143144314433343344
111212221112122213234333443344434443
122212221112132213331133443344434444
122212321233123312331233114414444444
111111123112333233324332422242444444
111111211321332243224322433243344444
111121112112222223332333433444344444
111111121122322233223332443443344444
111111123112333243324332432244424442
111122112111222222333333344334444444
111112211211222323332333243344444444
111112211122212322233333434344434444
111112211211322232223444344433443334
111211121122132243224323433343434444
111111221223112342234223443344434433
122211221112122211333333343344444444
122211121312132213321342334434443444
112212221232113211323134333444344444
111111211221223324332433244324334444
111121112221232123442334234433343444
111112221122112232243444334433343344
111213121312132213223322433444344444
122212321332113213321332143414444444
112211221222111234123444333433443344
111111112331233323332344222424442444
122211121222112211334333433344344444
