11112221331122443333245666324556677455667745577784888888
11122223311122334155234445553364445666678567777886778888
12222221113442111344455533345553634757766677786667888888
12222221133332114433311544465555446575666677778687788888
11222223142255314455531455663144667314666738877773888887
11122221312322133334415563645566664556774485877748888877
12222231244533124455316455531644533166677716688878888777
12222331223234115333411544441657747665577766588786658888
11112223111222344425534446553764685376668537688853777788
11122223312224311444433154463375566777555678888567788866
12223341122334112334411235546655544677558867777786668888
11122221112333144223355444435555463775886677788667788866
11222231144233114223514444356666335768885576678557777888
11122331222233114423314455536644457866655786687578888777
11222221111232444133355443635544366557666857778687778888
11111221344425134222533426657344655733666577788657788888
11222221133223114333351446675444677554666785556778888887
11223331112233114225364442536477755644777566678856888885
11112221314425134422533346253344665788886577786657778865
11112223141522314556234456623445677348567733856678888877
11111112222344223334452363345566674556777456687775888888
11122221333224111332455533645777864577886457786645888664
11222331112223114452344445334555536788586677888667777866
11123331122223112444355244335666447566667755777785888888
12222231142333114233311444556447855677788567678556667888
11112221333332114433254444225666467555666758577778888887
11111223314122354442235546623554466335576688887768887777
11111221134442333422234445523655555366778866777886677888
11111231222223144233354466635477763547876654787865558888
11122234122253411255346155334665733466577746888774688887
11122231114423551422365542336654443655788366677887777888
11111112223333222343352544445554664775668877566687778888
11222231112223144433314443356647775668887566877756888555
11233331122333411222544165254446555747666577768687788888
11123334412333441222354112265447766555776658587768888876
11112234112223412233344555336477555644788566778886667788
11222221123244155344415333441553677885366788566678886777
11222331222233111333451566445556444757666475788687778888
11123331442233114223351442665547266554777685578768888876
12233441223334122233415555541556644117766677776687888888
12233331124433112443512244451266755666775586687758888877
11112223112224351254435555543666674367777436878743688888
11122221112232414553344453334645773665577766857876688888
12222231142523144555316445331644573166657388667778888877
11112221312224135524433544463555546377786637888867778866
11111121333442334444233542226655572665887765588876688777
12222221113332113344451366645536774556677458868745888877
11111123314422334442233454263775626775566675588867758888
12222231224333155434316544431655748165778816577786667888
12223331242235124433514443651164665716665577788857778888
11112221311224333322433555446654447665557786667778888887
11122331412333142222314444435566777566687755668875588887
12222221112344155333411533346555784665778467777846668888
11111231122223442423354443365477366577778655878865588866
11111221333122334322234455554445655477766677778868888866
12222221132455133345513344551134445666666786888778887777
11111112223334223333452644445266477588666755868775588877
11222231224233144444314555531156553788666377888667777886
11112234511123452222345566334455633744566877766887778888
11111223312222331244453666445336644557668857788885577778
11222231124433122433311445367744556777555678885667888866
11111223344152334415233644523666452667685277788557778888
11222331224333112453311245556774445667488567777856668888
12233341222344112233411555341556644775866677586687778888
11122231112333412235344625534465557466857746887776688887
11112231222233114243544444356666335667785576788557778888
11122221134422113445233344553366455666667588887758887777
11122221333322144433214543661454666555557677777768888888
11123331122333144223514226654444655788866577786657778885
11111234152123445222345552334445533677888867777786666688
11222221323342133354411355446155744655777766666778888888
11233334122253411255341226534166655446665748888878877777
12223331442333144222311444551677755167877566687556688888
11111221133332444433254663225466662545786855578887777788
11223341223344122334415263741566774156677755668785588888
11122234112223441123345563334456666455677685588778888777
11223331122333112443512245554444665766668576888857777788
11222231223333112343514444551644755667775867787586668888
12223331222344152333415555541156444177666677776687888888
11122221311224331552433354446355544666577768688876888777
11112221133242155344255334425334466577666657776887788888
11111123145222334526234455623475566347566834788687777888
12333331222343122444411244551155555666677788866678888777
12222231112233114445361445536647853674785367778556678888
11223331112233114422354466235546666574477657777885588888
11111112222233442323544433354666665476655577778857788888
12222221123444111334413335546636574866657786855578888777
11111112223344233344523344452266555666785876678587777888
11112221313322133332244444556477775647775566666558888888
11122231444223111422355446635774633557666357778685788888
11122221113332415333244555324446557466665788886678887777
11111221133322444332564473256477325647755566775886688888
11123331112223142223354444435556647586667758886775888677
11111221133332444443255454326555532666667288886778887777
11122221133222414333541433554445556777765677886667888886
11123331112333412255344225554442665476666577778687788888
11222221111122334456634445563774456337775637785568888886
11233331122343111224355522445556774566667486886748888777
11111223311224355526433552643557264377766477886647888884
12222221112344113334415334445553677855566788666778888677
12223331442333144222311445551145556777756678776668888886
11112334112223415222345555534665773466677346867774888888
11122223111422351444235446473556667335566738856778888877
12222231112423155443311544365554336775488677788867788666
11112221132224153244455334445563337556688766688776888777
11111221333322133344244444225667777566688755668875558887
11112334141223444123344552235556723566677756887776688888
11222231224433124433314445361755566177756677855867888886
11222341112334115223455526345755634776663477766847888888
11222221123244153333415334441566674556677755668778888887
12233341123334112234451244465126666555556677777778888888
11111112222333444222345555334655738466578846677886677788
11222221333322111433516644357666455766744577774858888885
12222221333324113344411536445156664555666758887778888777
11112231412223142253344665334665553466575746877778888887
11122223411152344415233445523334655766666576788887777888
12223331242233144255311466531144655774666577768857788888
11111112222233244523644453367445336755566675786887778888
12233331122333112224415444461557476558777655887768888666
11122221113324513322453336645666664555774457778487788888
12223331222433112443311544461555746857576685777768888866
12222231122433111143355444435666643576766857777785588888
12223331112344122235416633541665554776685477688547778888
11111123312222334444253346425534666555766685777778888887
11111123314422334444235542223356666775666875558887777888
12222231443223144333314556661445556117775677778568888886
11112223311222331455233345664444556477856677785867788886
11223331122223411233341445664447566887755688877568877556
11222221123244113333451344445536666555677758667778888887
11122221111222334445533444456337785637778567788856666885
11222231144423114452361445236655533665577368777776888888
11111121333322433355245555224657772467777846668884466888
11222221113324151342455534445553466777336677888667788886
11112223112244331244433525443355555666788866778886677778
11222221133322111433344443556474775667775566875586688888
11111221344222133445233444523366655666777586887558888777
11122223114252314425531445553364457336777766677886688888
11122234411123441222344456335555663755666377777687888888
12222231244433124455314455531675753167777316687886668888
11222221111223441553346665534676853467785346788534777888
11122221122333112334355666437556644755668475788847778884
11222221332244113554411354443335555666667867777786788888
11111223441122344422534466253366655733768577776857888885
12222221111324133334413355546555744675774867778886666888
11223331112234112233456273445667744566774855678885567888
11122231222323111333344556664445666455567748587778888877
11122221112322144533344555334555663477768847666887776888
11222221112324511333456337745663774556887456687745688884
11233331122333112224451526645557764577766457766448888888
11112221222233114333344445534675588467758866675586677788
11111231222223124333344455354667555466777546888776688887
11122221311222333144435666473566447355664785558778888877
11222221111322144333354443365574476577777655888665888866
11112234141223444123355442235555533667777766888776668888
11122221122233415333641533664555666475577647777884488888
12233331422233142425314445551146657166655788667778888877
11112223331112333344255554425556642766664876788487777888
11111221122223444423345644335566337566667755887775888887
11122341122234511223455553346565334666777468888746888777
11122221132322133334513444456777745677874566888556668885
11123331122233412523341255564455666477568847766884777888
11112345112234551233455523345662374668287466888746887777
12233331222344125533412556641556674115677488667748888877
11111221341222334422533444453366655776866577688557778888
11122221111223455623344566334556773458667345886774888877
11111121332222435555243333524444455666667766777778888888
11222223114255311425531645553364444336777766687776888888
12222221333424115344411533341556664775668877556687778888
11111123333142335344255555426665442776664277776827888888
12222221111233144443315544436655773666557368657778888887
12222231244443121445311164536666553776658377755837788888
11112331122233412555344225534444653777765678776668888886
11122221334442135544213554621335466737556677776687888888
11112221113222444333245663334556667445866755588778888777
11233331122233111223455552446657744655774466887776688888
11111121333322334222234445567448556748855677788567788666
12222331124233112444351144635556463756666875578887777888
12333331222243111224311556447756664775556477856647888888
11111221331442553344256633425673442567788256777885667888
12222221112333114443351554335554446757866677786867788886
12222331244333122444311556431155647855567788886778866677
12333341222354122335411255541165754666677468887746888877
12223341223344122334411134451666555767655877766587788888
12233331122234112233411544446654777665557786665578888887
11122334112233411222345566334576668457766845777884557888
11112223111222334442433354443675555667588566778886677788
11111123144552344552234552223465788346677833677786667888
11223341112344122233412533445556646557666685777778888887
11122223311142355144233544423355546775666677886867778888
12222331122334152333415555441155444666778866777886677888
11122331222233111233345556664455766445777648577764888888
11223331223343112444311224445667777556666755886775588888
11222221332444133244413334551167775666675568687758888875
11222223111452314445231455563345566734888673788667777886
12222231124423111453314445336664553667785566778857778888
11112331142233144422344422335556777556667856677785688888
11122223112244311525433555546335744637777466787886668888
11122221112223415333345553364577776457867645786664488888
12223331122223114443314454361745666777555678788567888856
11122221122333142335314663557446665744466578888857777885
11112223331112333344256666425566742557674455777748888888
12222331222433144443311544361155566555666677777787888888
12222221211333111443355544335544466556666788887678887777
11111112222333244333522436654446665477665577888857778885
12333341222234111233415126645566664556777458878745888877
12222331112333111243355524445554464576666877768887776888
11122223311124333122433444445666666555777655888775888877
11222221122333415533341156634555677444566788466778888877
11111221331322433335244444524665552666557768888876887777
11111121333222445333244555324555662446666677777787888888
11112221311224333322433564445556644555766677778687788888
11111231414223444423354562235556723565677386667778888887
12222221111233445133344516337455666745568874756687778888
12222331244333124445312445531666657116665788885578887777
11123331412335144233514222554442665777668577668857768888
11112231411223444422355544235666673558677385866738888777
12222331222333144444314546731555677158566718856678888677
12233331422223144255311445531644577166655788866778888677
11122231444233145422314542331556663555666788867778888777
12222231212333111334315444446555478657557866777786668888
12223331112233112233415444445566466555666757777778888888
11123331212334122253412555346554444656777866678886777888
11111112223344222344423335546355554667757866777786688888
12233331233443122244412555461777546117556687775668888886
11111112333444235334425563442556777256666725868872888877
11222221332442113344451133445666377568667755868875588877
11112223111422334442233345556364575666477588667758888877
11111234122123444222344553334556663556667758886778888777
12222331112233144423311456367445666745586677758887755888
12222221111112333444433334445555566578866657788667777888
11222331124433122243315544431555466755666677888867777888
12222231214423111143356644335664437566677755877875588888
11112234122233411233345626634566677455677744555778888888
11122223311142333154263355426555444675888467777886667788
11223451123345112334561234456223445667777566888756888877
11112221133322415532644553264445376884537688857768877766
11222221113244511324455334446533777655377765888876666888
11122221113322415533244453334645557466857766888876688777
11112221113332444332245336264555666475586847758687777888
12222221333244155333411535441155544666778866778886677788
12222231224333111443514443351645555666777568678776888887
11123331112233142225344442536664555766485576688887777788
11111221322222133445633345563444456777555677786667888888
12233331233444122345511244451125555666667786677778888887
11122331112223144522344453334555666457888675788867777866
11122221342552134555213445561334666734468673776887778888
11222231123223114333351466665544766544477655587778888887
11222234122233411133344153564455556748856677788867778866
11122221122233114443355554435566643566764386777778888887
11112331122233144222355446635544463555776677776687888888
11112223331222333112453664445666784566778457777845558888
11233331123433112444561224456662455676288567788857777885
11123331222333112434412244456664775666777586887758888555
11123334112253412225341625534665553466677746877874888887
11112331142223514422354442335564773856667785566678888877
11122221333222113344513344556667445667747566877758888885
12222231144233114523361455536144753688475566887776688877
11222231142223154444315443331566636555766657777778888888
12222221133442513444651377465133746513877655587768888866
11222331122233142433314444451666655767765577776858888885
11111234122223415223344553336455557644888766687876688777
11111223414122344442233345523666577366557786655778888887
11222334122533411255341125634778563478856647785664778886
11122221111232455553245565334476663477886347786634778888
11233331122333412255541225654166665466777544887774888887
11111123333412353344255544225564422576666677688887777888
11111121333322433352246665524676852467785546778854477888
11112223131122333332244444556647755664875568887756688877
11111123313422333342254444425566662557786655788687777888
11122221312442131254433335446635574665557766688778888877
11111112333344233344422254467225666777555677785568888886
11222221112233114444356446435666633556777355578778888887
11233441122334122233412566341555664557666457777887788888
11111123312222333324435662445556644575764857776687788888
11222231112333114255366425536447753664475568477776888888
11111223331422333142235564425576644577766457786685788888
11112223441122344512234455663455567388566733886678887777
12222231223333111134315555445564444576666877776687788888
11223331112233114425366422536644455667845576788857777888
11122231111233444422345542334555553666677767777886688888
12222331244443122443315546631556663155776815778687778888
11222231111223144423355444335566473566667756888775888877
11122223312422331444433114456355555666577867777786688888
11222331112433512244351266435666643556774857778485778888
11222221223334111133456663345556444555664788867778888777
12222221213333111433315446675544667855446785586678888777
11111223114452344455234455523335622773666687777768888886
12222331122333144243315444461556666155776655877778888887
11122221332224113334451533445556447556667788686678888777
11122231144223144522314556637485563748556378888637777866
12223331222343112334411544441655555666788567778886677788
11112231141233444223345522334455566775566677777668888888
11122223144422311144233555443666555367665837776887778888
11123331142333514222351422665544766554876685487768888777
12233331123443112344415226441526666555576785887678888777
11122223142442314444231566663155556333755677777768888888
11222221112233451133645533364576666457778645578884477888
11222231124233112443315664335564477556648756688875888777
11111112334444233454623745562377566237555627788662788888
11111121332222332245534444553464557366665786867778888877
11111112223444552333455223445552346777736687778668888866
11122331122223114253366445376444537668457768885776888557
12233331122233122455311145564444556477756677877668888886
12222221233455133445513344561137456717745677788668888866
11112223411252344125233445553446775386667538886778886677
11122331112234551223456627345668734566873456887445888777
12222221134442113344411335456633555666785866778587777888
12222231112423151444355144335666433576668857678885777788
12222221134442113344415533341566367558666755887678888777
12233331122243512244351114635554466557488677778667788886
12222331112333141253364125556477555644778866477786648888
12222221333425133444513344651784665178666517888657777885
12222331244233111425361444536145553666675568887778888777
11122221111322443333245533664755556477586644788667778888
11222221133332144443215446331554666555576677777768888888
11122223411122341452634445663477556377855637885863778886
12222331114223115442315554335564473566647766687778888887
11122231112333122233344555554556777466677846687784468888
11222221133322413355541133654447765477776547666658888888
11112221131442333444233554423655552666657768677778888887
11222221333242134444413354561135556777785678888567788666
11112221113222453332645533664453776485577648587764888876
11111221334422133344233444225666677566687755558875888877
11112231112233452223345666634556663455777845777784488888
12222231444223114443351146635516633577768857776685578888
12222221112334113333415367745566674556667485587748888874
11112334121233412223344442356647555666755866775887778888
11222221223344111333455136445573664557886457778667788886
11222331111233412223344445367744566755555678888667778886
11222223111442333114235344465534766577776655787865888886
11111221314442333444235346223556672885667785556678888777
11111123334412333442253442225564777556688756688875668877
12333341234444123454612355561225556112777688777768888866
12222231242433154443315446331556666155776615877778888887
11222331222333144233511455551644475664777566667778888888
11112223311242333124255334445555644758866677888667777886
12222331222433111444311544335554666555766677777768888888
11122223114442311444233355426335777665577866587786658888
11111223344122344512234556263445666355567638887778888777
11222331123333122445312664551766445776684577868457788885
11122221111232444333244335554435566775586678888867777866
11111121333322443532244653224665777465577746855786688888
12223331222343125554315555431144446177776688787668888766
11122223111442333144253334425556477558667758886778886667
11222221113232144333514435356445555664677786667778888887
11222221122344111533455553446573348657734866778886667788
11111231222223144423344543367554636755566677586887778888
11123331122223112442344445534666653667775586887758888775
11111223344122334412233344425666677565566755587778888887
11111221314442333422234442553366665777776578786658888855
11112221311422333442253334445567774566667758866775588888
11111221333122334322235446665547776554487658488765888776
12222331122333111243315554445544466755666677788867778888
11112231142233414255344425534662533667758866775886777888
11122234411123544412355446235776623577766357766835888888
11111123144442333422233544223655578665777866577786658888
11111123144422354422235544623555666333567688887768887777
11123331122333122243415524445567774566787456678785668888
11112221131224333322433544445555466577776657776668888888
12222331242233144444311456631175563777556678855667788888
11122221113332144352244335564443566775556677886687778888
11111123441222334555234456223445666335566677777778888888
11111223331142333444235646425566642555667258888778887777
11112223131222333142435564443576484557688855766887777668
11233331222443122444312546431155666775555677778667888888
11112234112253412225346665534666653447885374788537777888
11122221334422113544261354446335777636557766655878888887
12222331122333111243351554665554466577486677448867778888
11112231144223144223344425536777553677755366678586688888
12222231123333112334411554446555447666557768688876888777
11111123331222334422235466663546767554476755547778888888
11111223331122435522243356664355776448576648857764888877
11111223314122333422563344256674485677488567788856677855
12222231243323144533311455661145567884556788466678887777
11222221132444113235461333546666354667785477788557788885
11222221111232133333453644445666744567778856677785558888
12222231124333112433314444551466655666777568888758887775
11111231444123444422355522335562337586666758886678887777
11112331222223144442314566334455637855667785586678888777
11111121333442334444235555423555662777886277786627888866
11122331122333114223354426665544776555447658887768888776
12333441223344112233411256647125664777556675558687788888
12233341223444122344512335451116555766666576788887777888
11222231122333411235546133574665557466685744688874888777
12222221323344133344411534641156666755558675788867777888
11112221222233144453314445637745563877556387775668888866
12223331223333112444415244461556666155777655887768888877
11222231114233411422344445637555563757656377766687888888
12222221133244113334513344451677455667778566677856888885
12223331422223144443311144356715555677785566778886667888
12223331233334122244415666641555644175668817558887777788
11112331222233124255316455736644573664557764487776888888
11112231222223143333314444456647775666877568887556888755
12233331123343112244411224546655554666675586877778888877
11222221113322144435514443556643357666635788867578888777
11111231122223445262345566334566337458667745888774588877
11112221222233114333354444365557446555777687776668888886
11223331124443112544316254436625553662557786677778888887
11112221333322114332544436254747655477766587788658888665
12233341123344122234411123445666666555577685577778888887
11112331422233145523314552234465557466877746687776688888
12222231144223111443355143335544677558867758866778886667
11122231455223144522311456637445563748856377888637778866
12222331222433144444311546331156666755556877758687778888
11111223141225334222534446553344655377765677876667888888
11112223331422335142235514443555664777586477888667788866
11112231412233441225344625534666553466655377888887777788
11122231112233145233344523667455666745558674488867777888
11222221333324113352411635546665554678885467878846777784
12222221333244115334411533641556664557766457776887788888
12233331122233112243514444451666545667755567777886788888
11222331442333142253314425551466575148677588866778886677
12222221112333111435344443534466755666677568888758887775
12222231223333111435314145556444775668475566887776688887
11222331112233411423344442534555556757666677786687788888
12222221133324113533461354446155744665877765587776688888
11112221333222113333244445554664555466677566887778888877
11222221113242511334455533445633447566666758867778888877
11222334112233451123345512634566666457777645788784578888
11122223311142335144235554423556477385646788866678886777
11222331122233111233344555554556677444467788866678888677
12222231142323114433315443661546667554667758887775588887
11122221334222113444413335546773854677885566778556667888
12222221213444111333415536447533664755568877566687778888
11233331122333142255514225561477756447765644776668888888
12223331222433112544316654431655744165577766658878888877
11122221222334115534461553346665344675538467777886778888
11122231112333142223354444365476666547888655778865577788
12222231244443124443311555331165553666785866778886777788
11111123333212443322254366625447666544786857778885557788
12233331123443112344412255441266555666778567778856778888
12223331243333124445512245551644657166665716777778888888
11112334112235441223564422356644735666873586887558887777
11233331122323411222341455554445665774566877666887778888
12223331224443122444315664331556777156677715687885568888
12222231112233111443566444356644335667555576778887778888
11111123344412334522234452673345267855566788856778886677
12222221133332411135546613354466775446777546677558888888
11122221222333114335361435556645557664444768777776888888
11122223311224333112435555443565547886664786667478888777
11112221113324563322456333245664444566777855678885777888
11112231122223142553344445334664537665557766888876888777
11112223114442315422235544663755466375566837776883778888
11122231112233441223344553364555566447586677778867788886
11112231414423144422356646235666623557888355787835777788
11222221111223143333344444536666455667755567777758888888
11222331123333112434512244456677745677884566788856678855
11112221331222333124435444443566666557766758877775588888
11111223311222333334256644425677744566777455678885568888
11112221314252134425533342563774556378485677848667788866
11122221134225163424516344456633345677738567877856788885
11112223314422311444233354426635555666675568777778888887
11122221111332444435244333524663555667777568888756688877
12222221111123144443344555536465533666573866777887778888
11112223141252314445233464523336455777665877668587768888
11223331222223111143355564375666477556644758864478888877
12222221234455113444511346551334665337666577788687778888
11122234112223441152344445336655553667775367788886677888
11222234111123444122344433335566666556776758887775588887
11111221333124532222453336645566664557764475788847778888
11112221131322433335244366527466655744665577488857778888
11122223114225311425533444653346665734666577777857888888
11122223112422331144453334445536777558677758866675888866
12233331123443122244311256441555664756668875576887777888
11122221122233113333344444445556666775566877755687788888
12222231123333112343511444456778845677884567778856666855
11111221334222133425233444553445555667777766688876688887
11123331222223124445314444531667753666675568777758888885
11122223111242333144233444453677885667888566778556677855
11112334151233455122345522634577263458766648877764888876
11122221133322143433214443554466655666755576778887778888
12222331422233144443314554631555766188576618857768887776
11222331112333441233544122654778665477866547886657788855
12222331223334123344415554441115555666667768777776888888
11111123132222333244234444453666555767688576768557778888
11122221311222331444533445553446655378866577788667778886
11111123132222333442253364445566474558677758866675888877
11222221223334111334455133446555447655888766687876688777
11111223311224332224435544463354666555766685877778888877
11223331122343122244311444536664655776665578888857777885
12333331234435124445512224551112455677777766666876888888
12222221133244153644415366441537668153768855376885777788
12222231114423511442355144435555333666777768888776668887
12222331222334115334411534446155478655777866578786667888
12222221324444133444513355551336665117766577778667888888
11111123134442333444235564223556772555677288866778888667
11222221134252113455513344556334775663487766648776888887
11111112223333425353342555664225567446666744877778888887
12222331121233411123544666354666635447888574778557778885
12223331122333111223451666645566644577774457877485588888
11111221332222133444253346445376648577668857776685557888
11111112333333224553522445552446775244687766668876888877
11111121333222334332254444625446667555666755888878887777
11111221333322134432253444425666647565667755577778888888
11111223415552341452234445223346556736666673788887777888
12334441234444123335512355551226577126667718886778888667
11122231122223114444354446335556633755566677786887778888
11222223124526311455631444563178456377845637888563777886
11112221132242133344253533465554446557766677788867788886
11112231122233142555344253334465577466657748666778888887
11122221334222134444413555541333566777556688777768888866
11122221333322111334255553446555744666774468677776888888
12223331112333111222344444445555666557888657788867777866
11111121322222334444233354443555556777785678888667788666
11111223312224331522433355446665444665557786687778888877
12223331122223114443315554431556447556666788686778888777
11222221323442133344411335546155554666577768668778888877
12222221333342111334451134445555466577666857768687778888
12333331232344122224411555541165544666657768687778888877
11122221134442133444213554523365555366777766877876688888
11222331122333112244315555435566544666674768887478888777
11222331122443511244356124335666443556667758877775888887
12222231144223155443311544431655533667588867777786667888
12222231144423514442351114335556733566677856777786688888
11222223111142333144233444453666665778866578888857777555
11122231122423511243354444435677733566877756688785566888
12223441122334511223451133345666644556766758877775888887
11111223114442333442235364423566772555677756667785888888
11111123441442334442253336225553672558667785866678888777
11222331223334125553412665341166554777658477668847788884
12222231244443124433311433551166655776665577786587788888
12234441233444122333411223551665555167777566877786688888
11122221312444133224413335446367555666775568687758888877
11111112222334252334425663345556344557684877768887776688
11111221134442333442253344625377662577768857766885556888
11122221312444331244433125546377755637777566668856888885
11112231441233142223344552367445636778566677855567788888
11112223314442331455233145523664452666655768887778888777
12223331242233124453311145551664577664455786667778888887
11233331223433112444415266441526667552667755588778888877
11111234451123455552345522234462733846673788867778886667
11112221133332414432244453627455366775555678886667778888
12222331114223154423315444361547736557777685576668888886
12222221113332111333344444445555666757556677778867888886
11122221311222133444533644453666455367885566788857777788
11222221132444113244451336475533677555366785866678888877
11111112234444523334452223465523366577777655787668888886
11222223111442313144233335446678554677885566778556677888
11122221122233411333345555634455666445776684887678888777
11122221113324155532455563245666344766833476788847777888
11122221133224115324455534467533346758864675786667778888
11112221333222143335214443554455556477666677766887788888
11233331122233411222344155554444665777768576666857788888
11111121344222335442235554423365547366657766688778888877
12222231224333111443315144365557446585777658877668888766
12222221123334113334415354441555466777556677778668888886
11111123132222333324453672745667774566677456888445558888
11123331412233142223314255554444556777756678888867788666
11111123333312433552244556224755628477568847766884776688
11112221322242133444415346645533366557666857778885777888
11122331412233141233544223554466555466777566688778888877
11122331112333122223455555345564444666667488687778888777
11122331222233114233514443554446665777685577668587768888
11111223141225334422533445253344555666677768677776888888
11122223144422311444233145667335556735556677778667888888
12233331122223111243314444445555555666678867777786678888
12222221112333114433514443354466555777685877668587766888
11223331122333122443511244456774455687777568888756666885
12222231142233144433514443651777365188766588876558877665
11111234451223455122345562234556633446666377777887788888
11122334122233415522341155334655577466666744867778888887
11222221113442151334255334445533664556666677788887777888
11111123444412334442253336225356627555667758866778888877
11222221223344113334451336445155664555766677776887788888
11111223312224531322453334445554466755888678888667777766
12223331112333122244315555441566554777684476668887776888
12222231243333124455311644531166455766645576788887777888
11223331112323141222354446635554666575486857748687777888
11112221333224133324415352465555546777744678866667788888
12222221113324153334415533441655574665777466778786688888
11222231122333144234311444435566666556767755577778888888
12223441112344511234451523345552633756668876668887777788
11223331123343122554312554441255546777664677776668888888
11111123333312344435244555524455222677777766687886668888
11122231122333112333455266748556774856667485567748888744
11122231111233444423344422335555566575776677778668888886
12233331122233411225341555554156777448666744886678888677
11112221314442331444233354223665555666578566777887778888
11223341123334122335411225546666544667754876785587778888
11111223133124333222455362445566447855647788566778888677
11222221333322134445513344651174665777466578788657888865
11122221332422133445511334456773745667774568887556668888
11222334122533411255341125334466557446675786667778888887
12222221233333144443311154441555667885667785566678888777
12222331124433122444315554431566663156776685587778888877
11122231412223441552344165334666553476655377688887777888
11123345112334512234451233645722664577766457788665788888
11112231412223541263354426635544633557468857766887777888
11122221333242133334211444456666455768885576678557777888
11222221111232144433355544335656437566647758668778888877
11122221332224113333415534445566447555667788886778886677
11222231122423511146357444635744663576668357777835588888
12222221133332144443314555361455566147566677788867778888
11112223114422331342253334445566674556677758667775888888
11123331112233145226344522637455568744556874766687778888
11111223112222344244536444553667775386667538687753888875
12223331112333144235514422551446755884677588866778866677
12222331123334122353411155446667554667775467788546788888
11223331112443511244355224335662447566677756888875688877
11122223111142335554235565423666544336664477777787888888
11122331222233111243344444536455555678888567777886666778
12222221233334133355411555546115744667774466887776688888
11112231422223142455314444536665553666753386777778888887
11122221113422551344255333445673748567374856777886666888
12222331112223111433344444536647555666775867775586788888
11112334115223441523344552234556623457666688777768888877
11111123414422344452233345623777562377756688875568888566
11111112333344222333425264445526477566677756868875588887
11112231422253142255314555534466663446773388667778888877
11122223111122333334235566445576644577668457786845778888
11122221122333411233345556634556677458667745868874488877
11111123312222333242453364445666474556777756688775588888
11123334412223541112354442235554663775566677788667788888
11233441123334112234451223465552746558877685877668887766
11111221344142536444253666425336772553667258377775888888
11111123132222333442233544445556647566666755888778888777
11222221111332455153246555334666533466677744477778888888
11222221333242113354411335546777544677555466778886668888
11112223111242335544236544423655547365777736887786668888
11111123314422334422234456263455666377588677558867775888
11222231122233114433314443554466775666675586877758888875
12333331222343111254411225546555544666677468677778888887
12233341222344115233411526347155664775666477568887758888
11222331122333412253341155564477756444755688777668888866
11111221334122534422253344465733646577766657778865588888
11222331112443551244355124435672483567778356777886666888
11222221133322114333561443556664557686445768847578888777
11111112222233242553344445336445553666665786877778888877
11112221314422331444233554426335577665557866777786688888
11122221132442113354263355446335447688555766888876687777
12222231112233141555314556534475633447866674786687778888
11112221331224333122435644443566774556777755688875668888
11112221311242335524235554443554466376666637888887777788
11122223111122333444256347445633747566677755687885568888
11122221112232144333344566734455673845567785566678888877
12223331212333111223455164445576464577666457888685777888
11223341122234122333411534445556664556666785888778887777
12222231122443111444356174335667473556777356667885588888
11222331112233142255314455534444553666677768677776888888
12222221123333413356341115664475556447566674758887778888
11233331223344122344516244451627755166677588866758888775
11222221123332411533344155534465655466667748687778888877
11122331442333142253314225551465575446777766668876888887
11222221332332143335514555561444456174666677788687778888
11111223411222344442233334456635555677585866788886677778
11111221344422134442233334526377555666788566778556778888
11111112223333422225344445536477753646775566687756888888
11111221334222153426755342675334667534467758466875888887
11111223444112334442235664223567888356778835667785556778
12222231122333144333511444456174555677775567788886666888
11112223441222344152634415563475556377756637888663778888
11222221113224513336451333645576664587766458877745888874
11111112344445233334526337452667745267785526778852668888
11122221112332144233544433354466675666777567778558888885
11111123312222433552643356264345666444556788885778887777
11222221122334511133455333445564447556666786687778888877
11112221113242553344255333425536444757666877768887766888
11112221112223455662345663334566637458883745588774488777
11223334112233412223341555564175556477776648887764888866
11222231124223111433344444335556788566678855677785667788
12333331223443112244512244551164555666788566677887777888
11122221122234511333455663347556344758666475888647777888
12222331222333144443314545661455566117586677758867778888
11111223313122433335244455524465772466557766887776688888
12222221111332133333415556447775664778566477855648888864
11111121322222333244433556643775664777556478556647888888
11222221123332111443344443354665555665577768877876688887
12223331222443124444315546731158673155867755886778886667
11122223112224331144433344456366555666655577788887777888
11111121342222534242653444665347666533788655377885777888
11222331142233144223516444351647735666875566887758888775
11233441123334122234411223546677554677855566788856677888
11222341222234111333456137345667774566777456688845558888
11233341122344512333451224445126666577868655788865777788
11122221111232444443245543335555633578666677888867777886
11111221133332433322244452664545766455576685887768888777
11111121333332445353244555224657227465777746688786668888
11111221331222433333244445524664555666655786877778888877
11112331142223154442355442235554633758866677786667778888
12233331422335144235514225551444566177776617877668888886
12223331124443122445312445531167553666785867678586777888
11122221311242133444233546663554466375558677775867788888
11122334122233411253341625534665555467778846677884677888
11222223144442311444233155556315755637777863788786666888
12222231422533145553314455361444536117886677788867778866
11111121333222443355244355224635557466666748887678888777
12222221133244513333451366445117664557766457777685888888
12222231112233441113344453364455666755556677888867777888
11122221311122333342433444445555556577788677788667888666
11111121333222444355246335224663555467885846788886677777
11112221333442134444213345226366555666557586777778888887
11112331144233514622354466235476223547688857766885577788
11112221113422553342255344446533747658377765888776666888
12233331224443122243311554461775466177556677556687888888
11122223111142334444253334425563677556666755688878888777
11122231222333112434351444435556466575666657777778888888
11111123312222344245234444563788856377855637885567778666
11222221113322114335544433354647775466887566687756888875
12222231242553144655314665531466653147688314777837778888
12222221112333141335344165534666655446765584877778888877
11122221113425613342566634256333455664447588888758877777
11222221112332451336645133364555766445577684487768888877
11111123333122333222455555246777554676777466684446888888
11123331112333412223544252554665557466677746867874888887
11122221111232444423546646354766635777763577883358888855
11111112222233242333344553664455666445557677777768888888
12222231224433144433314555361455666155766618877778888877
12222221113332411135544433556444355666777588666778888877
11111234444123554412355542235656723866672388667738888777
11122331112333441255364222536447755644777566778856688888
12223341123334112343415224441555667556667756687778888887
11233331122223412552341145534444566788855678888667777766
11111123333312344352244455526744852677785267678586667888
11122221333332144332211444556674455667888566778556777888
12222331222453111645311664537766453766445378884557778888
11122221133222113345563344456634445667885567778586777888
12222231442423114443315545361755536177753677786668888886
11111221122222333455533444657346665734466577886857778888
11122331122233114223344444534665557666555786687778888877
12222331112223111333344556774556677458866745588674488867
11122234411123541222354433335446666555777658887768888776
12222221111332445113645553364457336845776684587668888777
11122234122523411152344455534467753666675367777836888888
11112331441223142223344423356477755666775566887756888885
11122221311442531342253334465537446558777658887668887766
11112334441223441122344522637555863775886377588667758866
11112223311224333122455336645777644577666457786845588888
11111221333222134333254466725446677554667755468775888888
11112234412223441152344555234556733656673766677778888888
12222331124233115423311544435555544677888866777886666778
12222221211333111433355444367558446755884675786667778886
12222231111233414123344455334465555666577766777876888888
11222231111233444122354446335547663577786657778865588886
11111112222223444233355463335546667854467785586678888777
11112221112223445253345555364475336447736677788867888866
11112221113332443355244335624455562748566678888867777786
11111221133322453333245556724555672488667748866674488877
11122334112233441233344122554677775467877566688556688885
11123331122333411253642225764455576488577648857664888776
11111123444412355542235554423656622366677836777883778888
11112221131224333224453366645356674555667488587748888777
11122231122443511244355624435666643577688357768835777888
11223441112344511233455223446523377655577766887876668888
12222221134442113455513344451366555733666877786687778888
11222221122333411333541663554666557446557744687778888887
12333441222344111233451122345555564566666677778887778888
11222221113223413333341456664445556747885677788567788856
11112231122233412233345553564445556774486677888667778886
11222231122233111444355555435657443667774366787786688888
11111123333312443432254446275486627558662758886675588777
11112221131222433556243555664333556444776648887678888777
11222331112333144235316425556642557664857764488876888777
11222231112223144433314433554466655788866578888657777765
12223331233334122244415555541556644117666877768887776888
11123331122333114223564422756447775647785564788856668885
11233331122433122444312244551664755668875566887576888777
11122221334442113452216345556634755663477568387776888887
11222221133324111332456336645666674555577485887448888777
11233331122234112253416265346666554767555477778447888888
12223331223333124555512444551114445666677768687776888887
11112221131224333552463355246635554766888476678447777888
11122334122233412253341155634455667845667784586778888677
11123331122223114442344455234665553776585877668887776688
11112221333242113324566332456674445677455567775886788888
11222221113332141533244456337455666744556677785687788888
11111121333222443225543325554366557466667744886778888877
11111112223333422223344444354666655777766578786557888885
11222221223333111133344555664455666475668847578884777788
11111223331124333522463552246557744665784466578886777888
11111221333222133332244444454666775667775567755586888888
11122231422333144223514443351466775888677586667558886775
12222331111223145523314555334455666447777684787768888866
11122221133224511362453336445356664555776488887648887777
11222234125523415562341156334175633447566674788687778888
11111223112224333242433344445556666555577688877668888777
11222223124255311455531444453166475336777738666678888887
11222331112233114223355444435564777556477765688876668888
12333331222334152224415544461155466155776687777768888886
11123331222243122554311554435556443666647766877778888887
11122223311242331124536644453667455366747588677758888875
11122221312422135444413544663355556377576637777668888888
11112331444233114222355442235554673856667785866778888677
11222341222334125334411533446155574655777766688776688888
11111123132222333244235554443555644775668877768887766688
11111231144223444222344552336657338665777866577786558888
12333441223344112344516234551627755162788566777856678888
12223331212234111233415667345567774556777456668845888884
12222221333342135534415553641155764817776488777648888666
11122221112332144553244453334455553677778866678886667788
11112331222233114223344445356445555666577766687778888887
11112223411122344566234455623745566374558637778863778888
11122221133422133442516334456636445766655577777857888888
11122221313322133334215554467554486754488675888667777866
11222234112223441333344115364555576488557688877768877666
11111234412223441223354426635546663577886357778685577888
11111223144122354422235544463556666375766837578883777888
12222221333442111344411333445556667556677758866775888887
12222221133442111344415533345556634577668857666887777888
11122221122332133333415554446575544677758466678886677888
11111223114422333422235344463555646755666677588887777888
12222231124333112433311444456666745676775567775558888888
12222221112333441133546613354677755468877546888754668875
11111112233333222435526643552644755668477566844778888877
12222231112233141333544135554665557466877746687774688888
11222221223334113333451166645566664555574488877748888777
11112231222233144255314445536477533646758866675886777888
11112231222233112333344445556455575644777766778886668888
11111112222233233333425666645567744566777455577448888888
11122221111222344445533344453636555366657766887778888877
12223331422233142453614445361174556717756677755868888886
12223441233344122334411235461155566775558677778867888866
11222231123323112433315644445564774556667758866775888887
12222221123444113334451663345166374558667755886775888877
11122234111123444422355644235666663557688355777837778888
11122221133322113433244443554647555668757566877776688888
11111234155123455222344566234556623476668347888837777788
11122231412223141233354443365554466577786657888865777886
11122234122233411123344443356466755666777588687558888775
11111112222233442523644453367445336777556678755667888888
12222231122333111435314443554446655777666577776658888888
11112223311222331425637444563744456377775687885568888566
11122331112223144423354462735446773566667755568875888887
11122231112433122244355554336555437666447766888876888777
11111123334122344442234455263755526375566677886687778888
11222221133223114333315444445556664755886677588867777886
11112221314222133425533444653744665377666577768857888885
11111112223333242335524443552644555664777766668778888887
11112221312222134444453344665533376577777655788865888866
12222231111123144442354443335555663775666677586887778888
11111123344412344442233555263375226777556677858867888866
12344441234445123335512365571236657126665712688778888877
12222331124223114443315444331555556777756688877768888666
11222221223333111344561734456673455667744566777558888888
11122341222334152334415234441553666555776677778667888888
11111123333122334222534425554455566477766647777868888886
11112223331224531122453364445366664557668457777885778888
11233331222234155223411566341555644775664477786687788888
11112223312222311444533345556344555666477768677776888888
11111123333122433555244355224666552466677746877874888887
11112221131244333224435332445555646557766677778667888888
11222223111244311524433555543355664377786477778668888866
11111231144223555442356544236655423666772368877738888877
11112221333422133442213444456377755667555567778886668888
11122334111233444122355466237544623755566677586887778888
11111221333332145322244536264556666445557684887778888777
12233441123444112335461233546125557662577766657778888888
11222221122333113334315555446675554677774467788486668888
11222221123244133333411553446557748665774865578886667788
11122221112332441233345563734556777455666748586674888887
12223331112233112243514444356644755866775586667758888877
11122221311132433333244444524555556777756678766667888888
11112231411233542223354662335446677546688754868775588877
11111223312124335222433555446355544666664786888778887777
11111221334452134445233344523666652667555276778887778888
12222331214233111423315544436554747665777765588786668888
11222221113224511366453336645533664577764457877745888888
12222221111332411333544667354466735446677588687558888775
11112221312224133255433335546666554768685476888847777784
11122221344442133442213545661355576835777683587668888776
11222221111223144333344555334465555746666877786687778888
12222221133342111334451634445663774566687755568875888877
12333331223443112444511246651724655772666577868857788885
11122221122323411533344455534655653466666748877778888877
11234441223444112345516233551622375666637568887758888777
11122221333342133534211555426666544676554467777887788888
11112234412233441125344662534666253777665378888557778885
11122221312224131555433554443665474336577788666678888877
12223331112223441255341155334446577846655788666778888677
11112221311222333344233554445555446775866677888667778886
11122234111233441526345552634575263477566347788667788888
11111234122223414233344425334655557665777766578786688888
11123331222233124245311444536774855677488566778856667885
11122221311124335522433356643755564775666477788647888884
11111112223334253334425563442566674255677485667778888887
11112221122233412433344445336645557655577766888876688877
11122221132232413333341556664555676455667744488778888877
11112234155223415552341565234766623477766344777638888888
11122223111224315552433355443675744367578466777886668888
12222231144223155444315564431156673885667388566738887777
11122221112223145533344453634755663475566647777768888888
12222331112223141155364755536477753644775364478886668888
11122221333332114536271453627745566744556677445867888888
11122331112233414223344442354677755666775568877556688888
11112223331112333442253644425667744566777756678885558888
11222331222233114443351164435666447556687755688775888877
11122231442233144223514666351446335776665577777858888885
11112221222233113333456634445564447566667755877775888888
11122223311122341555234555563444446377777638877668888866
11122331212333122233415555445566644577666477777648888888
12223331422223144555311455531644453166777766778886678888
11111123331222433222546335554666665444776584877758888877
11122221322244133333415555341566544666654767777778888888
12233331122333412255541255564117566477777644487668888886
11223331222223144443311154435555546578866677788667778886
11112234111223455223344562334556637445567788666778888877
11223331112233114223344425554446555777688576666887776888
11122331422223144523314553361445556748856677788667778886
11112221134422313542233354467735546755584677778668888866
11111121333322435533244555224665527446667784866778888877
11122223112244311244533344453366555666778567778856778888
12222221333332134443511146657714655774465577866657888888
12222221233344113333411155446677544677755566788586678888
12233331222443125444312544531155556718866678888867777766
11222221333422133344411134546777455677788566678556688885
11222231224333124443311455531644555666657786687778888877
12222221111112344455533446653446665376685537788883777788
12223331242233154423615744361577446157788615778865588866
11122221111232444423345546335574663577766357788665788888
11122221133322144435214433556447385677788566678556677888
11111112333444233444422356672235667825556788856678885777
11222231422233144333514466351144655777765578766657888888
11111223331122343322234455664455556744566677778687788888
11222231222333114433314445551644555666757867777786688888
11111112222333442233344425364475556777555687778668888866
11111123314422333422235444623554666555776688587678888777
12222331242233144455311644531164553666785567678887777888
11111112222222334444433556443555666357586637788867777888
11111221333122434355244433526644752667775567787856688888
11223331122233114223351466675846467584446758888675558777
11112231122233122444355543335554666574466877776687788888
11111231442223144253364225536447553667775366777586888888
11222221111232144333344455634745563875556687777768888866
11111223331222333142235554446665547685584768888476687777
11222231142223114433314433554465557666575768687776888887
11123334112233441222344155234677555466785866778586677888
11111231441223444423354662235666723556778355678885777888
11112331112223455252346555234666533477668844776884777888
11122331222223114443314454637745663755566675588867778888
11111121333222443322245533664555556447866674788687777888
11122221314422531142653344665334666537486857778885577788
11122221311442135444233554426335777635557766667786888888
11111231122223452532345553334556667466677744677874888888
12233331122223111244351444435554666577777657888665788886
11122331112233122244355444335546666574688857766885777788
11122221333242113524413354446355478665557866777786678888
11112221133222414325544433554463755666375786667778888887
11222221223455133344511334451637455666748566777886778888
11122221312224133335413365546666654677785477778548888854
11122334412233411122345662634556663445768855577887777888
12222231111423156642315644335566433756648875574887777888
11123341222234112233415566345556734855674488867778886677
11112221311442333342253364425576448557688857766885777668
12222221111332143333514355554446557466677748866678888877
11222223111442311544233555443655547366777736778886668888
11122223311422333142453314445666647556687755688875888777
11122221311442333142233444453675555667575866777886678888
11112221131222333444235336445556644575666657888887777788
12222231212333111444315446437554663755568875766687778888
11111121344222334442253344625337666577777655887865588886
12233331224335122463511246651444665178466577888857777885
11111221122223444442355564437556333755666377886687778888
11111231222223144233344555534666653477665847768587778888
11122221122344155233415533445533446577777687788668888666
11112223112242331244536644553366445376667587777758888885
12222221132333143335514444651174465777766588776658888865
11112221113332455333244553224555666444666788887678887777
11112221331142333344235444425556662775556677888867778886
11111123341422334444233555423656552666675288687778888777
11222334111223444123345412364577736557776655576668888888
11112221333442133344215364425556472555677766668878888877
11122331122333114225344442536644555666755786677778888887
11111112222333224435326643557664355766455877648887774888
12222221123334156634415663341566634157777455778745888888
11112221112222333444433335647778564778856477855668885566
12223331212223111133344444454666555667755867778586778888
11111121322222333333245556774555667458866744486674888877
11112223111222334452533345556634575644487766888776688877
11111123334412343422234442553666255667677586777758888885
12233331123433112244451124465552476557777658788768888666
11233331222344112233451124445666774558667758866775588887
12223331222443124443311554431665555167577866777886678888
11111112222333224435342433554446557888665786667578886777
11112221132232413333244435554455565748886677888867777666
12222231121423511144355544335564773656477366668778888887
12222221333324111344411335546666554665557486887778888777
11112231411233444222345462334556637556687755668778888877
11112221131242333424233344456666545676655577778857788888
12222221233334133555413665541667554166777416777848888884
11223331112223441225344155534445553667777786666678888887
11111223144122344222533444556337555663777566688776888887
11123331222233111223344445554667555466777546877786688888
11123441112334155233455223345562244566666677788887777888
12222221233455111345511334456334445667778566678886777888
12222221123334113343411344445677778566677856566785558888
12334441223334123354412225541115555666677788866678888777
11233331122333112444451224465525646755566677778687788888
11111123314442333452263345526644752677775267887556688888
11222334112333411223546172354667755466775546877584688888
11112221333242113224455333465554446557776677766687888888
11112223141522344155234665523465577346667734687773888888
11222221133332144335211443556447775664677586668758888875
11111112333345233434526444452666775267775526877852688888
11111223412125344222534455553346656734666673788887777888
11222331224223114443311444536666753686775588677758888755
11123331122333122224315554446577744655577466666778888888
11122221132223113333345555554465677446666748688874888777
12233331222334112234451114445666478567667856777785558888
11122221333332113443251544425556644775568876666887777888
11111123333122434355243455524445652776666276688887777888
11222231222433144443314455531655573165777766888776668888
