11223334112223441112354466235446673566677855777785588888
11112334122233415223341552364457776455776645778868888866
12333341232334122244411255441155555666777766878776688888
12333441222334122234415553541665554116777766668878888877
11122331112333412223546662354766685477868544788854777855
11111231444123444522345552236565273666577368888736888777
11222221112332114553344453364455636747566677758867788888
11122221132245113324533344453674455667755866778886677888
11112223311222333142533644456667455666744577778857888885
11111221331442533444255344627533662755566278888667777888
11222223122444311444431155663555567338566738866778888777
11112221314442133342253334265557446577766657786865788888
11111112233334225334422563642556664557776457777648888888
11111123144422344544235555523366522366777736888876688877
12333331234444123445512245561225566177856617888867777886
11123334122233411225346125534667555467777546667784888888
11111223134122333422233444456666545667855576788587777888
11122331222433112443315246375544667554666785588678888777
11112331411223445552344452234665233667558867777886677888
11123331122333112234452244445554667588866758866775886777
11223441123334122223415563341556674556667458867778888877
11111121333322435555243365524476652477766244777668888888
11122331112333144223344552264457666485777688555768888776
11112221331122333444235364425556447566687756688775888877
11111221132222333245534444453367745666677566777558888888
11222221334425133342513644551367445166775566877776888888
11123331142223514222351444435554663775668877566687778888
11122221132242153344415533346557734658877465688776668887
12233331243353124455512245651244566174666617788887777888
11112331411233444223344222354677555667775566667758888888
11122223111222314444536445553645557366667733688778888877
12222221133244113555413333541666754886775488667548886777
11111112334444223344425533362255566275856677786687778888
11112223411522341452234445553364577366657736866778888887
11122221311242133524463555546333574668857468887746688777
11222221113332133343215564445556664557668477786847778888
11122221332422113444413344556635555663578867777886677888
11223331112223441122344445534655573665577766688776888887
12233331122234152233415555541677754166678466777846888884
12223331112333111222344444556644775688875568887556668777
11111123314422333442253342265554466555766688877678888777
11222221132444113255413355443355664735668877666887777888
11122221311242133324453634475366647555664755886778888877
11111123312222433555244333526444555664777866778886677888
12222341232334123334411115467785546788854677855667788566
11222331442233145522314455531144553677777766688876668888
11122331222433112546371254637775463755546675844667888888
12222221111332114553677445367745536744533674858667888886
11112221311422334444233445526336755666677588867758888775
11112221132222133456633345663444566445555677777887788888
12222231122333111133344444456678455667885566788856777785
11222221134252133455513445551346666334466677777887788888
12222221332344113334411553546165554666675468777778888887
12222221111332143333514435554445556746666677768887778888
12222331222433111144351664435664473556777755667785888888
12223441123344122234415533341655577166855766888776688877
11122221113322441333245566334456777445677755566678888888
12222221113323141433314444356466555666775567778587788888
11111112222333422235546333554665557468877746687874468887
11233331223343112224451126645556674585677458667748888877
11112221133332143532244453267445556774586677858667788886
11112231122233415522346555534665733466777746688774488888
11111112344444234455523555672356667233667723867772888888
11111112333344223354462235746228574688857466885776685577
11111112222223244444355466435566663556788375778337778888
12222221233333133444511144451664555666665577777787888888
12222331224443125544316544331657773165787716558876668888
11112334112233441223544226357446635776685577668857788885
11222231114223144442314455336666537688653768855578887777
11111123313422533344255534426555442667888267778886667778
11111221312222334525533455553644777366487766448876688887
11222331224443122443311544536155553667757766677786888888
12222221113324551134455513345567344666734766877776888888
11112223111244333322433556245555644757866477786667788888
12233331222334112235411655541666574668557468888748877774
11112223114442315444233546223555666357668635778887777888
12223331223345126334512644451166445166775588677758888877
11233331122223144252316445531644577664557786665778888887
11222231124443152644315264331566437556663755888878887777
11223331112223112243354444435455677555667766668878888877
11112221122233144423344443335566667555667755867778888887
11111221334122333442235444423567777556676755566678888888
11122221112223415555344533334456637445667788866778888677
11111112223444223344425533642553666557386657778687778888
11222231111233451522345556634475683447568374766887776888
11222221123332143355614335661444556447785677778567888886
12222231124423111143356744385677438566743855677885566788
11111221122222333444433566473555647356664755688778888877
11112221113222443332544433354466555666557788667778888877
11111112222334522233455633345566774855677488866748886774
12223341222344123333411155441666554666675577777587888888
12222231244323114433311144435567888556778855667885666777
11123331212233122243314444556664475886777586667758888755
11112223331122443155246333524655557466667744867778888887
11111123445512344555234465523476662377662237786883778888
11111221132224553244453324465533466755386677778667788888
11112221311422333445266334526673455677744567878856788885
12222221332444134444513335551366665166775518687778888877
11222231111223451552345556334546633444766677778867788888
11111121333322333442544442256477255666777566677858888885
11112223144255311425533342553344256777466678778867888866
11112234551223455123345512334567237466777744688876668888
12333341223554123354412255441266547186657718866678888777
11233331223435122243511124556444475666677568887756888877
11222221133224113444415346645536666533768857777785578888
11111223333142355414233544425556462577666277668887778888
11111223113442333342235544426554772665777766588786658888
11112234441233451123345522234655553466667788866778888777
11122334152333415223341522664156667445667784558778888877
11111221314442334456233445623355562755766277778667888888
11112223311222344125534666653444655334665577777887788888
11122223311222431566643156664355567435777743577884488888
11111223331122433322543662554446555774665877486687778888
12222331112333142253314555661457556847776684447768888876
11222221111223441333345553364578666457888645778864577786
11112221312244531324453332465377446555766688577768888876
11222231124233112433315544637754866775486675548667758888
11111112223334233344425534442566677258666755886775888877
11111221133222333442255334665544476557477658777668888886
11122221332224113333415364445566474566777856678885577888
11222221113224155334415563748856374855637488863748666777
11123331112333122243566724456672445677744567878556888885
11112221122233142553364553376455377645777764448886668888
11222221112324511334453333645556664575668477768847778888
12222331112233114253314455634445566745588678888867777766
11222221132244133444511345456333555667888566777886677788
11111112333344222334422536472556647555864785886778886677
12233331222433122445311114556644455667778566787856778888
12222231211323111333345556664455566475786847778684477888
11112223331222333114255354445555664766668477768847778888
12223441233334122334412555441156555166677766777876888888
11223331123343122544312554661254446555777677776668888888
12233331122334511234455122445516644576666857777687788888
12333331223345112664511266451226645777764578874457888885
11111123331322443332544444256678825677882566788856677755
11111123444122334442533642253666255366788576778857778885
11122331112333441222354426735466677546866754887775558888
12233331124443152243315224461577476157777685558668888866
12222331244453122445311144536615553677775366667778888888
11122231144223154442315644235566333566677755868778888877
11111123332122333222435544446554748655777866578886667788
11122331415223144552314465236446523666655377888887777788
11222221133322133344411355545555444666677788666778888877
11222221132234113333451366445556444556666785777778888887
11122221222333144333511444356447555677758566777886668888
12223331222343111234566143456614445666555577777887788888
11223341122234155233411523346557844655788466677886677788
11112334111223444222345666234556733456677755867875888887
11223341223334122233411555446177554666758467775886678888
11222221133452113445213334556366455666744586877778888877
11223331122333122244311556445556664557766488877648888777
12233331122223411123344145556444555667888567778886667778
11122234115223415522341555534666333446677784866778888877
11112234412223441123354442365777336577766655786685588888
11233331222443122243314444551666755166677588867758888775
11223331112223114223355444365778466557844657786665778888
11112221331122443333244355524465555466677786866778888877
12222231123333142533614455561455566147786644778687778888
11122223111224331552433355643755564777886478786647888664
12222231244233144455311445531665553176666377778687788888
11112221311242333554266354426335544665578466777887778888
11122231122433122444315446435577663557886355786667778888
11111221333122334442533664256664425667455577788587778888
11223331122343112444315224635554466577777657786665888888
11222221122344115534415533445553334666666768877778888877
12222231114223151444315546637754863755486377588637788866
11111223131442333444235555423556542776666278888667777888
11223331222343154224315444431555666177566877756687788888
12222221133323415533341155554166657446677744668878888877
11233331222233112444315246671544677554667755668775888888
11112223141122344445236445523667755336675538667778888887
11233331222243111524361552436665544765584476688887777788
11122221111232444423345433334556666557686857768885777788
12223331223343122354411555441155644777566677886867788886
11112223311242331544235555423354446775766687777668888886
12223331224333124435512444451116655766685877768587776888
11233331223443112224351266445166664557688455788885777778
11111121332222443335246633524765555476658847668884777788
11112221312222134445533334456663745666774586887758888775
12222221132444153334415533461157346555766677778667888888
11112221113222333324533444456664475667777568775556888888
11111223331224553122455332446573744657777465688786668888
11112331411233542222354266635446663554767758477775888888
11222331222333142555314444531144556777665677786667888888
11111123333312455533245666224556672485667248888774488777
11111121332222334225563444456337445677755566778886678888
12223331212233111244351667435566744566777455677845888888
12222221133244111344413334546377555666775566677758888888
11122223311112344445233455523446555377666677668887778888
11111123144422334445233455523665522366577766677778888888
12222331112233441253341155534666755467777546678784688888
11111123331442344444235566223556662355776285887678888777
11112331411233444222354462235546663555766685877778888877
12222231442233143333514445551646775166667516887758888877
12223331222233114443311144445666666556788855578885777778
11222331124233122443315444361554776855577688857668887766
11122221314422131444233354663535466555566788887678887777
11222231224523111453366145378664537886453788645778864577
11112334412223451262345126634555633445566677777887788888
11111223314122344422233544663554776358876655587668888777
11222221223333111133455673445567774566677456687845888884
11233331123243112224315524446655544666557767777786888888
11122221334442153342215334441536666557778657788865778886
11122334411233441122344555234556623756666675788887777888
11222221333332144335214445551144566777755678888667788866
11223441112345122234516233456663445677385567788586777888
11112231441223444122344562635556663557663375788887777888
11111223311442333334255644425566642566788255678887777788
11222221122333114455314445336774553667485867778586667888
12223441123334122235411633541666554766655477778587788888
12222331112223451633345163774516667455566744858874888877
11111221332124333222453364445566464555666758777778888887
11222331124253112425361445536644553667458367778886777888
11222231111233144225367444536774453677775366885556688888
11111223341122334422233445667344556778555678888567778866
11122221222344133334413355441655574666577768657776888888
12233441123334122234411523441555556777785678788667888666
11122231144423154222315444335555336577766677776868888886
11112221134442313444233345226377588667555867775586667888
11222331123333412355541255564125666447886647778864777888
11112231112223444223344566634455563775586377758667788888
11122221133442133444213445523355556775666687777768888886
11222221112233144443314453336465555666557786687778888877
11122221122333114243354444335566477556777755688786668888
11111121333322443532244356627445662747556677755867888888
11122221344452134445213334521335556788885678788667777666
11111123414452344455233345523635522666666277888887777788
12223341222334123334411154461555476857777685587768888666
11112221122233412333345555534456656477766647877864788888
11112331121234522223455553345566634776664477786487788888
11222221122344111334455333445555364577866677886667778888
11111121342222334422533345553644455667775766687776888888
12233331122233142425314444551645557166857766888776688877
11112221311222433526643355664433556447556674788887777888
11222231144223114425314455536465553666773368887776888877
11222331122233114423315446635544466557866657788885777788
11111234112223444423344552236665773665577365587776888888
12233331122223111423315444465544666577766657877785588888
11112223114442315444233564623556662335667785588778888777
12222331144223114442315554431556663557776388887668887776
11222221112233441133345563374566667455867745886774588887
11122331442233145223314525531455566446666788687778888777
11223331112233411233544422654466665466777588777758888855
12222231142233144533314555361457766145776684577768888886
11222231124443512244351644335166337566887756687775588887
11112221314225631442563444256345555637777763387786688888
11111112223333222455324445536644453677885566788886677778
11122231444233144223314452631555663557766857786687778888
11222221123424133344411536647753364775556677755868888886
11122231112233144522344453334555556477786677888667788866
11111221344225134425533442253364665736665577786887778888
11111112222344222333456663345666634577788457777845558888
12222231224333114443516444351667735167777566887556888885
12222231244533124453614455361745336175588617788667778886
11111123312222344425233444553345555678888867777786666678
12222221113442151344655134665333466555346788888678877777
11111112223333224335622435567445556774586677488667748888
11112221133342133444253364225666447556667758888775588877
12222331111223144423315446337544668755668877556687775888
12223331212233111243355164775556447566647758664478888887
11233331123343122224411524445555546777756688877668888766
11122231112333122243344444435556677565677756667875888888
11111112333444223345523364452776455276665527686887778888
11222221123332133343411554446655544667758866775886777888
11112223314422531142253334465573446557888657788867778666
11112223331122443515244355524633657466665746887778888877
11111221333452133445263345526444572666557286688778888777
12222221233333111443315444661574666557468655777885778888
11112221332232143333214455667444566748555677885667778888
11122221112345612234563333456666345778684577888457778845
11112331212233122233345556664575556447788644788664777888
11222221223344133344516334551664455166775586687778888877
11112221112233442233344553534655557466777746887876668888
11222331222433124445314455531145553677778866678886667788
12222331112233141523344156634555666455766748877774888887
12233331122233412523641156664515666455577744888874888777
12333331222233114425561442556114445667775568887776688887
12222231233333124344511444451166555766685877768587776888
11111221314422334422536442553664775336677588667758888875
12222221334244134444513336551773655177666517868657788888
11222221111123444552344445336665553678885367778836677788
11122223114422331144233335446665554665557766887778888877
12222331145223144552311455331644553666477766877776888888
12222331142333114235311425556444455677777566788786668888
11122223111425333142536334256644445667775568777756888888
11111123333212334322254444625474666577776655787865588888
11122234112333412235341255534444555666777766668778888887
11112221131222433332546633554666555466788544778884777788
11222231224423114433351144335564777556778756678885666888
11112231422233142253314455534465773466557766888876688877
11112221113224553324453332445366674566877456687775888887
11222221122344155334615334461533446557778657788867788866
11111223144442314455233455223335552666667766777778888888
11222221122333144444311454536555553666777367778786688888
11233441122334122334412235441655557668855766688776888777
11111121333332444433254622225466777546888755688775566887
11122231412233144223514433354465555666666577777887788888
11222221123442133344411333445555677566667756868875888877
11112221311242533334256377425636744566678456777845588888
12233451222345112234511133456663445766664577778857788888
11111112333344223534422553442665574265577766667778888888
11111223441122344222536444553666555367665837778883777888
11111221133422333442536644253674425667777566775558888888
11111221333122334332255444265547446558776685887668887776
12222221123334111335416633547655554766685477768847788884
12222221113442151344415333345555364577766877666887768888
12223331124433122243315564441556477158666755886678888777
11111221133224533324453362245556644577764857666887778888
11122331122333112244355244436557448665777866578886657788
11222221122333144533314455361475556447756688877768888766
11222221112324153333415334445556664577666457776887788888
12222221112333411333344155554466665744688577768857776888
11111221133322444322245436664533666455786855578887777788
11223331122243122444315544631557463557766685777768888886
11112331122233144233544423554462555666777568687776888887
11122221333322113344215534467755466755544678888667778886
11111123314442533444255346625336622557766275788687778888
12222221111233411333344435556447885647778566778856667885
11111223133124333222435524445555544666667766888778888777
11223331222333124435512455561145656774866674488867777888
12223331112443122244311444335555666577666855788687777888
12233331223443122245311164551766445776684577668557788888
12222221111323413333341556674556667445676748557774888888
11111223313122333342244444526674558677755867775586668888
12222231223333114443314455561447556188755688877768877666
11222223111122333314435554463577746557874657788468888666
11122223111122333333244555567458866745588674448867777866
11111112233333422235346277554627758466775844675584668888
11233331222343152244315254441555546177766677788867888866
11122331112333142225344255534665788465578846667784677788
11111123144222334552634452263445556377588637888867777866
12222331122443112443315554331555446775666678888867777886
11112231414223144422354642335566337556666758777775888888
11111112223333244433522244356644775866667588677758888755
11222341112334112234455523345556344566667766777778888888
12222221111332441133564433356647775664777566475558888888
11111221134442333422235544423555666355768677776867788888
12222221133342113344413344541666555667658567777857788888
11111123133222333444234445226465555666657788865778888777
11111223311224533324455332245555644666664768888878877777
12222221111233113333344566774456677455866745886774558888
11112231444223145452314555236465523666783376678887777888
11222221323442133334511344456174885667788566788856677755
11122223312442311245531644453766645377665537786857788888
11111234112223455552344556234445623777663376668887778888
11111234112223442233344233554665555466777566888776888877
12333331222433111244451624775162447556887756668875568887
12222341222334111134415563345576344577666655788867778888
12223331442233142233514666651467755146877514687758888875
11222221111232415553345566634556633444768374776887778888
11122221111222344455633445563334456738885678888567777766
11122221111223455552345533334566673444667784667778888887
12233331123344122234412564441156666555676755887778888877
12222221111324113334453336645577664577776455786645888888
11111221334442153644255364425536672533667258867778888877
11223331442533144255311425637142566774255678888667778886
11112331222234152333415254345555444666677766887776888887
11112221133422155344265534426533478655347867777786668888
11112221133224133224433566643555564557666477778847788888
11111221134442553344253344225336772588667755886678886677
11112223111222333332435555446657774655877466687746888884
11111221312222333333245555664445666444557677777768888888
11111221133332444332244535224555566457766677777668888888
12222231122333114435561443556147355644777566887776688888
11111231122223444233354626635466673544867755888875588777
12223331212233111124356666435666447558844758888475587777
11122221122342155534416653346665334665537488887748887777
11112223111242344444233345526633555677755867778886667888
11123334112333451232645122264557866457788645777864578886
11122221112322415333344555334444556777775688877668888666
11233331122223111224354444435666747556677758866875588887
11223331222233114425311444536664455666785567778857778888
11122221112332145553244555334667538466783846778884667778
11112331144223144422355442335566273566677755668778888887
11111221313222333324256344445666664555677455887778888877
11111231222223142553344465534666553447665377768887778888
11111112334555234444523336452366645276768527776882778888
11112223311122344445234454523355556377786677788667888866
11123334112233441233544125554422556788856677788667778866
11122221312442331154263335446735584675558467777886667888
11122231122223114453344455364455536777753687778668888866
11111112222233224333344444356478855667788566778556677885
11223331112233114423354422675544667584867758886675588677
11111223314122533444253644425366662536767755777785888888
12222221111123441533345555334677553466777746668874688888
12222231112333141253314455364445666745588677758667778888
11111112233444223335462335546275554627858466788886677778
11111112222333224433325443665554446557786657778667788888
12222231112233141333314555554445566447666677778687788888
12223331122333412535541255564115776447776644887768888866
11222331444223111422315444635556663775568377566887778888
12222231112433114244351444335666663577776655557778888888
11122231112333415233345522664557666445777644588768888877
11122231411223444123344452336655773665887765587776658888
11122331415233144522314556234457623485766688577668888777
11222221332244113333415366441566664557776457787785588888
11112221133222133455233345556444475667747566877786688888
11222221223333114535314455531446557846666784886678887777
11123331412223145262314526334455666747558674785867778888
11233331223343112244411524647552664775668875556687778888
12222221132344513333451113445555564777866478886667778886
12222331112223144553314455361455536744866677888667777888
11222231424223144444315533331555566157777688887668887766
11223331112333144223514422556477775644755566677886688888
11122221113244133324455532465733846577884657788665778866
11123441222334125333412536641256644555766657778887778888
11222331224433112245311444536666453667655877785587778888
12233331222333111224414444451665555766658877665887777888
11223331222433122443315544461755546175566677786687788888
11112221331224133522433555446355444666577766877776888888
11222231112443512243351664335564443566777756678875888887
11111112233445622345562334556273485627348566774886777888
11123331442223144233314526661452776845557688855768887776
11111221331332443332254446625466662546777755778885578888
11112221312224331255435555443365744836677488866778886677
11122331222443112244351544635557463885776388576668887776
11112221331122333332244456664545676455567645888778888777
11222221111122333334563344456744455677777566687556888888
11111223314122333444235554423565642556666788687778888777
11122231112233441223345678834567783456678845567784556678
11122221112223415555346675534667753466777344687834888883
11222221112233114533364453376445577644555766887776688888
11111223114452334445233344523666652667555267777887788888
11122223111224355126435556643577764357776438887643888864
11111123444412333442256342225633777566666755888875588877
12233331244443124554312256431125666155577688877768888776
11111223141222344225533445553647585364778836677886667788
12222331112433155244311524335556444566667788866778888777
11122334411233444122345412336555277666555766888776888877
12333441235344123544412355551266675126677712667878888887
11222221123342115634415563445566344755633877668887777888
11122223311242355114235666473566447355644738568778888877
11122221311422333142534444553666457368655786867578888777
11123334112223415522341566234555663477566844788687777888
11122341512234152223415666345556634576683477788347778888
11112234111233444222344552637455663775556387777668888886
12223331122344155233411526341756664775668477568847758888
12222231112233144433314445531645555666666577777787888888
11112223341222344155234416553446675388667538667758888777
11233331223343112244561244456127745667777566887556888885
12233331222433125543412554441555674186667718886778886677
11122221112332144433255644375666437568843756688875588777
11112234411123444222355446237556663775556377776638888888
12222331242333124433511144456617745677755566788856678888
11122221112332133333244566664455566477558644775887778888
11111223312222331442533344456774885677485566778556667888
11123331112333412223544462554776285476688547768557766888
11111123333312344432254446625477762577766257886685558888
11111112333333245553624545562444456227777628787768888866
11222331222443111244315564437756463755666377588687758888
11222221223344115633411563447756348755634877566887756888
11222221111223444155364455536644533667758367777836788888
11222341522234155323416533341655744166574766687778888887
11111221331222333332455666245576664557644475784887778888
11222221111233144423355444336554738655777865778786666888
11112231141223444223354426335546663555676658777778888887
11112223112222341567734556673445667348566734855773488888
11123331222333122444311254445555546577786677888867788666
11233331224353124455312245551244665177466877766687788888
12233331223345122344512444451115555666667768777776888888
12222231444223145433314543631755666175556617778687788888
11112221331224133224456334445663674556667785558778888877
11222223111442331444235144663577766355577635587768888886
11222331222443125543315544431155643777566677886667788888
11111221333122333342255544426655444666557786687778888877
11122223311112333442256344445634788566678855667785577788
11112231112223452253345555634576663477776344477668888888
12233331222345162334516244451664455176665517778887778888
11222221113332133334215554445554446577766687877768888866
11222331112223441123344555336444555667885866788886677777
11111123314442354442235542223355556377776688887668887766
11111223131222333334255555425654447666647788664778888877
12222221333424113344451633445166666517777657787885558888
11233331222333111222451644445666664577786457778885557888
11222221133332133444215344461555476557777685788768888666
11112221332222134444413354543355555666677768887776688887
11112331442223114422354446235666663567888355777885577788
11112221132222143333544463754646375466677588687758888755
11111123333122343342244444225666678556777856678885557788
11223341123344112233451223445555646577566688777768888876
11222221333224153333415666441567664157768455778845778888
12222231142233114443561143356644735666877586887758887755
12222221112333144333511443556447555664777566688776888887
11112221311242333324453362445576448577668855766885777688
11123331442233114422314452236475558667758866775886677588
11111221133322444332245335624555566447566677788687778888
11112234511223451222345566334566337455666748877774888887
11111112333344233444526344552666665267885527778582777888
11222231123333112234314444445566666556768857777785578888
11223331123334112234451522445555446777588677888667788666
12222221133332111134455563445566344566667458777778888887
11112221131244553324453322445367774536677855677886668888
11112221122232144533344556634555663445667388886778887777
11112221133332415332244536624456666455777645577778888888
11111221333122334332256444425664477566687755568875888877
11122223112244311255433335546635554666774468677778888887
12222231112323411333341555664457666455766748577774888888
11122231412233144522314455534465753666577367777886688888
11111223114422333442235444263555666357566677758887778888
12222331224443112455311445536147753666755367777886688888
11122231412223144255314455534465773666577368668738888877
11222221123332113334415534445566774855667485666778888877
11122331111233444423345422234566666755568677755887778888
11112331122233415233645523664552667445866744588778888777
11112223331112333422253544465554666554477688887668887777
11111223333112453362245536624556662445678847577884777888
11122234111223444123344552334665537666555766887778888877
11111112333455223344523344452224655777766577878668888866
11112221113222333324534444453664555666675567777778888888
12222231244333125444311544631755663175886677558667778888
11111123122222344425534345563334456788855678788667777866
11222231122233144433315444631554667885667785556778888677
12233331122223111243351554465555466777746678844667788888
11122231122233112433344443556445557666657766885778888877
11233331122233112224315444465544776855777688557668888766
11122221111332444553245553324445533666666788687778888777
11112223111222334442563334456377745666874586687758888755
11112221122233144233355463635546667544667754887775888887
12222221333244113334415563441566664155677785568778888877
11112221311244333222453364445536477566687756688775588887
11222234112223451663345166634516673455777348557774888888
11222223111242331144533344556377445667788567778856668885
12222331242333144235314444551665557116885766688776888777
12233331122223111423351647775564778566447855644785668888
11111223441125346222534627553467775346677534667853888888
11122223142425314442531464553166665377768537786853778888
12233331122433122244311544441555555666777866777786688888
12233331122234122533411154446655477655547768887776668888
11122221113222413333546336554666655447685844778587777888
11233341123334122253411225546665554776658476688847777888
11112334412223441123354442235666673588867755586675888777
11111123344512334555233445523446752888677288666728866777
11122331112333122223345555564577776458776644878664488886
11223331124333122443412554441256777855667788556778888666
11222221111232441553346665334665533467558846777784778888
11111121334222333425236344527666455776845577684857768888
11122223114422331444233145463777556377556677556668888888
11122221122234133333413444445666677588866755586775588877
11222334122333411235544123554416555476668877666887777888
11111221331442334442233442253666775668875566877558888775
12222331114233111422356644435564473566687755688775888877
11112331222223112333344444456455555667775866777786688888
12222221134442113334413354461735666775586677588687755888
11111221133322443322544433254677555467775566667786888888
11112223141255314425533442553446257388677738666778888667
11222331222333111243516444357664455776645576688587778888
11122221222333114533641453364445776455577688577768888866
12223331112333142223514444451664775668875566877756888875
11122234122223415663341556634157763455766345778884778888
11222334112223441255341155534445653777666377766687888888
12222221334424133444411355661335666155576688857778888777
11111123133442333444256344225677722566677756688785558888
11112221131322453333245556324556667458667748868774488877
11112223144255311422534444253333555667778866777786668888
11122221333222114355614433564444356778555678888867777866
12223331233334122555412655541165444166784866678887777788
11222221111223444133345443634566663555776655777778888888
11111223141442334442253334225553666555777688887668887776
11122331422223145233314555361456666445576648887778888777
12222221213333111334315554445565447656847766688776888877
12223331222333111234415644441566664555576688587778888777
11122221333242135334211534446657774665777466578886558888
11222221113332411333244444356475555667777566678756888888
11122221122333114235544433356644455667755766877776888888
11222231112323141233344445354664555666665577778887778888
11122331144223115442366544236554723657777365587786688888
12222221123345133334513444451166645766885576678587777888
12222221123334511344451334665173466557746657778865788888
11222221333322113334415555541655744666677488667748888877
12344441234545123455512333561222356177766617886867778888
11112223331122443516244355624433566477556677758867788888
11222221113332133344213555446666554677775468777546888888
11111121333322334434255544426655542667757266877776888888
11112221131224533332455663247566384755688477568447776888
11223334123353412235541126554172655477666844786687778888
11112231441233144223564442356678235677883566778856778855
12234441233354123355412366541226554166675716777778888888
11111221332222134455233345556344445666667588886778887777
11111223441222344152634445263333566777555678778567888886
12333341222334125223411555541655444167777766668776888888
11223441123344112333451236645522664577786655788685777888
11111223414122344422234555563455566337666837768887777888
12222221113244111333455633445666374555677488566778888877
11222221123442133344413334541666655766688577778557788885
11111231442223154233355426335542667584667758486778888677
12222231112333111233455566345766664576444457777785888888
11222221323324133334411544441555666777568677755867888886
11111221344452133455263345226634527683455768887776688877
11233331122333111222244445556445577664558768888876668777
12222221113424511344451634475563777566337756638875688888
11222221133322411133344445356474555677785866778586667888
12222231111223411453344445536466753666875368887558887777
12222231142333144235316444531645555166666577888887777788
11111112333333244435622247562444756288775688775568887566
11222221111223415555344453336645573644777366668778888887
11222331144233114423314452367745266755586677588867758886
11111223145222314555234455523344466377777637766668888888
11123334112233412223341255554666655446677548867778888877
11222221112332451153345555534444663477766377886667788888
11122221134422133444213334456673555667788566778556778888
11111112234444223345523344552366775238667588866758886777
12222221112344113334451534445553366577886657788867778866
12233331222433111244315524441655554666578867777786678888
11122221113422133344255334465537446855766685877668888777
12223341223354123335412555541666544167684816768887777788
11222221223333111443351544365555466777544677776668888888
11122221111322433332544435554663575446667588866778888777
11112223114422331422534446653374655737666577786857888885
11222221333322133444513667451666745166774588887458887755
11123331112233441222354444235674888567777856667785556688
11122231144423115442365544236655523665777368887736888877
11222331112433511243657724365772436577744655584668888886
11112223331142553414253344425536642757666675786887778888
12222231224333114433314455561147756884775687775568888666
12222231112233141443314445336455555666777566687778888887
11122221113322133333244456664445676455587655888768887777
11111123314222344422533444253677775366775566687856888885
11222221333322144433311144445555556777566677786667888888
11111112223333224353322445556645577664577766448776888888
12222331242553114253361455536145783614478866747886677788
12233331122223114442315464731546477555687756668775688888
12223441122334111233415523445566347556777756688876688887
11111123341422334444253336425556622755566877776687788888
11222221323442133334516344451674555167778566778856678888
11122231111233442223345555334445556477776687887768888666
11112221331222133442533444453664555666675568777778888887
11111123333312433562244456224445662775586677558867778888
11122221311122333455266345556334577664457768448876888877
11122223311442311542233354443655477666557768857776688888
11112223331222333142536714556674455677444567788856678888
11222231112233411255344655534766553476666347777884788888
12222221233333114443311145556664455677748566788856777888
12222331111233141223344445536464755666875586687758888777
11112221333332143322214555554456657466666744888778888777
11122221112232415533344456334555663457768847766887776888
11222231444423111442315564235566633556663785887778888777
11111123444122344222233455553346555366678866777786778888
11112234551123445612345562234456233475663877776687788888
11223334122223412555341165334166555446677746687778888887
11112331122233122233344455556644755644775866777786688888
11222221134552113445213345553344465377886677786667788886
12222221111132413333345555534445566474766677778867888886
11222221133244113324415533445555346577777687766668888886
11222223142255314455631445763148576314857638887763887766
12222331224233155443315554631544466157777617778668888886
11122221132422113344453334445536667566667758887775588887
12222231212333111134356644435666447568674758887775558887
11222331124233122444311444335555566566666757777778888888
12223331222433112443351164445516664555576688887768887777
11222231111233144523344452334665777465577766588876658888
12222221234555133455511345461334446137777677786668888886
12333341234334122444412255561725556178885617778667788866
12222221133332111143354444365447766555786657778665788888
11222221113224115333465553346557374658777466887746688884
12233331223444122355412635541665554166777418668778888877
11223331122223114233351466665544466555447688587778888777
12222221133342111344451633475663447566777755688785568888
11222331145223114522341453334445556777566677866867788888
11111221333222143325264375556437755644877566487786648888
11222223111224333114433356645555644756668475776887778888
12222221113233113333414444445666777555667755566778888888
11122221134552113445263334526334455667745766877776888888
11111221322222133334453666645367884566778455777845578884
11111123445612345562234566273456627345862734587773888887
11122221333244111324453332465555446557776688887668887776
11122331122333112444352264735666477558644755866775888887
11112221131244333522436652443665554366655477788887777888
11112331142223514242354444235567733566777856677885668888
11111234511223455222344526334555633476666647777778888888
11222331122333122443314445561445556777756687775668888886
11111112333334235536422255642555764288876488777648877664
11111121333222433355244435524446752888675586667778886677
11222331222334112333411544445555546777566677786667888888
11112331412235142233564423356442555664777568887776688887
11122223311224311524433555546337554667777466787846688888
12223331212333111223415556445565644756664877688487777888
11111221122222333333455563745586774588667458667748886744
11122331422223144423314445331675555667775566778886678888
11112223122242314444431555543356655377766638777768888886
11111123144222334552234455523446557366666738677778888887
12222221112333141133354444635544666557776657778685788888
11111112222333245235324555536444573644777766667876888888
11112221333242113224455364445336774566677755566878888887
11122223311112334452263345556344445667777567788856678888
11233331122334155234415522241555444667888867777786666788
11111223331124533332455677245566724566672456777848888884
11122221133322413332541663554666655444655748888878877777
11111112223344522333452233445666644557866657788885777788
11112221331242153324455532645773664577368457666847788888
11111223312222341425534444553346555636677766688778888877
12222221333324135555413655541364444116677766677878888887
11222331142223144423311443356647775667775566785556888888
11122231222323114333315446665546676544677755488875888877
11112221113232455323244533364455566744756677777668888888
11222231123333122443315544461556446555666677778887778888
11122331222333114225314446534466655746665877785587778888
12222221234445133445513664551366475136777513668778888887
12222221112333441113354444335566477555666758886678888777
11222221223333111444315544335554466757888675788867778666
11222221133332411536244153664555366475788647578864777888
11222221112233411333544433554666665466778547778857788885
11222221133442111334256334445663748556678856677785577888
11223341223334112553412255341666544777655477666887788888
11111223314442331454233445223666552776655877766587788888
11112221311224333322455633445566774566777456877845688888
11111231145523444452346455236665223666527388877738888777
11112231411223444222354466335466773586667358887775558887
11233331222333124225511446651447765884476588777658887665
11233331122223415552341655234167558466777846678784467888
11112221312244331244433324453666775667777568788556888855
11111121332222333422533446557748665774886574486657788865
11111223341522334155233465223446557844665788866778886777
11111221312222333244453334645566664755566477758887778888
12233331123344122344412255461755546175888677588867778666
11222223111242331444433155443667555368777566888756688877
12222231124233111433351644375566447555647788566678888877
11112331122223412525345555534666783466678346777884477888
11111221322224135552433355446335544677774867778886666888
11111123334412335442236544423655572666557288667778888877
12222221333332144453311445561145566774556677788867788886
12222231142323114433351444435167778556788856677785566688
11112221113224563322456334445633477566647756888775588887
12222221133332413355541355564117586447788647788864778666
11112221131244333324456322445636647566677755887875588887
11122331112223414552344455234655533467777766688876688887
11111223344112355444235554423565722336877766687876688887
11111221333332143432254442265544666557777655878768888876
11112221334422134442213554467335566773555677776668888888
11222221113242153334415344465537746583766658877765888876
12222221334244134444513366551133665718666578888857777785
11111112344444234456623355762355776238557623877762888886
11112221314255331422533642453364445666777566777758888888
11223441223344112234415233341555566775586677788667788886
11222221111122333344453634775366447566664755888775588887
11111223311222333442563344256777455667745566774586888888
12223441123334112353412235541655574667577466777886688888
11111221334422134422563342556634455663777586687758888877
11122223112442311444233546467356666735556873785587778888
11112223331122343155234555523456666447777647788664788888
11112221112222334444433356643555564355766677777687888888
11112221331242133344255533425666644567668455777887778888
11222223111224315544431655543665774367578436777883668888
12222331122334115233415553641557764858766488877648877664
11111221313222333334255555426665444667577468777746888888
11112231112233445522345552334565773466677746867784688888
11122221133422113344233344445566666555567685877778888877
11222331222333112334511666457766645788864577784457888455
11222231224323115433315543461754446775886677588667758886
11122223311244311225436555543655744366877436888776688877
11111221314442333452236345723664572666457788655578888877
11112221133322133332245555554567777466778844667884466888
11111112234444233344423356662355576255757628877768888876
11223341223344112234415253441555366758888675788667777866
11111112233344223344422233445666777588666755886775558887
11111121332222333442253647885364778556447855647785666788
11122221113222144335544333554443556777765678776668888886
11111112223344222333452336645576644577668457776885578888
11122231122233411253344445634555563477756688877668888776
11111223313122433322243555564445566447566877776687788888
11122221132224113333453366645566774566777455778845888884
11223331222233111124355444436555447668557768887776668887
11122223411112344442233445663335556777756678755867888886
11111234115523455552345222234467733446777366677886688888
12222221113324153333415555341554444677777768888876666688
11111112223444522344452233345556633557666877776687788888
11111123333142355444233546425554622775766287777668888886
11122223111122344444233445556377775638887563888756666875
11222331144233114222314456334455666555667758867778888877
11111112233334223444422334456275555667777566687756888888
12222221213344111344415633345563774556887755687776668888
11122221333332114343214444425566777566667755556878888887
11111112222222334444453434665333776558776655877765888886
11112331222234125553412567345556734886673488667448886777
11222331222233111443315544435566644556777756667778888888
12223331123344112344511234556724485678888567777856666785
12222231111423551142355444336547433658777765888876666887
11111223112222333344233555446655544666754768877776888887
11122231122233415523341555534667753446777746687884668888
12223441223334112233451113645577664557886455786667778888
11222221223333111443514443356446675666677588877558888775
12223331122343112244351664435166477556647755567778888888
11222231442233144425311446531666653777665378888557778885
11112234151123445552346652234465523746663377768887778888
11233331123343112444451264775526477522687756668875568888
11223331442235142223514444351166635777866577888657788865
11122223311122344412533344456637475666777566878758888855
11123331222333142553514225551446657444687766668778888877
12223331222333124435511145551444565777486678778667888866
11112221312222331444433544463355556755888677888867777666
12233331123233112224451154465555446577774677887668888866
12222331111233141225344445534665573466557766688778888877
12222331122333114255314455531445566744788677778667888866
12222331444223114552311455531445533666678866677887777888
12223331122223111445366144537664553766455877648587778888
11223334112233412255341255634155566447666874788687777888
11222231222333111143355644435564777556488756648776688887
11222221333332114334214444451666665777765587776558888885
12222221113332114443314445336747588677758866775586665588
12233331222343124244311444556117775667788567788856668855
11111221331222333324536642457764445766664577785557888888
11112223311242331224433544467356646775566677855587788888
11223331222233114233516455551645475664447768888776688877
11122331222223145553314555331465777446678846677884667888
11112221133324513332455553246575724667777466667848888884
11122231122323114233344455364748556478855677885667778866
12222331244223111443311445336647555667755567778886678888
11111221133442333354263555426654442655777266778886778888
11111123444122344422233455523355566375886677888667777886
11222331122333114223314455664445566455576677777768888888
11111121322222332455563344556377455637744867778486668888
11112221333332114335244445526445552666657768677778888887
11233341123234122223411556345556664575688477768847776888
11223331112333142235514255564425656447866647788687777888
11122334412233411122344445236555553677758867677786668888
12222231242533114455314455531644533166677788666778888877
11222221123332411133544446354774635777665577886658888865
12223341122344122333415535441555564177666677886867778888
12222231242533144655314465531466553146677318677778888887
11222341223334122533415553441565544176666877768887776888
12222231124433112443561144356664335776855576688587777888
11222231224433124433311145536644555666677588867758888777
11222231112323144233315466635546666574488857748885577778
11222221113322114433344444356777735677885567888856666855
11111223444112335422235544623555466375888637778667778886
11111221333222133442563744256374445667888566788856777855
11123331222234111233455523645755564777766477666848888884
12233331122344112334512244451674555667785566678886777888
11122221313242133324413555647355564777756488877648888666
11111123122222333244433554467375546777754688755668888866
11112234121233412223546633354677555467755846777884668888
11233341223334112223415524441566477556666758677775888888
11112231222233124333315444667554466755546677758687788888
11112231114223444452367445236755523677553366778886678888
11122231222323111433355444367555466758546677884667778888
12222221111112334444533644453666665367788537788557778885
12222231233333124356614455661444556114755677777867888888
12222221111112344444533446553377665337766577786658888885
11122231142523114255344425534667553467788366788836677788
11122223111244331522433654443665574365557766688778888877
11111112233334223553462255346255574688877466887746688774
12233331222334155234411524441655554166666786777778888887
11123331122223144224315444436555573655777766666778888888
11222231122323114433351466735446777544667755668785588888
11112223311122435522643356664335666455577744487778888887
12222221133332111343566134556644445766845576788587777888
11122221122233143333314444445566777566777855666785588888
11233331122223111224355554435657444665748867777886667888
11222231111233414422344453336455777655777866558786668888
11222331122233111233344445664555566457566647788887777888
11112223141225334122533444453346775888677588667758866675
11111234411223455223344522334555663475766677778667888888
11112221313322133332244444556664455666655788877578888777
11122221113222133334453664445356774555667485668778888877
11111221331222333322435556647566664755864475888847777884
11122223112242311344433334556666445676655577777758888888
11223331222433112445361244536174555677455866778886677888
11222221133232113333415566745556674855667488867748887744
11112223141122334442233454553345556777785678888867786666
11111123144452334445236475523667552367785236788826677888
11111221344422133542633354263775426775546677855867888886
12222231244443124554316453331655553166667718688778888777
11122331442223114223314455336447555666775586667778888887
11111123412222344444234555523336557366657766677778888888
11112223331122334415234445523644555666775768687776888887
11233331222343111244315522446655447668555768887776688877
11223331222344115234411523346655544666557768688778888777
12222221112333113334415534465544476577777655766668888888
11112221112222334455533445563374556737488677748667888866
11222221112233141333354466365447666547768854777785558888
11233331222343125244311526441555664775566477778667888888
11122221332224133444413345451355555666788867778886667778
12223441212334111223415553346575344677558866777886667888
12222221333234111333451677745166744566774456687885558888
11112221131222333442533446657344465777766587876658888855
11223331222243155524311655431665543666444768888778887777
11112331441223154423365542236654423655777765778876688888
11111123333122334442235542265574866557488657748667778886
11223331122233144255311425534446655466675786867778888877
11112331122233142223344555364555776457776648787664888886
11111223311222344445234464523666555337668577768857778888
11112223114222314442533334456636455766665577778587788888
11122331142233144222314455336455577645888766588876668777
11111123333122343222244355554665577466577746687874688888
12233331222233144423516445551644755166677516687778888887
12223341223334125353412555541166654176666477778847788888
11222221111122334456633455563344566734455677777867888888
11122331222333112334415244445566664556667758887775888877
12222221344452133445513345551134657163667786668778888877
11122231112233441523345552634575663477576644777868888886
11122223311112333444233566425556644576688457688885777778
11122331112234122233455663347556444755666475786887778888
11112221131222333334235664445556447856664785586778888777
11122221113332413356244355627435866744588677455867778886
11222221133322113435513344556644445677778566787856678888
11122223311244531122453333445666644557766655877778888887
12223331112333122244311554446655554677775466667778888888
12222221213333111144355544436654473665557766688778888877
11122223311242351144235556443775664375586437888667778886
11122231411223144442356644235566333566677758877875588887
12222231223333111144351666435566444566774755877775888888
11111123144422334422233345526374555677758566777886668888
11112221332224133424413344456366755666777567778858888855
11112221333332134432215544426654777655477765588786668888
11111221333222133445263345526444457666655786887578888777
11222221132244153334415553441655334665777766667878888887
11122231442233144422314563331456666555566785877778888877
11122223411112344442234455663355666355768835776887777888
11111112334444233454523345552366655276766827777682788888
11112223311222331444233544446357777665578766588876655888
11233441123345122334516234451622745667778566788856778885
11111112223333222233344445556477755647778564687856668888
12222331111223455112344555334466553466666748877778888877
11111123333142334444235422225546666555667658777778888887
11112231422223145552314565334476553447688377768887766688
11122231112233441223354446635474663577776655877685588888
11112221133342133344255634425566642576684857768885777788
11111123414222344425534622653466665377677538777553888888
11222221113322145533314556634455663475768847776684778888
11122221122233113333455563445776664577768457766845888884
11112231441223544162354666235467623546773357777885588888
11122331122443155244315224335556443566667788686778888777
11122221133322133432516344557666445766845577684857778888
12222331242333124443314455561475556117588677778667888866
11112341122234122333455236645553664775566477786847788888
11222331122233111423564443356644755866477586687758888775
11112223311422331442233444453655555666677568688778888777
11111223333122344412235544423566646557766658877775888887
11122223111122333334235556447756664755686475888647778884
11112221313222133332453664445666644555678457777885778888
11222223144452311145231444553666655367868536788883777778
11111231445223144522344555234666523666657388877738888777
12222221133342113554411355467335546777544677766668888888
11234451223445122334511234456123375666677566887758888877
11223331223343122234415444461555566155777677778668888886
12222231111223114333344444536465555666755867777786788888
11223331122333112224315544445554647588667758866678886777
11122221314422131344253336445773648557766855766685778888
11122223311442311444235564423356667355677755866778888887
11112221112223444442354643335566637855563788856678887777
11111112233344523333452664445266647522667755877775888888
11122221313322133332414444445556666575686857768885777788
11111123444412334222233455523345555677777866678886667888
11222221344422133345513334451666645166675577777857888888
11111123442122354222635466663544766354778835777783558888
11122331111223455552344555234446723488677388867778866667
11111123331222344425233345526444755666675566887778888877
12222331142553114225361455536144453666477368887776888877
11111221222223144333344435534655555466677866777886778888
11111223331142353344255364225666442566674755877778888887
11112231441233544122355442336554237665777766588776688888
11112231411233542223354662335446677584467758866775588887
11222331122333411223341455564444556777556678777668888886
12222231124233511444351444335166773558667758886675888677
12222221123334511134456613345666344567888456777885577788
12222231223333111133455616445666644577764455788885777888
11112221333224133322413554446665544666555768887778888777
11111221314442534442253342265533366557666857768887777888
11112221314442135454233545423655572367777736668786688888
11112223314452311445233664523664452376655577768887778888
11222223111122331455533444563374556777465678846667788888
12223331222233111133451666445556644575664457888887777788
11111112222233442233544433554463655666665577888887777788
11122331122243152444315246635554633577466857776687788888
12222331224553112455314444531146653666675386877778888877
11111231442223145233344522334655788465578866577786667788
12223441222344121334511134456633755677777566788856688885
12223331112233411123344442567774456788855678855667788566
11111234112223442252345555534666533467777346778786688888
11222221113224133334415533445567844566788856678885667777
11112221122232413333543365554666557466885746887774488877
11222331442223114255311444536664753667775367778556888888
11111123144422344542233554263355526375666677778687788888
11111112223333422355342235664445566477566847756887778888
12222331222433111143351674435567444556777855687786668888
11111121333322334452234445226644557665557786668778888877
12223331242233114423311544446157778665777866557886655888
11222331122333122443511664356664445667477588777758888855
12222331124223114444311453336545788655577866577786667888
12333331223453122245512444561774456117755677788668888866
11222234112223441133345163374556677455566745886678888877
11222221324442133345513634451763645176668577776857888885
11111123144552334452233455223445562366666786777778888887
12333331222233111425516442551644445666788567777856778888
11111223131422333342255364425556644556666477788887777888
12223331142233144423314442551165555666677566887778888877
11112221113222443333243356664445666774588675555887777888
11122223311222333114435544443655574668857766685776888877
11112331222223112333344456667445666774565877455587788888
11111223331122344442233546627354666775488675555867778888
11233331122223411252341555534465758466677846777784668888
11111112223444233344526333452666645267655577777758888888
11111221132222333444233445556364475666887568888756877775
11222223112244311555436175543677754367775436888843666888
12333341233344122554412225441675555167778816777886666888
11122221311245133224566344456734455673385867778586677888
12222231144223114433315643731564477556677755666785888888
11122221133442113445233344526634555666777567778756888888
11112331444223145422314542236657773665557366857776888888
11112223112244331522433555546367544636754866678887777888
11122223112242311554433554446355547638888763687876668777
