11111123441422344442235552263575666357568633788867777888
12222331422233144433311145551664475667777566788756888885
11112231441223142225364445536477533667855366788586777888
12222221111112334444433334456663755686775568887756888775
11222231222333111133455544345667444567777856778885666888
12222231214233111443355144435566643578666657888885777778
11222231222333114443315454631545466755566677778687788888
11111223314122333442253346275554677584467758886675888667
11222221123234511333455163345566664755766477777848888884
11112223131242333124233554445555544666666768888878877777
12222231212433111144354444335555536775888677886867778666
11112223411252344155234555523446667384667738886673888777
12222231112233141155344555334466553446788866677886777788
11223441123334122354412335441265557666855766887776888877
12223331222333111244351144445555664577666857776687788888
11122223111244313224433344456635555666758567678887777888
11122223122244311544431555463777546378755637876663888886
11112334122233412253341425354445555677777766666786888888
11111221313442333342256344425666472566677755588775888887
11112331451233445122345522234455563477776677888667888866
11122334112223415522341566334455663447586677758867778888
11222221112333411233544463554446355777665876668587778888
11122221311242133524433555443356664775666477586887778888
12222221333244111334451134465553466775566677758687788888
11233441222334112234415233441555666755588677778867788866
11122223311122435166243566674356677435577743855874488888
11223331442235114423514422351647735666678567777856888885
11111123332212344422233455553445556774666677768687788888
11233331223344112234411522445556647566667756888775888877
11111221333322134445233444526647752866675586867558888777
11222221334442113434211333445666667556887755688875588777
11122221112332415333245536364456666475888647557884777788
11111123133322333222456772745677774566884456668845558884
11223331122223411152344445536644753668875566887756888777
11112221113332443355246635524463652746665574788887777888
12222221342445134444513333551136557616657766688878888777
11122221132223113333344445554464577886655788665778886677
11222221333232114333514466651444665774665577777558888888
11122221112323415233345533664455666475566847777884778888
11223441223344123344412356661235556175556677777867888888
11111221344422134442233554623555666337556688777768888877
11111123313322433352644555264455526748882674778867778866
12222231444233114423351146635514663577786657788685577888
11222221113224113344455534445533366755666877786687778888
11111123414452344455234355523335622777762677866667888888
11223341112234112223455533346555574688887468887746666777
11233331222233142255314555661456666145776744477778888888
12223331224443112243311544361555466557566677777867888888
12233331223334112255411625441765584776558476668847776888
11223341112344511233455523445522346577766677786867888886
11112223111222334445233464557336455766645577668887778888
11112221331242153324455632445663374567777456887785668888
11111123312222333332244556664775686477558644755864778888
11112231112233442255364255336445537664857766488876888777
11222331222233144453314465531476658147655877765887766888
11122223111222313444533344553664455667788567777856678888
11222231224233144433314445531666577168555766885776888877
11222221111322441333344443354655555766666577788687778888
12222331222443115543315554361575436177746677884667888886
11112223114422331442253364445366667536677755577785888888
11112221131222433325544365554336675466677546877774888888
11223441122344122234411533645553367555666788667778888877
11112221331244133222455333445667448566778856677785567888
11112331142233144422354422335546666555776657778867788888
11111121222222344555633444567344556733885673888667777886
12234441123334112235416233541627554667755867788586677888
11123331222223111244355444435556743566677756667778888888
12222221113424153344415334461533776558877655887668887766
11222231224433124455311445536147583666758367775886677888
11111223141225344422536444253666755367775536887773688888
11112221122233412533644453367445366745556677775687888888
12222231122443144443311543331555566788855677888667777866
11112221113224333322456633445566664556774485587778888877
11222234111233441123344562374456637855566785586678888777
12222221333342113334415666641566764155874455587778888877
11223331122333122444311244556664475677777568878556688885
11122221112223144443344543335555663557866677788667778888
11122223111442331442233554667354466735566677558887778888
11223331122433152244315266431566644557667458777775888888
12222331242533124453311455531446655147766677776687888888
12222221333425111344561334456173445677885566778856677888
11111231222223142433354443365574666557488657788865777886
11111223451122345522234566663455566344788633477887777888
12222341223334123334411556441155664775666875588687777888
11122331122223145552314545334444553677888866777886666778
11111112333333244444322546462556666255776725577778888888
11111121333322445532244453264775326475566677858667788888
11112331114233554422355442235664273568487756888776668877
12222221133324513333451167745516774555677486666748888884
12222221133332113334415444441566677556877756688875568887
11111121322222334442453664445336677553666758888875588777
12222221211333111435364445536674453667455867788586777888
11122331222333112433561244556744558677445867777586668888
12223331223333124455512455661145566714466877748687778888
11222221133242111334456773345667734566778455667845588888
11122231142233514233651423365444666547777655877765888888
12223331223343112244315554441156477555667788666678888877
11111221333122433332244556264455666447556877785687778888
11222331222333111233415444445566674556777756687785688888
11111112222223244444354666435566633555763857778387778888
11222231142423144442311455336667533667755566788587778888
11111223444112345522234455523646557366667736888873888777
11122331144223144442315466235566623555667358887778888777
11233341223344112234411223445566677566877755688775568888
11111221344222134552233455553644457368887736888876666777
11112221331222443125546333354666555466675847777784788888
11233331222223114243311444456674555677885566778586677888
11111121322222432355643335664473586447758647755867788886
11223331112433151243355524445652244567777766887786668888
11123334122553412555341225334126566477666647777784888888
11122221113442155342255534446553477666333786667778888887
11111223311442335542263554226335444665578867777786678888
11111221134222333444233444523655555766666577778687788888
11111223134125333422536442253644455766665576788887777888
11222221133322411333341556664455666445557684777778888887
11112331412233142255364225336444555647777566677786888888
11123331142233144222314445236747555677777568888556666888
11122231122223114555344455534665733466773746667778888888
11112221311222334442533344453666745666775568777758888885
12222231112333411233344155554455666447566877766887778888
11223331122344112333415226645566674588867458886745587777
12222221333324113334411555441556744855677788666778888667
11122221112334551223456677345677334566734456677845888888
11122231114223414422344455535555333666777766678876888887
11111221333322144352244335264777566475556647885667788888
11112223312224311244435444663577766355777635887865588886
11112221314442331444233345523666552666655577777887788888
11112231412223142233354433665444667555667758568778888877
12223331123334112443411224445566777566666755557778888888
11122231112333412253344425536644455677855866788886677778
11111221332222134445233334556666475886447586677758888775
11112223311122433566243555624355566437788644778864777888
11223331122233411225341555534446655774466677788867788886
11112221112232453333245366364555666457776845788884477788
12223331112333142225314455551467755446778846678886667788
11111221133332444553264553326475582647758264778886667788
11122221132244113255463333546677354667885466785547778888
11112231444223144222315466735546673555567388866738888777
11122331442223144252314445331555563758866677788867778866
11112221334422133345216634526663455776645577784857788888
11222334121233411122345555634457663485776648577768888876
12222231111223415533341556334755666477566847777684488888
11111123333312334444255544425657822566788256778886667778
11111121332222432255543336574436657446655746687778888887
11222231122233411153344665334667588466755846775884777588
11233341222334122334411255641755664777556477758668888886
11111221322222133333455364445666444566677758887775588887
12222221111332114443355464435546663755686377568887777888
11122221334225113425513344456637745663774567778856688888
12223341255334122533412553441155647166664766888878887777
11111112223444233334422553446265357666555788667778888877
12222221133442111344413334556377455677885566778856667888
11223441112334551223465123346572374657777465578886668888
11222223111112333444233344456667455677755867755886678888
11112223111222333344233554667554466775844675588867778886
11222221123324111533455553346655734666677488867748888774
12222221132344113334561373456177445688774566887756688855
11111112222223244433355466335746683574468857776885577688
12222221113332411553344153364455566447588677788867778866
11112221331422133444233544426355777655578865677886667888
11111123331222344444235454223555566357886677778867788866
11111121222222333334435534445556664577688457666887777888
12222331224233114444315546431566663157768855776885777888
12222331123333412255341155554165777446688744688876668877
11111112222333224233344445534466555666557766888878887777
12222331112233111233455556345666644567774456887748888877
11122234412223441123345163334556677458867755586678888677
11222221123334112533415556345557634877766487877648888664
11233331222223124553311455561445566744466678888867777788
11222234121523411152344665334665537446653788685778888777
12333441223344123354412225641555566117566677788687778888
11122331111223455222344553336445777664578766458876688887
11111223331122343332244445526664577686457788665578888577
11122331422335142233514266351466675448867548886758877775
11111121333322334434255644425564772566667256887775888887
11112221331244333124455332446555247666577768658876888877
12222231224553114453314445531466553166788366677887777888
11122331111223455222345553334565677466667744886774888887
11122221322244133333415566341556444556667785688778888777
11111121322222334244433444556377775637888567788556666885
12222221132444113334411335456663545666655577777887788888
12222331222433111143315554367754446775546677758868888866
12222221111132144433344443335566666555667755888878887777
12222331212233111333415555446654447665547768887776688887
11111234112223444222345467734566673555667358586738888877
11222221113332411333245666374568887456688745568874455777
12223331223344122533415554441115466788556677888867777866
12233441223444112334412233551655557165877766888876668877
11122331112233414233344422556744885677788567778856666855
12222221111332143333514635554465557466777746888774668888
11222221333442133344211535441655574666657768685778888877
11233341122334122234411253446665554655577767777886688888
12333331222435112443512244551144655788866578788667777866
11222331124443122454312445331665537668857768885776688577
11122221112232144433344445535555563777766378878667888866
11111223112224333324433552445555446577777688776668888866
11112221113332433353246665224665555466758844778884777788
11111112222333422555344255534466533476688847766687777888
11112231122223142333344435554647885467788566778856667785
11222221112233141533364555536444453667745866788886777788
11122221133332133444215345426555547666574766687778888887
11122223122444312445531144553367555336777766678876688888
11223341222334112234411533446655547655587766888776688877
11222223111242333144533314556664475886477588666758887775
11233331222233111244355124445556474586667758666778888877
12222331224333112433514445551464657166665786887578888777
11233331222243111224351674435667444556777855678785668888
11222221111232441553344665534465533466577386688778888777
11222231122423111443354446375664637556663758888875588777
11122223112422311444533644453665555366777536688778888877
11111223311422334442253444265337776588777655876665588886
11112223112242331244435554443655557366877736887876668887
11112331122223144233344425536445557668855766888876687777
11111123341222344422234445553366555366665786887778888777
12333331222334112224415544441155677855566788666678888777
11122223112224331155436555543654444366677736867778888887
11222221333242133334411155446665544655577766888876888777
11222341122334152336415237641553764558876458887648877766
12222221234455113444561344556133355617838866788886677777
11222221113322141333344553664455556447775688877768888766
12222221333324111344455136445513674558667785866678888777
11111223411225344222534455553345677834667783886678886677
11222221111332441333244536374555667455867745886678888677
11112221331122443332244335554666575446877566687758888877
11122221312244131244433355443366577866655786655778888877
11123334112333412223541266654426555476658847675887777888
11112331222243125554312657436665743886574386657448888777
12222221113324115534461553346553344657774866777886678888
11222221122333144443314546331554666775586677558687778888
11122223311122333414253344465777466577846657788665558888
11122223144522314452531645553164475336667736687778888887
12222231112423144443315543331554667556667785668778888877
11112221334422133342213354446555774656557766668778888887
11222221333342113444211355446637545666755566877778888887
12233331244333124444512455551225665177886617778667788886
11122223311122331452563445556334455664477867777886678888
11222223112442351114435564473556477358666735866773888887
12223331242333124255311465551146655744666674888887777788
11112221331122334442235564443356664555667758886778888777
11111112223334255563422756342775634778563477856648888864
11112221333222114355244433554666375468667546887758888777
11222221112233114333344445634774566877756688875668887555
12222221333332143535514455561445666174488617778867778886
11233331123445112334561224456224455666675586887778888777
12233331122233111224315444445566664557766655877778888887
11222331122333111223345555564445666447568674778867778888
11112231414233144423354642335562277566777756687885568888
11122223112224315444431555443666555377666837777683788888
11222221111322444133345443637554366775866677588687755888
11123331122223122433314444445567777566767755666885588888
11222231114223114442355464435776633557688357766885776888
11222221322334133334411554461554476855577688877768887666
11122231112443122244355554335565443666677386677778888887
11222221111223445155344555334456633747688377768887766688
11112221122232143333344444354667755866677586867758888755
11112221112223445233345555334665573466677748668774888887
12222221112333411555341675534667753466775346687784488888
11111221333322133322456666245577664588776455887745888744
11111221333222133324255344445666674555667488567778888877
11111221134422333455233445226344577666557768885776688887
11222223111124335512433555546377854637784467778486666888
11222231112223144433314445336455555666677566888778888777
11112221312222133333453554445556444566667788866778888777
12233331223344112235411255546175554677774466887786668888
12222341252334125333411536641756644175566477756887788888
11111221332222133444233354445555664557886677788867778866
11112221311224333224433555443556744858677785867778886666
11112221134422513446255334625334466537778657778865788886
11122331112334122234452663345666644557868455788885777778
12222331442553144255311425637145563714666377777668888888
11111121333322334222534444256666445677785567888856777885
11112221133244513322455532445633644566666757777778888888
11111223331122343355244435224647555664777566877786688888
11123334112353411235342222554666655467767546777784888888
12233331122233411122345516664555667455766748877774488888
11222221133322133445513345551644557666447766777786888888
11111123132222333245536624453766645877664587777458888845
11122221333224135324413534441555564775766677776668888888
12222221123333114536314456631455566445756648777778888887
11122221132224113334455363645576364577666457777845888888
11222221324424133444413355671335667155567785886678888677
11122331442333142225314442531465555666775867777786688888
11223331112233144523614452364475266477555677858867788886
11222231223333123344411155446777544667855566788586677888
12234451233445122364512336451236645177666517888857777888
11111123344122534442253664425366772533667755586778888887
11111223112222333344253344445554666575568677778867788886
12222231111223114333344435564745566774756687775568888886
12222231123333142355514435651444465177776577876668888886
11111123122222334455234466553446655334766577777687888888
11111123441222334425263442556345555637778863777886667888
12222331424223144433314553661456667115686755588778888777
11123331222333122234514444451466555766665876778587778888
12233341222344112233411155345555644775668877768887766688
11122331142333154223315426665542676544867654887775888877
11222221113223114333344455364744556777555687776668888886
11233331124433122244315224441566788556778856667785567788
11111112223344222333425553647755364775666477586647888888
12222221334255133444511344551633455167777766668876888887
11112331142223514223354423365444766587776658877765588886
11111123122222333244435334667555446755584678888867777866
12223331112433112243351244445666664567776755587775888888
11122221113322414333244445336467555666775568777756888888
12223331112333144225311425564444576885557688777768887666
11111123122222333324453534465557446557784677788867888666
11111112223444233344523366452366645276768577778857888855
11112221132222143355544335554336675466687746688774888877
11112223131422333142233554445556447855666788667678888777
12222221333244133335411155546615574666577466888748888777
11111231444123444222355452236555333677577866777886668888
12222221133332411133344415667444566777756677555568888888
12222221332334153334415566441155644715866677588867777888
11112223111322333332455555245566664766764477774487888888
11111112223333244536322456632445566445556677777778888888
11112221344552134555213455623344462377766637886687778888
12233331223334122244415555441566664156777715668878888877
11112221113342333334256666425566442556744755877778888887
11111234122223412233344566337456666745586874758887775588
11111112333334222334425255642555564777776478887648888666
11112331222233124533312455664444566774556677758867788888
11122221314442135554213655423365447366577736877786688888
11112223111222333324536344456674445867777586667758888855
11111123331222344422234455553445556377776677866667888888
11111121333322435362245536224555666444576788487678888777
11222221112324153333415536347556664755686477788647788884
11222231124223511443355144335544636576666657788887777888
11122221222333111435344445534655553466777866678886777888
11222231444233155422311543331554466775586677788867788866
11111121333222334322234455567745556774566674486867788888
11112341222234152333415263345566444556667758688778888777
11112221344422133445213344526633557688855768885776668777
11111123344122334452234455263455526377588677788867788666
11111123331222443333244455524666652467785566788587777888
12222331244223114533311455351644555666477786668778888877
11111123145222344522234455553344657833666788866778886777
12222221234555133455513344451334647188666718666778888777
11223334112223441252344115637445563775566677856867788888
11222221111233414423344445336666553677755567877586788888
11122221333232111333244455554465578466577846777786668888
11122234112223411233344445334665555667588867757886677788
11122221133322113432566443356444475688777568877756688855
11112331122223415223345555334455677448667748866678888677
11122221311142335544235555423666544367666437778887778888
11111123144442333444235552223555662357776677776668888888
11122231122323411233345555364455766844576684887768887776
11111112222233224555344453334445553666677768677876888887
12233341123344122233411124445666667588686755888775558777
11111223312224331524436652443655544367557766777786888888
11112223331112443355243355224555666477788647778664788886
11112221311224533322453633445566774566777456687745888888
11122221112223441333344335554666565447666577777758888888
11112231122223415552345556334456633447766648877768888877
11112221312222133333344444556666455676848567788857777885
11111121333222334332564444256647425866775586687758888775
12222221323444133345411334567115456777555678788667888866
11122331112334512233455523645552664777766478788647888864
11111221133322453322245336664557776455576644777684888888
12222221333332111113344566774556667455566748857774488888
12222221233333111345366114556666455777644577774458888888
11122221133222114335644433564473556477558677858867788866
11111221333322134332566442256644445667555567777778888888
11122223311112333442255334467554466775488677558667788886
11112223312224331255463155546336544666654788877478888777
11122231222423154444315554331555463777776378886667888866
11123331112443551224356224435626743566674755677778888888
11222221112323441133354443365574466557866657788865777888
11223331222343112244315554431555544677777766687886668888
11111221133322333444235544625555462577746677778668888886
12333341222334155234415524441552667156666718677778888887
11122223142255314255531444453167485336788863677886667778
12222331222333111144355144436554477655577768888776666888
11112221133222143555244355556433377644887764888776666887
11233331122243112224315544435564477556666758886678888777
11112223311244531622453366245533664577766457778845788888
11111123444412344452233665227365552736685573668887777888
12222231142233514333351446665114446557886655788867777788
12222221134452133455513344451334655166667766887778888877
12223331222333112443514445551445556177766677778868888866
11111223331142353344235666425556642556674288887478887777
11111231142223444522345556234565663456663377777787888888
12333441223444123355412366541226657116655788685778888777
11122231222333144233315466661544466557848655788885777778
11222331142533114255314425534442553666667768888876887777
12223441253344125344412533361256666115576688857778888777
11111123334122353444235544423556622755666877668887777888
11111121344442333442235346723556672885567288556778886677
12223331223343122444311145551664577668457766885576888877
11111231441223442222354463335546637555666758888678887777
11112234122223411233345553664775366477556647885684778888
11112223114222313442433354446365555666785566778887777888
11223331112433515244351522435552644778866477788667788866
12222341112334151233455123445556344577666677776687888888
12223331222343111234311554465554466557466688777768888877
11222221322445133644513364551136445773666577776857888888
11234451223345122344512236451733645176666577788657788888
11122221133224115324455533345556344666666477778887778888
11122221314222131444453446665376686537768853377885557788
11123331222333122444315244661554466755586677588687777888
12333441222344112234511123456666345677785566788857778885
11122223122244311444431546663557766357776635577883588888
11112221122232414553344445367477536777553678885368888666
11222223111112333334255553446665544677858467788846677788
12222231224433111444355114335555436757776677788668888866
11111221334442135542233544423556662355666788888678877777
11111223114442333334255367425666742566774256877785588888
11111121322222332444563333456678445667848567788856777855
12222231112243551114356644435764643576663357777785888888
12223331212234111233451553445555644777664876666887778888
11233331122334512263451126445552644557766477776687888888
11122234111123444552344552234556663757886377778637888866
11111223412222341552634555563444576347777637788663888886
11123331122233411522344556234556666455786647778884777888
12222341123334112344415233461557646557766655786887778888
11222331122223114333351446665547776554477658848765888876
11122223111224315552435544443556674338667738886778886677
12222221111233144153644555364475536847533687777768888866
11122231411223144422355444335566633577766855766887778888
11222221342525134455513444651334665137776683887668888777
12222221133442113344511634556663455667345567777887788888
11222341112334122233415633445566744566677756887875588887
12222231224333144433314445551167555166775766667778888888
11122223411112344555234556523475668347766834776683778888
11233341223534122553411225341667554666758466778847778888
11122223311222331144435564743556474355677788566678888867
12223331112233411122344445534465555666757768877776688888
12222231245233144553311445531664453167775866678886777888
11112221122232413333344555534444657866665786886578887777
11222221111122334444433456463555666377568637758887775888
12222231122333411135544413354644775667775566787856688888
11111221122223444233344443356777355668775566877556688888
11122331112234516623455622345666634577773455777448888888
12222331223333112443561144756614475668847568877756888755
12233331122234111253466125346755584675588467778846677884
11111223312224331225463355546635554667777468878746888874
11222341223334112253416665341666534765555477777748888888
12222221113332133334415555441566664557666477777748888888
11122231222233111433544446357744635777668576668857888855
12222331123334112533415254441555644777566677786667888888
11111231422223144253344425534677553667558366778886677888
12222221111132444413344553334655377665557766688876888877
11122221112234516623457633345766334577664455777845888888
11223331112334112233452244445554666775556677777668888888
11122331122453122445312445536674553677458366788886677788
11223331122443111243356224375666447555664788556778888877
12222221123333411536341155634477566477756647875564888888
12233341122334122253411655341666554667685477778547788888
12222231111123414552344455536445533677777367678886668888
11233334122233411122344412556447775666675568677758888885
12222231111123451552345553334445637484666788666778888777
11222221113223413333341566664556776445777644555778888888
11111221334442133442253334225555466755888677888667777866
11111221344125333422534444253366625777666577888657788885
11122223314425311422531444553336455666667568877778888877
12223331212233111123344455564745666474555677778867888886
11112231222223143333314556664475586477588647558864777886
11122221113324133322455533645566664755664477777748888888
11112221113322333322455636645666644577788455778445778888
11222331224335112443511243356444775688877568888756666775
11112221113332443353264355226444555647788566678886777788
11111223131442333444233554426555572666857266688778888777
11223331123343122444312546441255666755886675588867777788
11122231122333122334315554445556447865664786667778888877
12233331423253142225314555561456666144676714877778888887
11112223111422355442635554263754446375766637777863888888
11111123441522334552234455523446652336667786688778888777
11122221311244133225463333546555554667788467788846677788
12222221233344113354411335546155544665777768887876668887
11122345122334511223451623345566734556877466688748888777
11112223411255341222534465553446665347686633778887777888
11112331112223444422355446235547633588766655877668888777
11111221333322143433254446225546666574667857777785588888
12222231223333111134455513467555446757446677786667888888
12222331444223111423355144635516463577666855768887777888
12222231124253144455311444531665553766688377768837776888
11111221333122333222455344446544777655557766666778888888
11111223441122344422234546663355556737885673788567778886
11122231122223114555344455534645733468877366887776668887
11112223111242335524233355446355544666664788677778888877
11222223111442315444231556443557666357768635776883778888
11111123331222433322544632554466655466675548777778888887
11122221111332333334255555425644444566677766868778888877
11111221344122335422235544443655578366657836777786678888
11222234125233412533341556634155566417788644788867777886
11111221314422334442235644263566666355777735557778888888
11111223331122433222543366654666655477777547878554488888
11111231122223442533344253364445766855576685887768887776
11122221313242133344215344445536666555786657778687778888
11222221111332143333254443665477776544776655887865588886
12222221111323141433344445336774558677558867775886666588
12222331112243511244351444335677437566777756668885568888
11111223113222333342235554445566774855667486667748888877
11223334122353412235341125554166655477666847776884778888
12223331223333122455511644758166475816447588664758886777
11112231122233412233344553567445556744885677786667788886
11122331222223111443354443365544666577776657877865588888
11111121344422334344253334625555562577886277788667788866
11112223312242331144235544443355677555666788866678888777
11112221314222133424455344465733866577386655778665778888
11222221113322144333315443665544466557786657788685777888
12333331222233111422411544445555546775666677668887778888
12222331112223141433314443567448856788855678855567777666
11111123333212343222244355664445556747856677785667788888
11122221122233415553341465534446573864657386667778888877
11112223114225331425533442553344456778665677886667778888
11112345511234551223455223346523374688877466888746668777
11111112233344233444423566472356677255666725888775588887
11111223112222344442533445553364555366666786888778887777
11112331412233441223344425536642577666657788865778888557
11111121344422334444233355226635552666775588667778888877
11123331122443112224356244435666743565677755567778888888
12233331122344111233415226645556644555677488866778888777
11122221133332113443255546327554666755444677778667888888
11222223111242311444536647553644775366775536887753688888
11111123444122334442235546223555677355667736667778888888
11122221133332113343255544625444466578886657788865777786
11112223112244331224433335445555564788856677888867777666
11112223112244331522435555543677544366777436688776688888
12222231144523111452314445536647553667775366677738888888
11111112222233422533344455334647558467755866677886677888
11222221111123444452346645534655573665877366888738887773
12222231244433124433516643351764555176685517768887776888
11123331122334511233456224445662447567777756688785568888
11222223111112333444233344445555677558867758886678866677
11122223314252331425536144573614557364457766667778888888
12223331222243111114355664435564473566647755688778888877
11122221122332114443354443365477636577766655778685588888
11122221312422133344516634556633445678884567888856777775
11122221113224133342433354446555547656857766688776888877
12222331222333114533611455661445556744856677488687777888
11122231114233514422355442635574463577866357786667788888
11112221112232445533244453664755336477538677758867888866
11112221131244533624453662245336774536667455888775888877
11111121333422334444253344625566662566777255877775888888
11111121344422333542233554423655542667758867777786668888
11123331112333144222344422554466655777666578778657888885
12233331122234111233451626745666674567777458887445558888
11222231112233114233544443356474755667777566788556688888
11122331111223444225344442536666553776665377777558888888
11122223111224315552435566643556444337666483777778888887
12223341222234115333411534446155477665888765588776668877
11111112223333233344422555546265444666557767777786888888
12222221133244113333411553446557774655587468888776666887
11222231144253114225316445536644753667775367778536888888
11111123331442334445233454526665552666577268887728888777
11222221113322141433344444335556667556667758677775888888
11222331122223114433351443665544776555476688587668888777
11222223111122334415534444653374665377776577886658888865
12222221111112333444435554463557476355777638887668888766
11123334112233441223344122554465555666577768888876688777
11112223114552314445234466523346552733685876668887777788
11111112222223423333344435556647555644777566878776688888
11122223311112433333244444526645555665577786668778888877
12223331122234115233411556347775664778556478885647888664
11233331124333112445512224456662445677755566677778888888
11222221122334155534415553641573364877366487777648888866
11112223314225311442536644253367485366748566778857778885
11111223441122344455233445223335556777756677878668888866
12333331224433122544412255541666654177665817786587778888
11222221133244155323411533345556444576666677777867888888
11111223314122534444253334225366477555667758666778888887
12222331112333144255311424536644455667775867778586678888
12222231122333114334351444445166777556666758867775588888
11112221311242333334255553425666444556777488666778888877
11122221112223144433344453334665577866655788865778886577
11222221333322134335516444451647775164887566687756888875
11122221132244133244415333445536677588866755866775888677
11122331122233144422314444536666653766555577888857777888
11111221314222333442235344663577446557777655876665888888
12222221133324111344415533445563774556887756688776668887
11111123444122344442533333256777725666772568878856688855
11112221333244135524413652247365554736665477686887778888
12222231112233114443314454335545677855567788886678866677
11122231122423112444355544335554633756668877768887776688
12233331123433122444412256641775664175556677885567788888
11122221122233413333541663554446755486677548667758888877
11223331112233112223456777345677774566844455688485566888
11112231441223544123354442335566236577666655777778888888
12233331122233111223455144445556446757666675788687778888
12222341255334125553412553341116344666664788677778888877
11111112222333442555344225334655537466777746687876688888
11112334112223414222344453336455557668557768888776668877
12222221111332441133544333554465555466678866777786778888
12222221113234151333415563345576444557688477766887766888
11223334112233441255341122534665557466857746888876688777
11222331222334125336411536641555664775586477778647888884
11122221311222134444433455453366555737685877768887766688
11122221333324135332416555241656544666654477778887778888
11112334111223455523345522364572636457766644788687778888
11111112223334222355423335546677554667758467788846678884
11222331423333142553514225551444456177888677888867776666
11122231414223144423314542367755336755566677756867888888
12233341222334125234415553441156664175666677588887777888
12222331122234115533416533441657744665574766587776888888
11111231222223145523344655334466573846657784665778888877
11122221312422131444433335446366555666785576778587778888
12222331112223114533361455356744555677444867777886668888
11122223312425311245531444553644557366877736688776688887
12222231124333112433351144445555546577777688887768886666
11222331223333112344415244461574866557786655788665777888
11222231124433122433311444435566666578886657778885557778
12222331442533114253311425361445566745588678888867777766
11123331112233412223344526664455776445576685587768888877
12222221113323114533341455354444555666666788687778888777
11222223111422313144433355443555564777756677876668888886
11112221122232144443354664735456773555667358886738888677
11111221344122334422233455553346665774666577888657778888
11233331223444112334412255641728564778856677785667888556
12233441122334512334451223445116666577766857776885578888
11122331142333144225314422536447555667758867775886667888
11111123134442333444255334225677782566678256677885567888
12223441552334152234415523441155336717766677778668888886
11112331222233114233344425556477555644775866777886668888
11122231222333142335514436651746665774866574488857778885
11111221344442133334253364425666672568887256888775558777
11222221111232144443564443356633355666755588677778888877
11122221314442134442213455556333555637777866677786688888
11111221333322133222453444445554677556666785686778888877
11222221112332114443354433365447766577777655888865588866
11111121333322443335264455526645772644587266658778888877
11122334112533412255341225634755563477666647888864777888
11122221111222334445536645553664457386645738687773888877
11111112223333244553324555532444657288466788866778866777
11111112222334225663452563345556344756634877688487777888
11111112333333223444562224456662445766688577788557778885
11222221133322113445513334556664445677475566777786888888
11222223112244311144533364453776545378655577866667788888
11111121333322445333245566224577628457668845766884577788
11112221134442133342253644425366667536777755688775588888
11223334122223411152346155334665555466777744668778888887
11222221332234113333411444445555666575576677777668888888
11111112233333425553342555664257666428776642877774488888
11233331122334112234412244445667778556777856668785556888
11111121334222333422534445253645555664777766878776688888
11123331442233114223514422354467755666677568677758888885
11233331222233124423411144445567777556888756668875566887
11122221133442133444213334425667778556777856667885556888
11222231222443111543315554365575436777443688777668888866
11122231111233444522344552334465573666557768888876688777
11111221133332455353244555324666562447666248777778888887
12333341233444122345412265541266555166657718687778888877
11122221113242551334256334445637448563777856677785668888
11122223311422355142433514443355646755766677778667888888
12222231124333152433615744361577446158746655877765888886
11222231442233114243311444335555566755666877776687788888
11112223122245311244536644453364555366657738677778888887
11122221312442131244453334675386467538666755868775588877
11112234111223455562345556234566623477667344777738888888
11122221112234515233455566347566334757663477786447888888
12233331122344122233415556641555564176666477777847888888
11112221332242113324453344445636677566677755868875588887
11233331123343512444451226445122667555667788586778888677
11111112233444223344523334452666675268777566887758888755
11222231222333114444315554431565543666577768688776888877
12233341233534123555412554441265647126667718668778888877
11122221312422134444413334556663355677785567778856678888
11111121334222533442253364725536477555644786666778888887
11112221134422133455233345526374455677748567677886668888
11123331222233114523314452674455667455867745886678888677
11111123142222344444233455623555666335577688777768888876
12222231224443144443315555331165537166857766888876688777
11233441123334122553416225341662544667755866778587778888
11111231444423145422364552236555273668577366887736888877
12222221132444113334413355541636554766655876688887777788
11111123332212333422234444456664755688875566887556887777
11122231222333114233314455556647575644757866477786688888
12222221112333114335361455536445757644875766487776688888
11222231224323115433316543771654477665547765584876688888
11122221312224134444413333345666667556887755688875588777
11222221324444132434413333551666665176685577778557788888
11112221133332413322244435554666577468555746887776688887
11222221133244153324415336441536674556667758677775888888
11122221313322133334215566445556664577764457786487788888
11111223411222344444233555426375555637777863677886668888
11111221133222445332245553334555677466667744668878888877
11112221333322133344215554425555444677777866687786668888
11111123333312334442255464425576642577666257788685778888
11112223131422333142233444456667545667755567778856788888
11122223314242311444233154463775566375566677855687788888
11112221133244513322453366245376444577666857778685578888
11112221222234113333455336445666664557864455788887777788
11222231124223154443315546631754633775466677556887788888
11112223112244331244435525643755564375766637777668888888
11222231124423511442351647735664473556667385568738888877
11111223333112334442253544265554426557788677788867788666
11111223114225334422534462553466657348865738866578887777
11111223334112344422233445256347555667788566788856677788
11222223112424311444433155453665555366777736887876688887
11223331123344122354612235461785546778554677858467788866
11112221132242513324456333445663774556887456687775688887
11122223144442311444231555523333655777665877666887768888
11111112333334232535422255542655774668877466887746688874
11122231222233114433315444635557466557746658777768888886
11112221133242513324255333446555744657778466777886668888
12222231224433155443315544431556663115776688887768887776
11112221131222443355244435554463355776366877666887778888
11222221113422133344413544453355555666666788677778888877
11112221113222443333244555336444555677778566678886677888
11111223144225314422534442553666665333766577777758888888
11222221112332411333344536664457776445557688585768888776
11122221112333145233344526634456666445777655588778888877
12222221134244133444411333561777356778755678855568888666
11122231411253641225364425536644533674558367888886777778
12222221113332114335641473564447356884755688875568877766
11122221113224133332453444445366777566777855666785588888
11122231112333122234355444435554466755766677777668888888
11122331222433155243311524345555444677777866788786666888
11122221112323144233354446635574663577466657788885577888
11111123334122355444235542223554466357777688887668887766
12223331112334111253465225346555574666877468687448888777
11122223311224333112455336645776684577688455768845776884
11222331124233144422314445331655555666577768677876888887
11223331222333112244351166475586447588664758866475588777
12222231444223144333311455531146657866655788667578888777
11111112223444252346475234647523368755366875536687778888
12222221334442113444411335551336755666677586688758888777
11111221333322144333244455226644577666555768888576888777
11112221134442133445233445523555562366666788886778887777
11112231114233554422355422335544673588467788866678866777
11111223141442334442233455623755562375566677888867778886
11222331122333411253546125354667555446777846677784688888
11111112333333224435522444452647775266778566877856688885
11122221133332114335244435526644455667775567787786688888
11222221133322411533645153364555666444566784887778888777
11111121333322333444255446625574862557486275788667778886
11112334111223444422345452236555533666577766888776888877
11122221112223144333354463365446666545677755588878888777
11112223122242315554431655543667754336677438866748888877
11222231111223441552344445336465533666577766857778888887
11112221312224133244453334665355446555788677778867788866
11222331124553112445312245536644533666457768688778888777
12222231112433115244315544436655543666577366777778888888
11111112334444233445422336552236665277766577776858888885
11112221332242153334215533446577744655777466588786668888
12223331122334112234451663445166774556687455688775888877
11222221133332113443251364445556664556676458777778888887
11112221112222333344435666443555664355766475778887778888
12222221111332411533345556634557663445776647777864888888
11111123314222333422235444443566666555786875578687777888
11122221113242331344253334445666664577668857777785558888
12333331233444122244412254671555667115866785586678888777
11222331223333112344411255546665554677758466778846778888
11122331122333122245314444534466655766665577777587888888
12233331222333144224511444451166665777766578876557888885
12233331222343112234411155446555744657778865677786668888
11122223114442331444233154623355566777756678775568888886
11122221312422133344415336445537664557776658887765888876
11111112333333243444524446552666665227786527778557788888
11122221333322111433255546375554667544467788486778888667
11123334112233451222345166234577668455766845778684577888
12222231123323411133344155664445566475556677777768888888
12233331123243112224311444445555677588667755886778886667
11112221113322433332243555554445665447886677788667778886
11112331444223145523314552634452263755866678888867777786
11122231415523141552344552234456633746663877668887777888
11222331122433112243315444435554666577768657888865777886
11122221111232455533244453367455336745886674888867777866
11112334112223441223344442335555666557568677776867788888
11122223144222311444533144553665555366777736878876688887
11122223111422314445234454553335556773666677768867788888
11122223311422311444233554663355446755866675888867777788
11111223333112433322244452564455556477765677886667788888
12222231124323114433311445356664555677488566777856778888
11222221123332145363314536671455677445667748556874888887
11112223112244315522433354443555546377888677786867788666
11122221132232113333344455556477775644785564778886666888
12222221133332113443514444351467755666875566887756888877
11122221113442133334233554426655547666854786685778888777
11111123144422333422233344425667777566678755566875588888
11111123331222433552246355524636657466675744477778888888
11111123414422344442233555523356572635677766667878888887
11112223451222345116234557663445776344557633877768888886
11122221112342153234655333467534446755548677788867788866
11222331122333112243516444357664445766665577777858888885
11122223312244311124533344453678845667785567778556667888
11112221311322433333245555524466557446666748687778888877
11111121322222334444233455456345555636677766687778888887
11111223331122334422563342556774445667748567788856678885
12333331244553122456312245661244566114755677778867788888
11122231122333122433315444665577446557884657778865788866
11122221112232413333344443556647885664788567778556677885
11222221123323111433344444435566677555666785568778888877
12222331145233144526314452631445563175566677777687888888
11122221312244531624453164475336647553366755886778888877
11111221333422133444233444225555677555866788886778866677
11122221311244133224533444453677755366775566687756888888
11122221111232333333244445554664475668877568887556688777
11122223112242311444435564743556677355566733886678888877
11222331223234112333411544446655554665758866677887777888
11123331142233144423314542267455266777556677558667888888
11122221222344133334411563347556644755666675588887777888
12222231244323111433351444435167778556778856667885566788
11112223112242331244533334456677445667775566687758888885
11122221113442133334253634425664477566677755687875588888
11112334111233444422355544235555223666667768688778888777
11122331222443152443315246631554463755886675778667778888
11233341122334111233452224445666774556777755666785888888
11233331222344122533415254441555564177666677788667788888
11122223312422331144433516443555664775556677778667888888
11223334122335411223541126354478665477866547786657788885
12222221113324551633455163745516374586637488667748888774
11111121333322453332245566224556666457768845777884477888
11111112233344223344425344662535666255567688857778888777
11223331112343112224355627435667744556677456677845888888
11123334112223412225341465534446653776665877765587788888
11111221133222333424235544463755446777556678858867788866
12222221111233444153366415536744453677555366788886777888
11222221123233411333544166354466655446777588687758888775
12233341222344111233451623445166664557776857777685588888
11223331422333144255314225661455566144756677778867788888
12222221333342134444513344551167555166777566668778888887
11122221112333144223344445536465553666665577778887778888
12222331122333112434351144445666477555666758888675888777
11122223411252344115234666553446557346675738867773888887
12223331122343111234415523445556647558674788867778886667
11111223114422344455234455223666577366855736887773688887
12222221111332114533344453634455666455577688877668888777
12223331122223415533341155664415766445577648888768887776
11122221322244133344513444651336665766655577788857778888
11122221113332413333244455526444557666557786667778888887
11122221113244133322455533345556664566674486777778888887
11112221131242333554235554423355444667777766666778888888
11111223114222334442233455553446555377688877766887766688
11111223144142333444233355426555522657788866677886677788
11122331112223441233344425536455557646587766668778888877
11111112334455234455523345562374766237476622777668888888
11122223112442311244533334456367745666777588667758888855
12223331442335114233511422551446775884677586666758888677
12222221233333111334411566447556644755566475786887778888
12233331223334122554411255541155444666677788666778888877
11122221122333112443355544436554743655777766667786888888
11111221333332134322244455524666555466758846677887777888
11123341122344115233455522345567234656788466678886777788
11112223114422314422534445553677758366755833677786668888
12223341152234115223415533341555644777766478778668888866
12222231122443511144351664735666473556847358688735888777
11233441223334112233411225546666654667885477785557778888
11111234411223444422345522336655553667775366787776888888
11112221322245136424513644453366645377766537777858888885
11222234112223441133344133554465555666775768667778888887
11111223341225364127536422753647775364787536448556688888
12222221111123414555344455534666533476666377777837888888
11233334122223411522341156634555666444566788857778888777
12222231223333143355514444451647755166775816777886668888
12233341123334122234411244451675555667775566877786688888
11112221322245133244513644453366475388667588866758877775
11233331422223145223314555661447556144756688777768888876
11222221323245133334511134456677745666744566777858888885
11122231222333144233511444356445555666577788666778888877
12222231142253114455311455536644533667488366777886777888
11222331111223441223345553364755556477777648786664888886
11111123312222333322435444445555546577776688787768888666
11222234122553411253346155334616553466677744688878888777
12223331124433512243651244365174866517488657777865578886
12223341112334112234451523345555644566666788887678887777
11222221123332133343514444651744665776666577778558888885
11112221311222334424433344456377885667788567778556668855
11111121333422333344255444425555662775786277778668888866
11111112333445222345526334452663445267777566787756888888
11223334112233441222341155534445655777766587778668888866
11111112333334222234422553446665554667785466778587778888
11111112222233442233564447356647735664773586677558888885
11112223311242351624235564443356647385664788556778888777
11222223111124333312455534445553466577746688877768888766
11112223111442333334253644425666742555677755668778888887
11222223111142355144235544443355666335767687777768888886
11111221312222333444233345446674588667758866755586777588
11112223312242311524433555443556446357666688777768888877
11111223144422314445233334526367752666875566887758888775
12222221323344133344513444651776665117666577785557888888
11222223112442331114435664443556666335776785557778888887
12222231242333114433351446665114466555776655778887778888
11112223314422351142235554443555466377777637876668888886
11222231124223115444315554436557743665783366678886777888
11123345122344512333451226345126674556677458866778888877
11122334112233441122345556234555663457786647788667778888
11111223131222333442255334465777446555774685887668888766
11123331122223112233344556674556667455586748888674488777
11233331123334122225411255546677554666775466777848888884
11111121222222344555534446553346657384667738866773888877
11111221122222334444435546663554776335577638588768888776
11112231142223144223344555534666553466775366887778888877
11111112222223425553344565534456663744666377777837888888
12233331222233112444311444561745556777555678886667788886
11112221311422333344255334425555644776566877666887778888
11112221333332114353244455524555662446666788867778888777
12222221332345133334514444451116655666667588888758877777
11122331112223441233354423665444766588876658887675558777
11233331222334111223456162445666647588644758888775558777
11122221222344133333411344445667788556678856667785557788
11222334112333441225341126534776655477665547776658888888
12233331124533122455312244551164457666645768877776888887
12223331223334122354415555641785664178586417888647777866
11111221333442133542233654426665442676555867778587778888
11122221112322441333344566337455666745558674758867778888
11111223311442533342253344425554662775566677777868888886
11112221311422334442234455553647755367788536777886666888
11222221112323114433355433665547786544788654778865778866
12223441233344123533412555441255666177568817766887776888
11122234122223415333341566634155666455778645778884777888
12222231144223114455314455331645773665577366667778888888
11122331411223444152345455234555623777666377788667888886
12222221233333144343511444556114555677888566777886667788
11112234111223445526344522637456663745563377586887778888
12233341122334112233415267441566744556877756688875568887
12222221111112334444433455563745666375586637758867778888
11222331112443512224351444435556663755688377766887776888
11111223312222341255534444553346657384665788866778886777
12222221123334115533411555346556734666677486877748888874
11223331123333112444412245546274755667777566667558888888
11111112233334223533422254446655774666557486657778888887
11222221113322143333314455554455665466667748687778888877
11123331112233122223344555554466665447686547778687778888
12233441523334152234415223441566666156777615587778888887
11122221132452113345233334556664455677744566777786888888
12222331112333412233541665554166577466655748888874488777
11222221123324113334415633445566644556766758777775888888
12222231244333125444315546431156663715886675578687777888
11111112222223244433354463335546666574786657778885577888
11111221331222433332245366664555776485557648888764488777
11122221113224551332455336645573644577366477766847888888
11111223311222433333244555526444557664857766888876688777
11222221323424133344411133546666654777765577786558888885
11112221312222134444453333645557364557776658887668888776
11112221222233113333344444456647555677778566677856888885
11222221333442133334215444461577666157788655788665577888
12222331224233111456311445637444563777856677785568888856
11111112333444223354423365472226547666657768885578888577
11222221223344113344513334451667455667785567788586677888
12222331424223144453311445361755536177586677858667788886
12222221133332111443314444435555666566667758888875887777
11112334112233412222344444335556778565678856667885677788
12222221111323414133344455534555563477766677876867888886
12222221112333144335511433567445556744885677788867788666
12222331112333114225314455534455666445776677776687888888
11112221133232413333244444524666655666777587778758888855
12222221133323114433311546665554466554466758887778888777
11222231111233145223644555367445536784453678888667777886
11112223441252341125234444553677775366677536868753688888
11123331442323144222314456231455666555786675778687778888
12222231221443111144356644435667773556777356688735588888
11122221311242134444233554463375556377556677776668888888
12234441233454122345512234551113355666677768667778888887
11122221122323413333341556664555566447758647777864788888
11223331122233111422356644435766444577666857778885557888
11111234115523455552344452234647723666872366887736888877
12222221111123144455344645537466653776865378886537778883
12222331144233111422351444335646677566677755677885588888
12222331114233141423314442536646555666655577777887788888
11112223144425314222531446653334655376665577786887778888
11111221132222333444253334465555546788584677888867777666
11111221334122333442234445523645577668555768887776668887
11222231112423155442315446335544633556666677777778888888
11112223111442344444233333526667752668775568877756888855
12222221112334111335466663547663354767855477788547888854
12222341253234125333411553441155544666677788666778888877
11111221134225333425563342556634255766444877668887777888
11112221312244133224453334445536677588866755866675888777
11112223141222314444233345453666555366775566877778888887
11112221331245136224533662453664445366745577777857888888
11122223312245311124536444453645555367777736888876668887
11223331123333112222415556645566644756644475788887777888
11111123132222333424253644475366447566777755688785568888
11122331444223144423315542231555553677777867788886666688
11112234412233411223344442335666777566667758888875555887
11112334122223411255344425334646553666665788888578877777
11112223311222333144235544663754446775886675558667778888
11112221131222333444235444673546667355677755668775888888
12233331223453112445312245551164455666647766888878887777
11122221334422113455213344553344665778886577786657788866
11223331222233144245311444536145555666667586888778887777
11112223311222333124433544467554886755486677558667778886
11123331212333122243412444445555667855667788566678888777
11112223331244355124433512243655544665778867777786668888
11222234122233411333345116664556676455567745877774888888
11112221331224133225463555546335544677778466788846677888
11112331122243512224355556435785643778864377886447788666
11222221133322144333511445354445555666677768688776888877
11111221133222333422433544445555664756666875768887777888
11222221123424133344413555641377564737556677785668888886
11122221113242153324455366445336644536677758867775888887
11122231112233412233344445356645555664758866678887777788
11233331122333122244412554441655477666577768855876688887
11122221332324153332415553441665544666757486677778888887
12222221133234111333451563745556774566667458886748888774
12233341122534112253411255346666534676557467777748888888
11112223112244331324453332445556647566677755667878888887
11112221113242563334256333425677844566788456678845577788
11112221311222433352543335554666575446777744666778888888
11112223111222333344233554467555466755446677888867778886
12222221111123441433344445536655533675578867777786668888
11122331112333412235344226557446655744666577788657788888
11122331222233111423566443356644455766645578888857777788
12222221334424113444413335551136665788866578788657777865
12222221233333111143315444667555446777546678855667788888
11111221331222333422563447756344475668477568877556688885
11111221332222134444253446475338667538866758886775558677
11112331222233112423344444435556666577768855776685778888
12222231123323411133344415554466665746668578888857777785
11122331112433122243355524635755466777544678788467888866
11123331222243155244315524331555444677777766788886666888
