12233331222433125544312555441155446178866677788867778866
11111223331122333442235546625554466575744677778867888886
11222331122233111425364445536644453667785567788856777888
11111221331222334455263444526334455677775566777886688888
11222221333322113444451364775136447556687755688875668887
11111221122222333444435544643355567355666788886678887777
12223331224333112435516244451644555166778566778886777888
11123331122223142533314255564444566774556677888667778888
12222221233333111344351144445566647588867758866775588677
11112234112223451522345555334665633466667748888874887777
11122231444223114223315444335566663566777756778785588888
11222221132424513444451343665133366557777655888768888776
11111223331422353142235554423665547666544788667778888877
11111231222223145523344453336445557646857766688776888877
11122221134222113444563344556334755636775566687778888887
11222331223333112444311244445566666555676755887778888877
12222341223234113333411144445666666577777655587785588888
11222331222233111443355164435666644557664857777885778888
11111121342222334442234445553666665336775588687578888777
11222221111324133332453634445666644556677758888775588877
11112334411223455123345522234566673455677746667878888887
11122221113332415563245556324775638447563847766684778888
11123334412233441123544612354662255776665577786857788888
11223331122333122443511264456666445776684577788557788885
11222221333224113335411355546555774668887466887746688774
11112231422223145552314655334466553744666377777687888888
11111121333222333322245566664566777455677845577884448888
11112331222233144423314552364445566777556677775868888886
11111121344422333544236354423655522666758876675887777888
11122223411112344552236445553664557336487736668778888877
11223331112233141225344552534665557466666748777774888888
11223341122334112234415233445555564775666677778667888888
11111112223333222334352666445576444577666457788885577888
11122223312242531114453336445553644577668857766687778888
12233331122223114243311444445555566775666877586687778888
12222221123333144433314455551445556177766677886867788886
12233331122443511244351122435556447556667766677778888888
12222231424233144453314455331555666177576618777768888886
11222221324424133444413355661335566175586677588687777888
11112223311122333422435544443556467556666758887678888777
11111221333222143335264773526447555647778564487856668888
12222221233333111433541145554444555667788867777786666888
12222231122333111144355644435667443566777756688775588888
11222221333332143435214445551145566774566677778667888888
11111223112222334444233445563374556777556677785668888886
11111221333142536444253664225336442555677785668778888877
11222221113232113333345555564445566748888674488867777766
12223331422553144225314446531174653177765577876668888886
11112221312222133444433334546775554667775566687756888888
11122234112523441253364125736444573688557366858776688877
11111221314422333452234445253664555366677586688778888777
12222231244433124433311144536615557666575768657778888887
11111123334512363455236444523644552667752267788886777888
11111221132222333245534444553446775388667588667758886677
11222221113224511344455634345563334556666788887678887777
11222231122243511144355554436655443667773368877776688888
11222223111224331555463155546333754677777466687446888888
12333341232534122253412655741165574816577486666748888877
11122231411123444522345452334555533666777766777886688888
11222221133232111333344455554644555467888866777886667778
11111112223333222343325554446575544657777467788886666888
11222221113322131345563334456444475667777566877556888888
11222334112333441235541123564442556777885678888567778666
11112221131242533344255334425663744568877756687775668888
11222221223344133344413354461155566755576677777668888888
12233331122233111223456174445677784567678456667845558888
12222231444223145445314555531657773166887316688736688877
11112221314252134425533342653784465378466577888657778866
11222331112233411422344445336475558667555866777786678888
11112221331224333152463555246355544666774466887778888877
12234441253344125334612553461275366127558617778867788886
11112223114422331444233345423555556777756677766668888888
11122221314442331144233354423555666758556677888867777886
12333331223435112444512245451124555666677768687776888887
11111221331422553444255344625533462573766677778867888886
11111123333312444433245422224555666755566678888867777788
11112221333222134442413334445566666566777855778785578888
12223331122443111224351644435666643555566758877778888877
11222331124233155422311544436554773665477766577886688888
11222231442333144223315444631566666156777755558778888887
11111223331122333342254444625477766547666855777685588888
11222221123332113344415534445563747566877756687875668888
11112221331122443356243335624455566477755647878867788886
11222331111233144223354426635544466555777658887768888776
11222331122443112443315264435566643566777756778785588888
11122221132442133244513344453355555666677768888876688777
11112223312224331124433566443756644775568875556687778888
12333441223334152234415522461555546117776677766687888888
11111123341422334442235554423355562775766677778668888886
11112223111442333344233544225556477566666758688875888777
11222331122223411333341556664555566447758644778867778888
12222331222333114443311144556666455768645576888857777788
11222221122333113334315554446555474656747766677786888888
12222221123334111334451633445667744566777856687785558888
12222221133425133445513344551364457166665786677778888887
12222331223333124443514455551144657188665788867778866677
11233331223334112444411225446625555666788567778856777888
11122221133244113322453366645536774555667458886748888777
11222221123332144453314665331465557846655784667778888877
11112223331122343312244536664556667458867745887774558887
11233331124553112455361244536624455662247768777776888888
12333441223344112335411225541627754666775567778586688888
11111231122223444422344555536455573688887368687736668777
11112231122223144233344455334666555476665877776587788888
12233331224433124444312256461115666555556677777887788888
11222221223333111334314444456647755666877586687558888775
12222331124443122444311145536655573655777366687776888888
11222331224223111433351446365447666547788655578865777888
11122223112242315544631574463557446335777683578768888866
11111223114422344422534642553766555376668537776883778888
11111123331222443222546335554635557467777746668874688888
11112334511223451223345526634452763455776647777668888888
11111223444112334555233455623445562377666277888667778888
11122221111232444523344555634557563488776388876638877766
12333331222243112424311544441555666775556677778667888888
11111221322222133444455333467553446755586677778867888866
11112221133222144333244335556444775666677566887758888875
11111221333124533222453326645556644575666477888847777888
11112223144422314442231554663755556377775637886663788888
11111221122223452663345566734556673485567348887734488877
11233341223334122354416225541677544167558866775886677888
11112341155234615223466523346552374658237466887748888777
11122223311222311455533346653444465747886577778657888866
12222331211223111443355644435566643755564877776687788888
11223441222344115234615523461533346557886657778867778886
11122221311124335562435566243566774356677435777448888888
12222331112433142243314444531665555667588566777886777888
11222231124523116452316645536644753664475377777538888888
11122234412223411253344155334555536477866677886667778888
11112221333224113322453344445566646555766658777778888887
11122234112523415552341657234665733466577346887774688888
11122221312224133444415334465533766555877685887668887776
12233331422223144552311445536144555617777767788886666888
11112334151233415223345552364557226447776648777668888886
11112221342225134452513445556334457663777766387876688888
12222331244333122443315446781546678156677815667885557788
11122223312442311444233145556334755667775866788586677888
12222331112223114455361445536445533647577866777786688888
11122221133342513444251344625337466557777655778868888866
11122221122333411253344445534666653466655577788887777888
12222221111123415533344555364455336477766647886867778888
11223331112233411422344445234666577665555768858776888877
12223331122334111253461525346655544677757466877746888888
11112331144233144522366455236644523675552867777786788888
11233331422253144425311442536174255677785866778586667888
11122221311222133444455333645576364557666457786887778888
11122231444423144542315552231556333775688877768887766668
11111221313224333332455556247756624755664477786647888888
11222221344425133442513446651336665136655577777787888888
11112223331222341125534444553346657884655788667778886677
12222341252234115533416653341655344165777466778886778888
11222221112333114235344443534455555667888866778886667777
11111121333332445553244455326644552666778266778827778888
11223341122234112533451253345555644776666477668887778888
12222331111223144425314644537666453766685378888557777885
12223331112334512223451666345176664577886455778845778884
11112223311122333445263344526644555667485566778887777888
11122223122244315544431155463555646333666677777778888888
11111123333122333442254446265447626555766657778885778888
11122231422423144442311433335555556777775678887668888666
12234441223334122234411113345666666557768857778885557788
12223441552334152233415263341566774156667415677778888888
12223341122534112253416555341677534667753466877746888888
11112221334422113444233334526677455677785567788556668888
11222221342442134445513334551136555773666678888867777886
11222221113342133354213355446555744665777468887776668888
12222231455223144533314453361745866174586617758667778888
12222231212333111443561443356664445766688577788857778855
11122221132332413335241635554466775446667584688758888777
12222231112233144333511435556445577644577866677786688888
12233341222234111523461153346555444666557766777778888888
11111112233334255333422544442255554678888867777786666678
11112221332242113324455333647555664775664477566887788888
11111112222334225533425553346557374667777466678846888884
11112221331124333222435555543675854667784466788846677788
11112231441233554122355444235564723656777366678776888888
11122221222344133334415533441555664755866677788667778888
11122234112333412235341255534467555466777746887876668888
11122221111223444332344443335666677555666755587778888887
11122221133222114333344455354645555467788866778886667778
11223331223333112224451154445555446577766688777768888866
11122331222333144223311445554445566775588677888867778666
11112234411123455522344562334556263457666377768887778888
11222331112233112233455563445566644576768457776847788888
11111223334112344442234542263356666555576658777778888887
11233341123354122235412663541266554776658477685847778888
12222221344442134544513355551633775166377716688776688888
11111121333222333324255562447566664755886477588647778884
11112221334255133425513642253364475666477566847778888887
12222221111233144133344445354666535667655567788887777888
12333331244433124444512222551116775886677588667758886675
12223331112343111224356624435666644555677455888778888777
11222221112233144444314543336555738665778866578886657778
11122223114442331542233154463355546775588677788867788666
11111112222234223333455344445534677588866758886775866677
11222231114223411423344445536666653677555367788587778888
11222234122333411235341163554776855447685547768887766688
12222221113324111333455536345756664576668457778847788884
11122223144442314452231645573166557366685738688573888777
12222231142253144555314555631447763147766388777638888866
11122221332224113344451336445536647556677785566778888887
11111112333334235554423555642256664277686427778647788888
11111221314222533442653334265534446557866675788687777888
11112223331112333322245566774456677445666745588874588887
12233331223443124444312456661255667155566715888778888777
11111112222334233334423555442555564788886478788667777666
12222221134442133344413555641355566137756677786687788888
12222231244453124555316455331645337164677716668778888887
11111121344222333425233342556644475666777566887758888875
11122221122334512334451333445556447566667756687778888887
11111123314222354422235544463355466737588677758667788886
11122231111233455522345556234456663447668374776887778888
11233334122233411225344112564555556477666647786887778888
11122231112223414233344444536777553667775566667858888885
11222221111223144555364453336445573648577368887776668887
11111112233333223345522644452666645667774577787458888885
11122231411233441222345553334555566477886647778867788866
12222221233334111333411544445555546577777688877668888666
11111112233444222344425233465557336577776657888865788866
11223341223344152234415263341556664175886677558867777888
11122231112333144223354442365774466577786655778865588886
11112331122233412223345555534666655467688846778884477778
11111223444112344445233655523667552367775236787786688888
11111123144442344554233552223335662775566678888667777888
11111123333312344222234455254446555666678567777886778888
11111123312222344255234555663445567346666734777778888888
11111123344412344552234452223555566337776687787768888866
11111223333122433516243555624445662447568877756687778888
11122223312422351444435114643555666355767637777768888888
11112221331222133334253644445566674566677455877775888888
11122221112332144235564333356444555647777568887776668888
12222331212234111333415563445556444577668857666887777888
11111123333312344452234455526465752646577266687778888887
11112331122223415223344556334456666745566874758887777888
11222221111332144433254444335555563775666677786867788888
11112221311222435556243355674835567483366748866774488877
12222221233444133544611355461335746185576688577768888776
11112223311222331455263444556344555636477766677878888887
11111221134422533642255364425536644573366657777887788888
11111112333344253344425536642256664275586627578887777888
12222221111323113333345556664457668445766845578884777788
11112221331322133332245556674455667455667744867774888888
11122221122333112444355664735664473568847356687775588887
11111112222333422233345563774556777455668745668874468888
11111223331222443125544332654738865478866547788657778665
12222231142533114255311455536445783644778366677886677888
11111231455123445222344555236475723647778367788836666888
11112221341442134442233354627335666755566877558687778888
12223331112233141233514426654446655774765577776658888888
12233331124333122444512244551164555666785866778886777788
11223331112333411225344225554466775466667548688758888777
11223331112233141233544226554446655466675588687778888777
12333331244443122224311152441665777866557786665578888857
12222231212333111435314443556477558644755867777886666888
11111112233334223353422555542665754668874468887476688777
11222223111442311445234445563555576388777638877763888666
11222331111233415223345552364457766455766647777684888888
11111112222223424553344453364475536777553677866667888888
11222223124244311444531166453366555733665877786587778888
11122223411112345552234455663455666344768633777887778888
11222221111322144435544433356643355766888577666857777888
12222331223334112353461115546667754677755467878546888884
12223441125344122533412553441553366157766688777768888876
11222331112233411223344445536644555666557766888778888777
11111112222222333334433444456666455667775586787758888875
11111221133342553444265344226533472655577766688876888877
11112221112223444442344533335555553666677867777786688888
11111123312222334225634475563477756344775684875568888866
12222221113332114335641433564445556477556677886687778888
12222231212333111334315544445554466775566677778867888886
12222331122333114233415444441566677556677758866875588887
11122221333322133455214344551444657866665786867578888777
12223331222233144453314455551645775164667716667778888888
12222221112333141333314555564478856477855647786664778886
12222231124233144433315546631154666555466758877778888877
11112223111244352224435555443667554366777736887873668888
11112331142223144422344455236675533677555866778886677888
11233331122243112244351524435556644557766677786867788888
11111221133222444325244435554663335666775568687778888877
11111123344412333444233542225556662555677788666778888877
11111123134442333422253444625376662557776655788865778888
11111123331452344445233645527364852776885277668527766888
12233341223334122344412554461156666715556877785687778888
11122331122233114233344425556645557644577766687876888887
11223331112333122224314444445566677556677755866775888888
11222223122444315554431555443166567316666733888878887777
11222234123333412255341115534677555466788846678884667778
11111223144122354422235444673556667358886735886673588777
11112223112224315244435554443555667338667738886778886677
11122334122223411523341553364445556477775677876668888886
11112221331142335544236554423665472365547766688878888777
11111123444412333544233654226365552666575268887778888777
11111123412222345266234556663445677344567733558778888887
11122221311242534144253444665337766537786653778865578888
11122221222333144335311435564444556777755688877668888766
11112221113222455333244555334556663477776648777864888886
12223331122343111234355124465557746588874658877468877666
11123334412333411222344155224465557666655768677778888887
11223331112223411523345552364577886457788645788664477866
12222221111324133333413555446675544667755466877776888888
11122231122423512443351444335567473566777856687785668888
12234441233334122355411235641725564177556677788867888866
11111231412223442255364255336444533677558867778886667788
11112221132222143355544335554463357466877746887876668887
11112221312222133345533344456664455766645876778587778888
11112234112233441222354666735468673546877354687775558888
11112331141233444223345422634552666555766685777778888887
11223341222344112234451133345555564577766677888667788886
12222331112223141563344156378455637844566784856678885777
11122221132245113324563334456663455677744567777856888888
12222221123444513333451163345176644557766657788865778888
11112223311442531342253334625544466557666875776887778888
12222231124233144443314543361556666155577685887768888777
11112234411223444123345552234566673556777356667778888888
11122221133232144333214443567454556775556677786667888888
11122223112224311566433555643357564385766488876448887777
12222331222333111133455516445566664577664457788487778888
11111223441225334122534446253466675338667588886758877775
12222231121233411133344443556464555666657788685778888777
11233341222334111233451226645556644557666475788887777888
11112221312222133444433334445555677566667755686778888887
11111123134442333344256634425566772556667258777725888888
11222223114552311455231445553346666334477677777668888888
11122223311112433352244335554466577446855766688776888877
11222221323244133354413355441666574188657788665578886777
12222331123333122444311544461754666775666877555887758888
11112223331112344442233456623745666774565677855587788888
11111223415552341555234666523444662347886237778683777888
11112221132242133444233555443366547666557786657778888887
12223331122433512443351246665114446557786657788685777888
12222221111123444415366444536677553677555367788836788883
11122221133332411335244443526664555676488577668857777888
11111112233333422256344425634472566477755687775568888886
11112334411233441222344225336465555666775586687778888877
11112331122223412423344444335566666577786655788885577788
11111223314122344444233356423555672856567785666778888877
11222221334442133334211354441555566557666877768887776888
12233441123344122333412255441655555166777766678876888887
12222231442423144445311155531667533667755366778886778888
11112221133222143332544433554666655467665548777778888887
12222231122433111444314445336666535676755567775887788888
11111123133322333222244445664445556777588677558667788886
11112221333422134444213354426635778665578865557886677788
12222231111223144444314455536655733666577368857776888887
12333331223443122224511144456614555666557786688778888777
11233331222233144423514442551467775186667588867758886675
11222221333242113344451334665177446557777658878665588886
11122331411233145222344552634556663457686845778687777888
11111223114442333442253334425666782556778856677785567888
12333341222334111223415162445556446555666677788887777888
11111221333442133444233445226555552665778867777886667888
11112223114442331542233554263754466375566877756687788888
11111112333333244555322446552244657826465788666778888777
11112221113224533362453666245376444537688455768885777788
11122221111222344444433345553555566337777688787768888666
11112334441223444112345522236655553666785367778886777888
11222223124452316445531644553167455316788836677883677788
11222231122333112435314446534446655666675588877758888777
11122221311242333124455334446553477665777765588786668888
11222331112223414523341453354445555666778867777786668888
11112221311222433355243633554766555477668847776684478888
12222331242333124444311145536614577866655786685578888777
11223331112223141253344425364475556477558677888867788666
12222221334442133455513446651346655136665718888778887777
12233331123443112244315264441526667556667755888875888777
11111121344442333452233445526375582677558266777886667888
11223331112233142224314444435555556775666677768867788888
11112221122232415533345553334465577446887746668876688877
11122231412333141255344225534455563748886678878667777866
11112221311222433552544335554336577486666748668774888877
12222231114423111442355544436555733658777368888776666887
11112234151223445122345562734586673458677345866738888677
12222221211333111334355444435666744556777756688875688887
11112331222223144523314455334445556777756688877668888766
11112223331122443312254433665544666577476657777885588888
11112221222233113333455366645566444566447755777778888888
11111112222233243333324555554465567846666784467778888877
11111121333442536342253634225664427556477756677875888888
11233334122233415222341555554116657466677748866774888887
11123331222333112223415666645555664557776477778448888884
11222231122233111445364444536677453667755368777556888888
11222231222333114444351144435556773566667756688875888877
12222331222334115663411566341557634555764477776487888888
11122221111222334444533464457336655736665877765587788888
12222221111332114433564433356444775677777566668858888855
11234441223434122333411225341677555667555866788886677788
12223331222233111113344566664555566475576847777884478888
11111223134122333444233444225566667586686758888775558777
11111123133222333322244444454666755668775568887756888775
11123331122343122224315544436544788655777865577786666888
11123331112223144255344422534466553666755766777778888888
12333341223344112234411522441555566775566677776687888888
11122221122233114333344444356666455677788567778556788885
11111123333212334322244442564555556477775677888667888866
12222231214233111443351446335447668555766857776685778888
11122221111222334444435554463555666357776637777863888888
11111112222223425553344445334666553467775366787776888888
11223331224333112444315246461527646557766655788885777888
11111123314442355444233555423655772367778266787826668888
12223331112333114223514462554466655476668547888857777788
11112221341142334444233456623755662375566877556887778888
11122231415523141522344552336445533664788866677886777788
11111123314222333444235554423555542677778867667786668888
11223331222223111443314444356475555667785566778886677888
11122221344222133455513444651346665336676577777857888888
12222221134442133444413555661333556177856677785667788888
11112223311242333124453362745566774556687455668748888877
11123331442333114223561425556442275648887566888756687777
11122221111232445523345533334455666745886674788667777888
11122221113422155344255334445633374566777758666678888887
11111221122223444423345533334555677458666785886778886677
11112221113322443333244356624555766485776648557768888877
11111223141422344442234556623555566333578677777867888886
11222221111232143333354466375546777544668755466875888887
11223331123334122223411566745555674566667458887748888774
12222221112334151533415553346557384677778466787846668884
11122231112233451226345555634578563447886344788667777886
11122223111224331552433554443355544666677766887776888887
11111112222233425555342653334465377466588746668774888877
11222221111322133334566663457686345768884577784457788455
11222231422233144444311455631555563757666377768687788888
11222221123424513344451637445163777556337758666675888888
11222221333322111133455555346566544666774486887748888777
11111121333322443533245552224565577466877746687784668888
11233331123334112222451264445576644557766657778865788888
11222221123324511134455333345555644777666477668687788888
11122231112333142235344245536444755677778566677856688888
12333331222234111223451144445664777566887756668875558887
11222221113223113333344444456677745677785566788856688855
11223331224443112244351124635777463577766655576685888888
11122231114423551442355546235754623777463376666887788888
11222231111223451526345556634775563447866344786837778888
11122221122342115334455533346655374668587466888746887777
11122331122333412536341255664425567445566784887678888777
11123331222234112523415553346557774657744467788886666888
11111121344442534434253333625666662555767285877728888877
11122221312444132234513333456666445677855567788586777888
12222221233333114335514446651444665177866577886557778888
11222231222333111443315544435555544666788866778886677778
11122221311422331542635554663555466337444677777768888888
11111112334445233334523667452667745266774526877552888888
11222223111242315544431544673355467385566738886778886677
11122223111242313424433344453677755866675586667758888875
11122331112333414233544426557742655774266577888657888866
11222331112333142223314444445666666556777755887875588887
11111231442223142253344425336465553666675867777587788888
11222221111132333333244455564477566447756677785568888886
12222221234444113344413356661355676135567688855778888777
12333341232334122244411524541555556176666677776887788888
11111221322224133324433344456674555677758566777856688888
11122221113222133333345566664555776444557644887768888877
11112223441112344452233445523355556376666677768887778888
11222221111122334444433345543367558666758866675887777588
11222231442553142253314445331664573166557766888776888877
12222221123334513333451114445555564777766477866667888888
12223331124353112435511243556624445666674568877778888877
11111223311224536222453644445364777536677753668785588888
11112221334552133445213645523364552666447768887776888877
12222231244443124554315556431758633175866317888667777886
11111221313422533344255364425536442577668857766687778888
11122334122553412253341125334665577466657746688874888877
11233331122233411222341566774455677485666748555674888887
11222331223334112334411254446755548677555866777786668888
11122221112332413335244335556444457668855766888876687777
12222331111233444122354416635446663555566788857778888777
11122223311242331124435555543366554766666477778847788888
11123334112223441523364152236445577646555766677778888888
11122221122344152333415533445553644576666877786687778888
12333331234443122244411524661752666175668877555887775888
12233341123444122345411233541626555766685876678587777888
11223331112333114223544422554466665748886578888657777765
11122223111142355554233565423666544366678437777847788888
11112221331122333444235564423566644555766857776887778888
12222221111132145533344566334756663475886647558884777788
11122223111242351544235554443566674358667738866773888877
12222221113244511344451333445336666555788675778867778886
11122231222233111443354444435556773558667785866678888677
11122231122223114433355544435666473555647788866778888677
12233331224333112444411224451666675668677588877558887755
11112223111222333333245556664555667444566744888778888777
12223331222233144555314446531174655177466587777668888886
12222331242253114445311644531664553766885376678587777888
11111112333445223445523334452266465727666577778657888888
11122221122344112334455553445655374668337766887776688887
11111123144422344555234456523775652376666237777683888888
12333341223234112223415554441555647185666788667678888777
11122221122234133333413564445556664577766457786885778888
11112231222223114433344443536647555667777567788856688885
11111112333444253346625334662577446257888625777862557888
11222221223334133344411344541666755888675588667758867775
12333331222233111422561144456644455677777568877856688885
11111223122222314555533456653445666344788634778867777888
11122221333322113444251334665544466555788675778867778886
11222331112233144223514663354446555774688577768857766888
11111221133442533344255334225566442755668877766887776888
12222231244233111433514443351466665766688577888557777885
11112221134225133425533342553444465777766587877668888866
12222331224233111433561144356666455677845567784857778888
12222331124223114433351143665744666577476655777885588888
12223331122443511264351626435166643556744857777885778888
12222331122333411255344115534446655477688577668887776688
11223331124333122443511224556774445677785566778586668888
11122331142233144223315442635544666557777655777668888888
12233441123334512234451123445512667588866758666775888777
11222221133223114333314444456466555666775568887578888777
11112221131244333222433355546665774688557466857746888877
11111221133342533344256364425666642577764255778885778888
11111221333332133422254442665547766544877655887765888876
11111234122223412526345555634566663457776348887734888877
11122221133442133444213445523355556775666677888867778886
11122221133322133433215446665574446577488657788865577886
11123331222243111244355624435567443556777756687876688888
12222231112233111333345566674556667445677744557784888888
11122221311322133333244555674556667445667748567774888888
11111123333122443355244435526644522677755866778886677888
12222231142243514444351116435666633555567388886778887777
12222221234444133345411334551663755167777566787856688888
11111123444412344422233333225566678566777856677785558888
12222331224443112444311143335566677566688756888875558777
11222221334442133455213444551366555136666788886778887777
11111223311222334225533444563774456777845687785568888666
11233331223334112224415525541655544667777486666778888887
11111231144223444222354466235555663575886377786637778888
12222231144223114333315444631547666557776655788865778888
11122221222333144553314555531444453666667786867778888877
11122221312242131354463335446663554667555467777778888888
12222221334442135544613354661335466155566718888878877777
11112221113332444322244433554663555766665576888887777788
12233441233345122344512234551167458166755866777786678888
11111221331222443333244444325555566557666877766887778888
12222221111123144443344555336455537668573766877776688888
11112331211233422223344444435566666555767658577778888887
11111221331222443225543335564443566774558677888867778866
11122223114442311445236446523666655376885537778583777888
12222221111332441133344443536664557668857766855778888577
11112234412233451223345125364555536446666677888887777788
11112223122242311544433354463355746855776685887768887766
11222221123332111443344445536747753677775566666858888885
12222231112333111244355544336555444666577786668778888877
11222221133242113444415336645573864557386657778665778888
12223331223343122344516644451167745166775566777858888885
11111112333344223534422553442555664275666677777768888888
11222221111223441533346655334665573465577746877784688888
12222231111123451552345553334445673446667786686778888877
12222331442335142235514443351164555166677766877876888887
11122221133222133334415634475568447566884755688775668877
11112221132222133444455344645336666536677755777875888888
12222231211233111455344445536465553646778366678887777888
11111112222233244253344455334647553667775567778886668888
12223331112233144523611452367745586744588674558867778866
11122221113242513364253336475366647555664785884478888777
11122331222333124235511463554446655774685877468887776688
11222221223334113353411355446655744665777466577786888888
11222221123244113334451333445666664557668857788885577778
12333331222433111244511224556644457666555768687778888877
11111223344112334444253336425555622566667758687778888877
11112223331122433152243355664475886447558647758867778866
11111112223333244533624557362455766244577688457768888876
11111231122223442432354443335456777555676758666678888887
11123331442233114522314452236445577666857766885576888877
11112231421233142223344455534665553466757766677778888888
11112221332222113444433345546355554677775866777886668888
12222331122233411155344415334665577465577746888876668887
11111112222222333344433355446666544677755567778586788888
11122221133232411333244435556644455666775588667778888877
11112231112233444222344455334655537665588766888876687777
11122231222443125544315554331655433666747867777786688888
11112331442233142253614225364447536777756687785568888856
11222331442223144253311455531446653777685877668587766888
11222221344422133444511333456137775677775566665586888888
11222331222333111244351556435556644576684877668487777888
11122221122333114235366443536444555664775866778587778888
11233331222233111122345556664545676444567748856778888877
11233331222344122334411256641755564778856477855667788886
12223341222234111553415553341565734666774468887776688887
12333331223443112224561244456177745618777566887556688885
11222221123333112343315444465554766588477658887665887776
11222234112523461152346615534677553466757348677734888888
11112221132242513244653344665377446538777653887765588886
11122223114242311444233354463735566777755688775568888866
11111221331422333444233546728554672885467785556678886677
11222223122444311154433515463355546375886677888667777886
11111123344412334444235522223655557366757766877786688888
12233341233534122354411255541125644777566677776868888886
11123331222334122334412544441655557666575768687776888887
11111221122222333333344455664455776445577688857668888776
11234441123334122233415522341657774665777865558786668888
11112221113222433333244435667444566777555677558667888888
11111223141522334452234455263344566377756677885867788886
11122231112333122234355554436565544666744786677778888887
12223331224335112435561243756114775644478566777856688888
12222331224443125433315544431155666155667677777768888888
11112331444223114222344423335567777566667756688785558888
11111123144442344452233555523335522667777768888776666888
12222221111324133333413566645556444566647755877778888887
11223331112233114225366424536644455667485576788587777888
12223331124433112444312244531666555666755867777587788888
11111121322222333245534444453666745367777566887756888885
11112223331422331142253344445666664555676785577778888887
11123334112335412233541265554426575482677748666678888877
11111112222223455525344455536447333647778366778886667888
11112234411123444422345522335567338556778856677786667888
11111221333342133444253564425556472558667288866778886777
11111223415222341552234445563447556337776683887668888776
11111123344142335444235556423356622775662877566887778888
11111112333344223335426665542226654776655477885847778888
11222331112243511244355524335664443576666657778887778888
11122223311452311445236774523667455367748536784856678888
11122331222333111223455666345564444756668475588887777788
11222334112333412253641255364155666455766744777778888888
12222341225334112533416653441765344176555877668887776888
11222221322444133345611334561734456777555678785667888886
11122231112333142223354444635774466577666657778885558888
11223441123334112333415264447526688752666875555687777888
11122221133332133444213444425566666555768655777887778888
11222331222333124455311444531644555666775867678886777888
11122234122223411533341556334555666457666847788884777788
11112221133222133442533344556444555666677567777786888888
12233331223443152224315555441656744165677716667778888888
11222231222433114444351446335157663555766857776687788888
11111221312224332244453334645366664566777755878775588888
12222221111342551334455136647553664775366477838647788888
11111221331222433332243556664445556447885677778567788886
11111221341442334444233555623557662355766277777668888888
11111123344122334442536642253364255666755567777778888888
12233341122234115233461523546155554677774467787886668888
12222231244433125444315555431116573666657386867778888877
11233331223334112224451124445566647558667758886775888677
11112221341122334445263344526634755683877568887756688775
11222331122233114233351444665444666557767658877775588888
12223331122344112234415663741556374556667458868775888877
12222221133342513334451634445166477516687756688875588877
11223331123333122444411224445555566758888675788667777866
11222221112323143333314444456646755666675587777758888885
12222221233344133354411135446155554677775867687786668888
11222231112233114233356447735644777566447855666785588888
11223331122435122443511243356664455677475867777586688888
11233331123334112254461255546225554666777486688748888777
11112223312244311224536664453664455367885536778587777888
11122331122233411423344442534677555666755867777586688888
12222231111223141455364445536664553667458376788837777888
11222221123332411553344155534445653747668877766887766888
11111121333222334322564437256647755644475566777856888888
11111223112224355224435555443566447366667736877773888888
11122221111232444433254443335667388566777855677785566888
11112331112233442233544423556442775677775566788856668888
11111112333444222334422334452666665667777587787558888855
12222221133442113554411355546635544763388876666887777788
11222221112332411553644555364475536447833677788667788886
11233331123334512244451222445167784556788856677785666788
12223331122343122334411555461557546777754687788468888666
11112223311222333124435366647558664755866475588447777888
11222231112223114333344455634745566477566677855867788888
11111112223444255343422533342553664757886675788667778886
12223331222333111244315444461577746557777658866665588888
11111112344444233334423355662255566227586677758867778888
11111221133442333342234444256677525666755567778856788888
11111221133332453633245566624556662455788244777884777888
11111221331222333332244555554446557446687766668778888877
11123334122233411253647125364752566475556647888684777888
12222221133442113345511334556734485677748566778856667888
11122221112333415233645523664555367445866744887678888777
12222231112233141453314445336647588664755866675887777588
12222231442423114443311554536175553677885366778886667788
11233331122233122424311544445555466557666877766887778888
11111221314422333342233444526745558677555866777786668888
11111112222233245333624553364455776445877648587668888776
11122221113332441353244335524667755466775546778886678888
11222231112233141523344456634445763555576688877768888776
11111123314422344444233556623555662355766277778687788888
11222221111232451533645553664573336457777644488768888876
11111112222222333444566334556633455666745877774587788888
11122221122323143333314566664455556444755677778867788888
11122221122233144444314554335555633777566677766687888888
11111221344442134544233555523356772385667288666778888677
12222231224333144444311546331156666755556677785887778888
11223441222344115233461523446155337665557766688778888877
12223331112333415223641527764155576448557648887764888766
11222234112333412233341155664455556477785647888867778866
11122221322442133444415333641566367555666788557778888877
11112334412253411255344225534462573886657388666778886777
11222223111142314444235546663554776335777683557768888886
11112331411223444223355423365542666554777658877768888876
11222221113324511332456673345567374556777485666748888884
11222221113324513332451334445567784556788465678886667778
11112223311122334444253366425366644566777755588775888887
11111223415152346555234665523466622347677834777783488888
11112221113322333332244445564744566775556678885667778888
11111223114442333344233554226655472866557786665778888877
11222221133322133444411345467834566788856677785667788555
11233345122234512223451663345166664517864455788887777788
11112223312222311444433544463355556788585678888667777766
11112221331122333342255344446544777655577866587786668888
11122221122233144443314443335566677556777755688875668888
11123331222343112224351664435576448577664857766885577888
12223331122343115224315564431566444557688875766687777888
12222221111233133333415554446665744655577468888776688877
11222331111233414223544426357744635766666577778858888855
11111112334444223334422253346625555665577786668778888877
11122331122433122543315254436555544666777466778776888888
12222221111233441143354444335566637556887756688775688877
11222331224223144443314455531667553168775566887776688887
11111221133442333542263354426665742655574766587778888887
11222334125233415522341155634415563447766677766887788888
11222231124223115443316554336654443665577768577776888888
11112221333332144355214635224465577446655766677778888888
12222331242335124433511643551664475166487566888758887777
11122221311422133442566344456634775683377568777556888885
11112223331222344112534466653346665744865577788557778888
11111223333112455332245553224455666466667744888778888777
11122221311442133342233444453655555666788566778886777788
11111223144122344552234455263477566337556637788867788886
12333331232344122224411155441555646757566677766887788888
11112221112232455323644533364555736488576648777764888876
11111112222233442255345555534466633744666377776887788888
11111221334142333444233442225566777566777855678885566888
11222223144422314445531466553178655317866537788663777888
11222221133322411533341553664445666474556877775687788888
12334441223345122334512634451266665116777588687558888777
11223331112233141233544226654447765477766587786658888855
11111223144422314544233555423556562377666637768887778888
11112341122234512233456623445563344566777758668875888877
11122221133332114332244443556664455667755566777778888888
11122221312242331144453334645377466557766857786685578888
11223331222233112443351444665144666557768655578887777888
11233331122334122223411554445556474588667758867778886667
11222221133242133444413334541666655776885577668557778888
11112221113332433355244435524455562466666786877778888877
12222221113332144433314544431655577665877766587786658888
11223331123334112344412224546665554677575567777886688888
12222331144223144423311144536666553655557768888876887777
12222231442233144443514663351766635176685517888557777888
11122221112223415555345565334776333447666647786884778888
11222331222243144444315555431556573166667366777778888888
12222221113424151344455133647533364755866675888667777888
11112221345552134552213445523334446377777687876668888866
11112234122223415552341655334667553486777348666774888887
11112331222223112443356447735664473556477755666875888888
12222231424423144443311566631556663157786355788885777788
11222221111232415553344555536447883644778366778836667788
11222231222333111143354444435466777555667758666875888887
11112231444233114522364452336465237666555768888578887777
11111223333122334312244455524666555446657788667778888877
12222221113323141133354444435467778566667855677785568888
11222221133422113344451633345566664557667458777775888888
11112223144225314422531444653777665377665538776653888888
11233331222433122443512444651174765777776588886658886655
11111234441223554122355422335546633574668877768887776688
11122221112332133334255344445566474566667756877775888888
12223331222243115544311564431556443756668875668887777788
11122221113222143356674335567443856774385677448567888856
11111223331222343122534444653746465776666577785557888888
11222331124443112243315254336555447665888766587876688777
11223334112223411253346125534665555467777746887874668888
11112221133322144333244443524655555667775768887776668888
12222221111123144433355433365544466577888657888865777766
11111221331322433332244555256444555647777766668876888887
12223331112333114223514442654477665747866577786658888855
11122221312242331154433355446637544666755867775886778888
11112221344222133444213335446375558667555866788886677778
11222331122333112233451664445666447565647755587778888887
12222331212333111234451553645556664775866477786447788888
11112221132222133344453366445535644755566677777768888888
11112221332232113333245567774556777455666745888664448888
11111223331122345522234555663444566377456877746687788888
12234441123444112343512233351266755666777566877758888885
12222331224333112443511644351766445777666578865557788888
12222221123344111334455133445663747556777755687886668888
12222331224333112453314445551664555166477766688778888877
11112231141233444222355466235544663555776388887668887777
11222221133332411133244455364455566747755677786667888888
11112331121233452222345555334444556777466677888667788886
11122221332442113334215363445566664555576488887678887777
11222221123342153344415344641533666555767657777768888888
12222331222433111443561143356774455677488566778556678888
11111112223334233334422556642555564775666477776847888888
11111123333122343444234445226555552667757866777786688888
12223441222344123333411553441665557166855766888876887777
11122221111222333334455533445555664777664478886667778888
11122331412223141252344555334556773445677766667876888888
12222231114423151442355144435556633757666377776687888888
11112221312242133344255333445677774566667455866775888888
11222231114223151423365443376544377654777765558886668888
11111123344412333344235544225556622575666677788867778888
12222221133323111433314445556474455677777566887856668888
12233331222243124444311114435566777556777856668785568888
11112231412223144425364452536455553666777368777736888888
11223331112223411522345555534665773467777746668884468888
11122231222333111243564444356664735686475568877558888777
11222221333224113333411566647755664755564477586847788888
11123331112333441223542225554455566447777687776668888886
11222221111324553132455333345666444556666477777778888888
11122221122233411333544443356644555667775567787786688888
11222331222333124553314455661744556177445677788867888866
11112221113332445322244533364555566475766647778687788888
12222231123323145533314556661445556144766674778887778888
11111123334122334444253446225366627588866755586775888777
11222221223444111333415534445553677588367758886678866677
11122223314422311444235146463557666355766835578887777888
11223331223334112443415224441555556777856677786667888886
12222221112333114333516447356647775644477566888756888855
11112331412223144222354444335555536777586677888667788866
12222231244433124533311456631745566174856677785567788888
11123441122334155223415223345566344577666657786887778888
11111112233444233345422633542765554276658877665887776888
11222221111122333333455636445666664555574488877748888777
11122223111224355125433555546333744666677488866748888777
11111123314422334422233444526375555677755866778886667888
12222221333342115534461553346115574688587468888746667777
11222221122333111443355544335556444566678866677887777888
11123334112333411235644222567442556747556677785667888888
11123334412223541223354126735416677546677754668785588888
11223331122334511234451223465777446577746658876665588888
11122223312442311144235555443336554766665877766887778888
11233334122233412225341155564177556447775648887668888766
12233331233344122444412555541266655117766588877668888777
12222221111332451133345666334556666445788845577884777788
11233331123433112244561222456666445667784577778557888885
11111221322224133332455366445536664577776455777648888888
11112221311222333332455553445566644756664877776487788888
11122223144442311145233344526637755673785567778586668888
12222331112223141153344555534556663477686647888864777788
11223331112223114422344445336647555677755566777886688888
11111221333332133444255644225566427566647755688778888877
11123331112223122233345555674855567488666748886674448777
11223331425333142556314225661427556144757684777768888886
11222223124442315554431565443166557316667733886778888877
12222231145523164552316445531664573166447386888738887777
11112221113332433353244665524476552477665547766887788888
12223331242233114423511445356174555667458866778886677788
11112223142255314225531455563446666344788633778867777888
11111123333212344222234445553466665746685577688587777888
11122221112223415666345556634455563477776347877334888888
11222231112223114333344444536664755666777568777558888885
12222231114223115433315543637754666755488677544867788886
11112223331112453332245563724456677455566744866778888887
12222231112423115444316555436665543676574367777738888888
12222221112333144335314463551746655774466577766857888888
11111223114422355442235554263357446335777688887668887766
11112221333442135344215534625573462557746677788667888886
12222221113324516633451663445166334576888457787845577788
11112221333332134455213445524445552677777766888876666888
11112234411233444122344522335555553677777766788886666888
11223331222343112244315666431556644555674758867778888877
11233331122223111223345555664475556487776648887764488876
11111112223333244433524643552664455266655786877778888877
12222231442233114555314445531466553166777366878776888887
11112223114425314422534462553466555366777736687773888888
11111121332222333332455566245666774556777485678748888844
12222331244333122453311145561444566775556677786687788888
11112221331122433352244335554466555446777786666778888887
11111221331332443332245555264577526477756647786664888888
11111223113422333342235444625554466557777685877768888866
11112334411233544123354462235546277558627758866778888667
11111223341122334444233554223655477665887766558776688887
11122221222334133333415544441556467855666785867678888777
11122221112232144333344453364455556775885677788867788666
11112221131442333344233564225556477885647785566678888677
11111121222222344445533455553344656737866673786687778888
11112231422223144442314543335555563577776688877668888766
11122221112232145533344555534466533446777766688876888877
11112331142233154223355422365744466577466655786887778888
11111112333333222244322554445556774585667488867778886667
11222334112233411122344445336664555676688577688857777885
11122331412233144422314542637554663755566675788867778888
11123331222233111422344444534555556778588678888667777666
11222331112243551244355124336557443665748866778886677788
11222221113242131344453336475553647586664758668775888877
12222231123333142435314444551666455166785876678587777888
12222221233444115344415533341155366778556677888667778886
12222221113332141433314444435555666578568657888867777786
11111112333334253663425566642577644255768425778842778888
11111112222233242333544443354646665766655577888587777888
11111221344122333444235566423355642555766688877678888777
11222221133422111344455334465553466557376677777868888886
11111221133322433522243355554446675466677548866778888877
12333331222343111224415126645556664755686475888847777788
11233331223433112244511224556666455677745567774886788888
11112221112232444453264455336645553667573367777886788888
11222231222333144555314444531645553167777766888876668887
12222221134442113334411335446673558667558867755886677788
11112221113222333324536634456644455667845567788857777888
11111221133222333444253446425346666557788655777865778888
11111221332222133332453566645556644775688477568847778884
11112231222223144444315446335556673586677358668775888877
11223331122333142224314444451675555667858566788886677778
12222221111324555133467513346755334675784467778846668888
12222331442333144225314675531467555146788516678886677788
11123441222334122333412536641555664556667457777778888888
12223331212223111143356444375664477556477855677885668888
11222221223344133344411335441666577665555766588778888877
12222231223333111134355514446555444665778866677886777888
11111121332222443235244333556444775677777566688856688885
11112221313222133324433567748556674855567485866748886774
11233334122233412526341152664515766455576644877778888887
11112221333242135524213564443356644775566677586887778888
12222231244443124333314455361115776855577685887668887766
12233331123233112224514444451667455886775588667758886677
11222331112223141423344445334665555766885576668887777788
11122331122333412233541255554444665788486577888667777866
12223331112223141233314444554466655766688577768857778885
11223331442233144222314556631455667148567788856778885677
12222331123333142235614555561444566174456677888867777888
12222221333324133555411355546177754617744466677886688888
12233331222333112244451114645555664758566477888667777888
12222231224443144433311543361157776555577688577668888866
11112331222233124433312544665554466775466675588887777888
11223441112344112233452233345566664555676658877778888877
12233341223334122534412555441156547166657786668778888877
11122221112232145563344556334555633447768874766687778888
11111112333333222344422544462755546775856677586667788888
11112221311422333544235555423367544666758466678887777888
11112221122223415333346555334666577466657744885774888887
12222221111123444413345466335546337566687755568778888877
11111121222222333344433554467354466775566677755867888888
11111121333322435532243556224555666477767648877764488888
11122221112332441235546333554666355467777546778784688888
11111112222333425233644523364557776445777648558768888866
11122223122245314444531144553336555366677766688778888877
12222221113332114433315444435554666775568677756867788888
11111223112222333324433555446775544667758467775886668888
12233331122334112223411566745556674586677458867745888874
12233331124433512243651244465127476517777658878865588866
12222331224443112433311543661554466755588675788667777888
11112223142222314445531445553364675366667538867778888877
11222223111242333114435544443566666356677755777875888888
11233331223435122443512244651144665776666577778857888885
11122231411123444422345542635555563777666377868637788888
12222331244223111445316445531664533666755567777778888888
12222221333442153444415336641573666157777615787865588888
11222223114255314425531466553144657334666783886778888777
11122221122233114443355463335446677554866785586778888677
11122223312422311444431566443555666375556637777778888888
11111123333312433222244444425555677588666755866778888677
11233331123343122224411525546655574866657488866748887777
11222221112233141333344455364475556477755677788668888866
12223331212233111244355144435564748556778865678886667778
12233331122433115244311524446752548675558867777886666788
11222341222234133333411555441556574666657488866778888777
11223331122344112234415233445555647556667788686778888677
12222231113223141333344156664555666457568845777784778888
11112221312244133322453664445366674536777755687875588888
12223331122223114444315544431555663557886677788867778866
12222231242333114435361143556614455677488566778856777888
11123331142233144422315544235554626775566677786687788888
11122221122233113333455563447556644756664875768487778888
12222221233334111355466133546717554677758466775846888884
12222231214423111443315544335555436578888677788667778666
11222223111224311554433556643775564387756438777648888866
11112331122233144522344556234555673448567788866778886677
11223331112334112233452254445555464577766877666687788888
12223331122233111423514444356667445666775568877758888875
11111221132222333244453344645374666577777655557668888888
11112221113342533334253544425554462577666677886687778888
11112231222233142443314443356645555666675786887578888777
11222221332332113334415554441565544666577766688778888877
11111123122222334444253336445536664555776657777768888888
11222221223333144433511443551644555667888567778886667778
11122221113422155342455334445553334666788866777886677788
11111123344122334552263455276345527634457766877786688888
11122223122424311444431556643355667335567788856778888677
12222231442253114455314455331646537166653786687778888877
11123331412335142233514422654477265477766587788658888665
11112221112234552263455556347756634877663487776348888834
11111112333333222443452264445276664557668855776885777888
11222331112333144223514442354467755666677568688758888775
11122221311142334444234455623355566735856677786687778888
11222221133332114335241436554446655746666577788857778888
11222223112244314444431556663157666355788635577883777888
11111112222233242533344556634555563477866647788684777888
11233331124433152244315524661522446557777658887768888766
12223331122433112243315564441576844557688857766885777668
11122231222333112435314445534445566777855678886667778886
11122223311142335514263355426637544667758466785847778888
11233331122323415222341556664155776445576644777768888888
11222331122233111243344444356666455667775568887758888775
11111221333224153324455322445536774558667488866778886677
11111221133442333444233445226555527666655788667778888877
11123334412233411255341222534666555446666577888887777788
11122234412223451162345616734566673458767345877735588888
12333331222233124425511144551644457668885766687576888777
12233331223334122255416555541666654167777416777848888884
12222221113332133343511444456447755677788566778856668885
11111234112223422253344455534645753666577386667778888887
11111112233333222344322444445555566577776657778668888886
11111121334222335422233544446357884665778866577786655788
11123331222443111243356224375664477556847756688775568888
11223334112233441225364152536415557644577766677876888888
11112223311122344445233345526634455677888566778856677788
11222221112342511334655334465733466577848657784865778886
12223331242233124533514455551144566714666677888687777888
11222231442233114423314445331666555777666577786557888888
11112221313322133334255554426565544666777468687748888877
11112234412233411233344225534665577465588766588776688877
11111112344444233345522334552236557288675788867778866667
12222221334255133445513346651734465177466517766887788888
11123334122233412255341255634155667488567744866778888677
11111223114225364442536644253766425376855537688883777788
11222223144255314425531145553614478367777836678783666888
12333441222334122533412554441665577168857716685776688887
