111112113122231222334422344433544355443555555
122221111213112133423334235342354445545455554
111221222212322133331343311443444445554555555
123331223312333122431244412454125541154455555
112221111231412314223442233444335453554535555
111112113321133243332434324445224452545525555
112221113213332113224133244332445554455544555
112221132211332133221334213345444454445555555
122231222312223114331143351443515435554455544
111111122211322333223432234335444454555544555
122221123311233112331423314253444554455544555
122221122211123111234444345333455334553544555
111221122231242311423144233445344453335555555
123331223311233122331422214444145551444555555
111123311233312344123341253442544525445255552
111112233122331223112334423544235445555455544
111111222112221322343233433344534455444555555
111111111233222332223444234442345553445535555
112221111213312133323333245522455554544544445
111221222211132143321443244333455334555544555
112221223211332113221134433344534445545455555
111121222212332133321344213344553445554455554
111111122113222332323333245532455554445544445
111111122231244312443222433524355443554533555
112221122211232411324413344443544535555355533
111111122211322333223332234344544445544555555
112221122211112133223344435554335543555435444
122221212212132111331443355443554435444355553
111111213312233123332233422554255545555444444
122221222211112333113341533455334554445544455
111112113122231233342334423444234552544555555
122331223311233112331122314424554445545455554
111111122132221333223433254432554345444455555
111111111222222232453324533445344453454533555
122221111231122341223414434444334555333555555
122221111213112133223333243535455554455544444
122231222311123112231144344433455354453545555
111112121122221223342333433344355545554455544
111111121212222332243332433544535445354455554
111121222211112332224333344433455534555544455
111111121322213422234233342353443554455544555
111121122212223112234433345533445334455544555
111231112311223122334223344235445354455544555
111112121121233222234442345433454434553355555
111221212312223114231542355433554435554354443
122221333211332113324113244132444444555555555
111121222211233412234123344443544435555355553
112221122211223142531445314553445534553344533
111123311233112332123322243552455554444544455
111221222212324123341334413444134553345555555
111221111213122333223332435324555545445455444
111221333213332133321142214442445524445555555
122221323213332133221344413455144451445515555
111111231112333223442334423354225542555455544
111112111122222333323344234452334554445545555
112221222211123144231143344433444335553555555
111121131233312334123344243442444225552555555
111121111212222324253245533455344553444533345
112221223211233122331114354443544335444555555
111111211122333222232423344443444335455555555
111112121121223222234444344333445334555355555
111111222213222134421334233544355543355455544
111121111212222222343333435344355443544455555
111111112233122332223442233455334454445545555
111111211312223422334423342235443354455545555
122221111233122331243312435144354443544555555
111221212212222113334155345533453334555544444
122231112314423114231142344423554235543355555
111111221312333123334222342523445554555544445
111111222112324123342223453334535445355455544
111111222212232122331433344433444355544555555
111111222122321223213334453444534545335455554
111112113122133222334422344233455354555544455
122231112341223412234112344133443355445555555
122221233212232111331333311444444554445555555
111223111233112333123433244222444445554555555
111111211222212332223344453334555345553455444
111112111322213422234442354423554335445355553
111121111213222333224352243555433554345544445
111111122112223222234333344453444534455355555
111112221122221232413354433544355543555433544
111112133121133222332223344243444445554555555
111112111322133224332443325443254432554455555
111112213321143214432244322433244335545555555
111111222211122333245532455324553445334455344
122221111211312313323333245532445554555544444
112221123211332113221332433344555445555455444
122221123213332111324133241433444554445555555
112221123212232123331333415534155545544455444
111111111222222334423334233342543455444555555
111121111212222223334244344443554335545355553
111231112312223122231442344553455334555344455
112221222212332133331143311434544445455455555
111111112212223223332233344443544435445555555
111112133122331423314233542235422454444555555
111112221122211223443233433334555345444455555
111123112231222312423134233345443455444555555
111121113213332133224332543225444254455544555
111112133121133224435224352443524435244355555
111111213122133222232333323445444554445545555
111111212112222333323433234432554445544455555
111123122231112344123444233422344553345555555
111221112211122322243344435544335443355435555
111121331213112333324335244452455524445245552
112231112311123122234423344235444355443555555
111112211122213223332243344443455435544355555
112221332213322143321443211433144455454555555
111111111233332343223442234552345224455544555
111121111231422344223342235442355443355435555
112221112211112342223444433445354453555533355
112221223311233142331422314443144535445555555
111111212122221233332435324355443354555544445
111112213321133231342333422224444445554555555
111121331213112333223322243244444454455555555
111111111233332344423422234442345223455555555
111111211132222333223332435324555445554455444
112231223312233122231111345553454534545544445
111111121122222324423444234344333453555535555
111111221122221232243344433344355453544535555
111111221211222333223445234455334553444534555
111111233112333123342233422444525445255455554
112331122311233112231223344234544445544555555
111111221112233223332333324444244455544555555
111111211312333222234223344233544445454555555
112221111211332133223332435524355445544455544
122221123311233122231114344443444535545355555
111221122311233122331223344433554445444555555
111112111123333224432443322433254442554555555
111121113241132433324453244532455324553245552
111111121221222222334333343335444454545545555
111221222211123114234442345553453334555344553
111111223312233112234222344443454435545355555
111111112212223224332243344433554435445355555
112221121211112344423442233444335453355535555
112221122212223111431544355543555435444354333
111111222212332122331244354433554435554355544
122221222213233133341533415344154441554415555
111112213121133233342334423445224452544555555
111112223124431244312433124433224355543555555
111111121212222332423324534445344553445533555
111221111213122334423344234442345423355555555
111111221134221344223342234442354453555533555
111121211212222133324443244333443554535545555
111121222212322113323134433344344455544555555
111112121122221232243333434334344445455555555
122221333213332134321344211442115445554455555
111112111321333224335244352443522435254455554
112221111211122333243322433444344543555455555
122221133213322133221133314444155445554455554
111111233112333123432244322443244442555555555
112331223311233122231122314453444554444555555
111111211212222322423334433344355543544455555
122221122231112331123441534455344553345534455
111111222213232133321333245532455554455544444
111111213122133222332224354443555435554355444
111111122133321332223332244325455554455544445
122221122211112133123334433554533545555454444
122221121231112311223344433454335545354455554
122221112211122131423334433445344553344555555
122221212211123133231133343355445554444544555
111221133211332133221332244342444455544555555
111111212112222332224333544435443354553544555
122221112231224311243114433344333445555455555
111111112122222332243324433544355543354455554
122221121211112313223333344353444554544545555
111112222122321233112333343445434554445545555
112231122314233142231422314533145534445545555
122221222211132411334511345553455534553344443
111111112122222333324432243355453354555544445
111112211324113244432444322433224355533555555
122221333213342113421334211342514455444555555
111111221322113222232444355443554435443355553
111112231123314223142234452334523345544455555
111111211122333222334422344423544435455355555
111112133121331233332344422444524545225455555
122221111213322113221333344335455554444544555
111111122131222322223334453444533345554455554
111111222122331233412354423554235443354455554
111111111232222322423344235544335543554435554
111121122212232132321333343434444445545555555
111112211123441233442334422334523445235555555
111121122211122322243334435344355543544435555
122221122312223114335144351443514435544355553
112221111213122133223332434334544445455455555
111121312233122311223332453424534445554455554
111111222311223122334223543335435554445544455
112223111231112334123344233422354445545455555
122221222313223133331443311444114455544555555
111111122122231223334233342335455554444544555
111121112212222123423334435544354443555433555
122221111211322113223333343355445554444544555
111112221123213233132333322455444554455544455
111121111213322334423442234422354453545535555
111111121321223222332233344353444554555544455
111111221212222133324443243333435554445545555
111221222212323123331113453334555545445455444
111111222132221342213442534455344453354533555
111111122212222133425344253344553445333455554
111123111232112322223444234444344553335555555
111111223311233122334222344423544435554455555
111121222211322113223333343555435554555444444
111111111232222332443322435244355443554435555
111121111221222222334443344435443354533555555
112221222212332133331143311443444554545545555
111112133121331223334223544235442254555544455
111112211132221322223334433354553545555454444
111221122213222133231433314433444554445555555
112221111212222132331333344433544445555455554
122221221211112331423314433345344453544555555
111111223311233412234442345423454235542355555
111112131123331233332443524445224552445524555
122221222313223133331134351144514445555455544
112221222211122113331444344433454335543555555
112221123211232111324443255433544435445355553
111112311123134233342334423444222545525455555
111111212212223123234233344335444355444555555
111111211212222222334533345533445534455344455
111112113122133223342433424334244442555555555
111111112212222333223333234344444454554555555
111112231123331232312223324443555445544455554
111121311213122332224352243555433354445544455
111112331123114233442234452334522345524455555
111112113122133222332233342553445554555544444
122221111211222113323333334455344554444545555
111112111322313223332443322443244555444555555
111111122311233222435224354243544435454355553
112221112211112332224333343553455534455544445
122221223314223144231444311143514435553355555
111121113213332134324443254332544425455255552
111121222213322113221333344433454444555455555
111111112122222223324433343353434554445545555
122221222311123111231333343535455554545544444
111111222132211322443324453234533345554455554
111111211122223223334223344433445354455545555
111121111212222324223344534445344453335535555
111221111233412334123344234422354423545555555
111112211322133241432444325543254432545355553
111112222123331222314243144433554335444555555
111111233112233122232243324433445554444555555
111112211132241322443224432344333455354555555
111111222112222133423334233444334455544555555
122221122312223145531455314533145531455344443
111112211123331223334223344235452554555544445
111112221122221233213334435544355543555435444
111112113121233222334233342235455554445544455
122221222211233133331334311144444455445555555
112221112312223114231442344433455534453355555
111111222212234123341223453334553445534455554
111111221122231244332243324433445334555545555
111111221122331222332433324433544445454555555
111111221122221332224333344433455534445545555
111111112231222332223444233444534445335555555
111111222312243124431244352243554435554355533
112221122211112344123344233544335443354555555
112221122212234112345113453334533445355455544
111111233312234123341233422344525545254455554
111121112213222132224355543535433354435544445
111221112231132331324333243522445554444545555
111221111213332133323342243422444445554555555
111221333213332143321443215422154425554455554
111121131211332333223432234425444254555544555
111121311213212432224332544325443554433545555
112221122341223412234113345153455534555344453
111111211122223223332234333344555545544455544
111121331213322113224432243325443455444555555
122221112211112333123444234544335543355455554
111111212122221233342234433344353445554455555
111112222132111322243233433334544445455455555
112331123312223122331124315243554445544455554
111221112213132133324333243522455554544544455
111111213122331233442233423344255442544555555
122221221211112131323333343355455554555444444
111112333122231233312233124444255445555455544
111231222311243122431224314443545435453355555
111112331123311223332222344423444455544555555
111112121122213242234432344333444334555555555
111112223123331223312333124444254445544555555
122221122211122111334443343333444535445555555
111111211122223223234233343355435554444544555
111121331213322113323334244442554225544455555
111221222212232111331333344453455534455544455
111221132211322133221432544355433354445544555
111111211122222233224433344443445435555355553
111121222213224133241352413554335543554435544
111111222212233122231443354433554435554355544
122221332213322133241333411554115445554455544
112221122311123112234423345553444534555344553
111112221122331222314423344433445354553545555
111221222211123412234133345553444534445355553
111112231124311243352435524335243352444524555
111112133123311233342533425544225442555425544
111111122131222322323333234555345554455544444
111221112211223412334322343333455554444545555
122221222211112311133333344535455354555544444
111111122212232123324253344553445334453544555
111111122113322333323442233422444445554555555
112221111211212332223344435544335543554435554
111112131122313233332223322444554445445455555
111121331213312433124322243322444454545555555
111121121231222313323332234444344454455555555
122221111213312331123455234552344553444534455
111111221112222333243522435544355543354435544
122221112234112341223411434444345553335535555
111112222123211232214333344553445534555344455
112221121211112333323344235542354443555455544
111221112211222132233333344533455554554544445
112221111211222134223344433334534445354555555
111112111324413244432254322543525435254355533
111112213122133231332333422554255545554454444
111111212122221334223344233544335543555455544
111112222132321333213422134555345553444544455
111123111234112344423442233422334525345555555
111112111123333223234222342533445554445544555
111111112213332334425334255342553425554254442
111111223312333122331423344255442554425544555
122221111211122133323344234455344453544535555
111121122212223112234333344533445354455544555
111112111122344223442333423334255342554455555
112221112211112334223444234444355453555533355
111221111213212332223333233444544445445555555
112231223311223111231442344423445334455555555
111123112231112333423354233542555425444255544
111121112212122322243333435444355543355455544
111121122211122333223333245335455554555444444
111221112211122332223334433444354543555455554
111111213122331223332453324553245552455544444
122221222211233111134133345335453554555544444
112221111233112333123444233442344525445555555
122221222211132113345113455534555345333454444
122221111211112332223333434344344445555455555
111221222211322113321443344333444435455555555
112221122212223111134444344333544435555355553
111121311213122333423334253442555425554255444
111111233122231242312443324453245534445355555
111123111231142333423344253422534225444555555
122221222314423144231433314435154351543515555
112221122312233122331144314433554435444555555
111112211122133422234223344443455434555355553
111111111234442344223442534425322253555533355
111111223112233123334222344233444554455545555
111121112212222133324435244355443554335544355
122221121231112313223134433344553445555455544
111111112122222233243332435344355543554455544
122221112312223111231433344433454354544555555
111112222123211233132233343355445554444544555
111223111231112322223244433444335545355455554
122221212312123111234143344435443354453555555
111123331231112313423334244442454225545255555
112221123211232112324143544435443354335545555
111121122213242132421324433344344453555535555
122331122311233122331122341443444454455555555
111112121121233222234255344453444534455355533
122221112311223144231432314333445354555544555
111111211122222323223334435344353445544455555
112221133213332143321433214522145554445544555
111112133121333213442333422444244452255555555
111112331122311423334222342233444455454555555
111121122211232412324423345533445334453545555
112221122212223113331333415334555545444455544
111111222133221342213424434245344453555533555
111111223312223112334222344333455554555544445
111223111233312334123441233422544255444555555
111111112212222324243342453444533445533355555
112221111231122313423334234342344454455555555
123331232312223122231144351443515445154455554
111111221322213223132233344334544445545455555
111111222112331223334224344243544435455355555
112223122231112311423314233345443455444555555
111221311213332113223332434224544445454555555
111111222112221223442334453344553345335455554
111123311233112333123344244422454254542555555
112223111231112312223333233444555545544455544
111221122211322413224133344355443354435545555
111121112231122334223344235442355443555435554
122221233213322133321133411144555545544455544
111112222123331244312433124335243554444555555
123331233312223111231142351424544245544455555
111221332211332113321333244422554445544455555
122231123312233122341523415334155441554455544
111112221123211332223342435444354443545535555
122331223312234123341234412345144451554515555
111111211312333223332444324443255442555425555
111221112213122133323333234442444445555455555
111112221122331244312243324433444335545555555
111111211122222332223444434544345543355533555
111111121122223223334223344433444534555545555
111112221322113221334244342453444534555355553
122221233312233122331113344115455554445544455
111111111222222333423344233342534445555455554
111111122113222333223422434444335545354455555
111123111233112332223224234444335545555455544
122221123213332113221133314344544445555455554
122221111211312133223333234535445554554544445
111121212212223122331333433344444444555555555
111111222212332122331243354433544435454455555
111221222212232114331144344433554335443555555
111111121322213233332223344234544445455455555
111112222122211223413334453444533445335455555
111111222132211322223444433344534445335555555
111112221132211322443224533445344453554533555
111111213322113223334222344233544455444555555
111111231112333224432443322443224435554555555
111111221122213223332443324533445354555544455
111221122311223122331423354333544445454455555
111112213122231222314233344433444355445555555
112221133213332111321443244332544425544555555
111111121212222332223333343555435554445544445
111111111233332332223322435224555445555454444
111221111231312333323443234442544425554255555
111223112231122341423414234442355453354535555
111121221211222133243332433544355443554455554
111221112211122333324332243555433554444544555
111112111122222323243332435554355543554435444
111112311123313223332223322444444455544555555
111221133213322143321432214332444455544555555
111112211122221223233333334444345545554455554
111121312233122331124322243355435554455544445
111221122211112333323455234452345553444534455
111121311213122333323322243244444454455555555
111221122312223124431244314453444535555355533
111221111212222123323333453334544445455455554
112221123312223112231144355433554335444455554
111111223111233222342533425334253445544455554
111112121121223222234333344435443355444555555
111111112213322332243322434244344443555555555
111112221122113222234443354443544435533355555
111112333123431224312443124433245552445525555
111112111323313233332222322455444554555544445
112221122213232133321133314355445554554544445
111112212122221323213333433444534545445455555
122221123211332144321443214333144534455555555
122221222312243114431444314443153331553555555
111123111231212332223224434444335545355455554
112221112231442311423144233452334553445535555
111121122211232312323333244335444454555544555
111221111212222133245532455334553345334455444
111221122213322113221433344433554435444555555
111112111324313243332435324453245552444522555
122331123312233112341223411234544445455455555
111111221213212332224332543555433354444544555
122221222211234113345133451334513345555455444
111111123312233122234233342235444554445545555
112231222311223122331133314443445554555544455
122221133211132113321333245352455554544544445
122221223412234112341113451334555345533455544
122221223212233143331443311435144551455544555
111111122122221223334244344443455534533355555
111221111233112322223244433444354453545535555
111112113121333222332243352443525445554455544
111123112231122313223333234552444554444545555
111111213122133222332223344335455554554544445
111121212212223114234442345443455334555355533
111123111231122332243324435244352543555455544
111111222133221332213322433554535545554454444
111112222122221332413444133455334453544535555
111221212312223122331333413534555545544455444
112221111231112333323433244432554425554455554
111112213322113241332444322443254435545355555
111111212212222132324333345553444534555344455
111121122231112333323422234444344553544555555
111111222112222122334433344353444534545355555
111112113322113222332233425344553545555454444
111121112213222134423334235342553445534455554
111111122122221223332444344443454335553355555
111123141231412334123344233422354425554255555
122221232211324113241334413544135443354555555
112221223212232113341113453334544345544455555
111111222212322123321433344333444554545545555
122221222212333133331434414345144451154555555
111112121122231222334244344443455435553355553
112221222211232113331134433344553445444555555
111111211212222222334433343335443554444555555
111221312213322133321433214432444455454555555
111111112122222322423344434445333455334555555
122221222311123113234133341335444454454555555
112221111231412314223342234444335543355455555
112221123312223144231142341443444335553555555
111121112212222132234333345333455554544544455
111121331233312333124341244442444525555255552
111111212122221333223333234555344554444544555
112221222213332111321133343344444455454555555
111111122212232122333323453334554445445455554
111121222211222113243334433344354443555455555
122331122311233112231122344433544455444555555
111223312433124311243122431244352443554555555
122221222312423114331443314553144531445355555
122221112311223111234552344533455534455344453
112221223213332111321433214334444445455555555
111111122113224332243222433344335445554455555
122221233211322133321133314444145545555455544
111111221312333123332223324455245554444544555
112221222212332113334133341355415554445544455
111112211123133233342223452234554345444455555
111111233312223123331224322443544445554455555
111111112314423442234442345223452335523355555
122231222312333122331433514455145551444514455
111111122231222313223332434444345553444555555
111111221112223422234233344433444355453555555
112223111231122312243124433444344543555535555
122221223312223111134133341533455554544544455
111123312233142311423144233442344225545555555
122221122211122331114333343553455534455544445
112331123311223111234222344243444435455555555
111112111122223233232333324443444554545545555
122221111213112333123332234555344554445544455
111121222212232112341333433444334455544555555
112221111213412334125342253442534445333455555
111111221312213423334223345223455534455544455
111111211322133244332243322433524445554455555
111121221212222132441344433344333545355455555
111111111233442335423554235542355423544235422
112231222311223132231333311445444454454555555
111112231123341233412234423344223455544555555
111112133121133224432443322433244452545555555
111111212122221342223444433444333453535555555
122221123211232113321133344433445554555544455
123331232312223112231123314455145554445544455
111111211322213422334222343333444454545555555
111111121322213242234422344333443554535545555
112221123211232122331444314443445334553555555
112221111211312443324332244332544335445555555
122221212211112134123344534455345553444533355
111112231122311233332222344453445534455544555
122221223213232133331144314443144451545555555
122231233312333123341222414444155441155455555
111111231312333123332222324255444454455544555
112221222312233112341133413334554445555455544
111111112231222333224333243342444455454555555
122221133211132114321443244432445334553555555
111111212122123222234333343533455554554544445
111112221122213223134233344443554335544455555
111111122133321333223322234425444554445545555
111111222211232412334422344443445535553355553
111121111222122322233333333444444454545555555
122221222213332133331111341443444554455545555
112221111211122333323444233442354453544555555
122221112233124331243112431444355443354555555
112221122212223113334113344553445534445345555
111112131121333223442233423344254442554555555
112221122312233122341333411334544445454555555
111111231112333223332234522345424454445545555
111111222211222132323333455354533545555444444
111121111213222433324333244532455324455544555
111111121122223422234423344433455334555345555
111111111222222223323333334443544445554455555
111121122211232413324443244432445335553355555
111111211122223243332435324453244534445355555
111112113321123222232244344433445354553545555
122221122231442311423114431445335453554533555
111221222212132111323333334445344454445555555
111112113121333244432243352443524435224555555
111111122131422344223444234542345523555533355
111111111233322343323443244532445524452255555
111221311213322132221344233345344454445555555
111112113123331233332344424445224455224555555
112221223312223112331114344443444335455555555
112221122311223112231433354433554435444455555
122221112211222311443514435544355443355433355
111121121212222123324443544335443554335543555
111121221212222134421344433445333455334555555
111121311213222132223332453334555445555454444
111221211212222134241344453434534345333555555
111112122122221323213333344443454434545555555
111111121212222332243342433444335545354455555
122221222212333113341134413344134445545555555
111111211322213222234424354443545435455355533
111121211212122322243344433345344453345555555
112221122211123411234442354443545435555355333
111221122211222311423334435554335443554435554
111112131121333233332344422244254452544555555
111123111232112322223425534455334553345544445
112331223311223122231233314444144554445555555
112331222311233122331244312543155445554455544
111111112213222332443522435244354443554533555
111121312213322134221344233442535445355455554
122221112311223415234152341533445534445345553
111111221112222332223444434454345543555533355
111112221132211322243324453334533445544455555
111112122122221233213334434444344543555535555
112221122231122311243314433344344443555555555
111111123312223124232242344443544435553355555
111112213122131222332333324345444454554545555
111111222212332124321443244435443355433555555
111112331123411234442333422354253542555425554
111221222211122131425334455344533445533455534
122221122231221311113333453334544445554455554
111111212132221332223444233344354443554555555
112223111231112331223442234444334455345555555
111111222112221334223444234444333455335555555
111112222133321443214432143322433554445555555
111112113121333222332443322453244554445545555
112221223311233122231144314433544355444555555
111111222112221324223444433554355443355433555
111111212112222332443224433344333545555455554
111111233122231223312233425534555345455454444
111121121231222312223333334535445554554544445
112221122341233412234112341333444354555545555
111223111231312333123334244442454524545255555
112221122211112314223344433344533455344555555
112221111211122332223333435554335545554454444
112221222211112133124433344443554335443555555
111112331123411234442333423354225542254455555
111221222212322133331134314443555435544455554
111221112211322143524435243352435554333544455
122221212211112113323333333444555545554455444
112331123312223111234142344423454234545555555
122221111211222132341333433344534445555455554
122221112211122131423334434444355543335455555
111111222312233123341233422344553545555455444
111111121133244332243324432244332445525555555
111221222311123412234124344443554435555355533
122221212211132111324433343335453554555544445
111111211322213222232333343345444454454555555
111111121122222223442334453334533545355455544
111121312213332133221322233455444454444555555
111223112231222311243512435554354443554433554
122221111231122311223444433445344453355535555
111221222211223144231144354433554335445355553
111111121132224322243224433334535445355455554
111111121322213222232443344333543455444555555
111221122312223122331333314535445554455544445
111112222123331222314423144533445354553544555
111111212112222324223345534455344453344533555
111112211132144322243244432245334455333555555
111112133121231222334222344443544435545355555
122221111213112331223332433444354445555455554
111111112132224324443224532445324453555533355
122221333211332133221433214444145441555455555
122231123312223123331245311453144554455544455
111111112122223423234232343333445554444555555
111111213312233122232233324434554445444555555
111111221112233222334223344433544355444555555
111121222212222133331444315433554435554355544
112231222312223112331455314533145354455544445
122221112233122331124331144335445354455544555
111112221324113241332433324433224445555455555
112221123211232142321443314453444535455355553
111121121211222333223432344333445554455544555
112331223312223122231433314555144451445544555
122221122311223114235143351433544335544455554
111112221122231224312443344443455534553355553
111111121132222323243232433344355545554455544
111111222112233123334235342353425554444544555
122221123412234123341233411534515345553455544
122221111211112332223344433354335545554455544
112221222211232113341333413354553545555454444
112331223312333122231442314425144451445555555
111121222212333122331233314443445454554545555
111111211322213242234422345553455334555344453
111111222112322133324333243552435554555544444
122231112311423114231542355423544235444355553
111221222212323133231333311444444545555455554
111221332213322113321133244432445554455544555
111223311233312333124311244442554225544455555
122221233212332113321133414344144455454555555
111111211122223224332243344433444534555355555
122221212211112331123333435534355545555444444
122221232213332113321113415334554445444455555
122221222311223113331133314553444554445544555
122231122312223123331113344143444445555455555
111121211212222123323333334344544445555455554
111111121122222332223344533445344453445535555
123331222312333123341224411254155541554455544
111221222211233122331143344433454434545555555
111112211122221322243344433334553345554455554
111223312233112433124431244312443524455555555
111112211132122322243324434444355453354535555
112221122231222311113455534555344553444533344
111112211122231223332233455344553445534455544
111111112122222322423444434554333543355435555
111111211132224324443224433224335443355555555
111112133123311223332444324453244552544525555
111221222311233122331233314453445554444545555
111223311231122312243122433444344553544555555
111112221132211332223324433444355443554455555
112221111211122322243333453444533445355455554
112221112211112333323445234552345553454534445
111121312213322132221333244335444454445555555
111111233112333123342223422234555545555454444
111111233122231243312443325443255432554455554
111111112133322333224332243225444455444555555
111221122312223112234144344433453334555545555
111111121122222333223432534335344554445544555
112221333213222132241344413454134551344555555
112221222211332113324113343335444454555544555
112221222212323133331113314435445554555544445
111111123112234223342233423334254445555455554
122221222211112133331343314443554435444555555
111123111231222312223444235444355543335455554
111121312213332133221322243355444454454545555
111112111122222322443234433344334443555555555
111221122231112313223333244335455554554544445
111221332213222132321333411344554445445455555
112221111213112334423342235442355443554435555
111121111212222322243444433334334445355555555
111121111212222222334443355433544335444355555
112221122213322113321433314443445434554555555
122221122211112341123444434455345553455533335
111121112231124333245332453224534245344455555
111111112213222332224332344333455554444545555
111221312233122311123344234442344553445555555
111111122112222323223333344435445354555544455
122221222212333114331443315443154431554455555
111111213122231233342333422234554445444555555
111111122212222123324333344443544335445555555
111221222211233142231443314553444534455355553
112221111212222132441333433554335445355455544
111112211123314234442334423345223455234555555
111121221212222133321433354333544445545455554
111111112212223224232543355443544335544355543
111221112231222311223333434444354543555455554
111111211212222323423334233444334545545455555
111111222212232112324433343335435554455544455
112221222211332133321133314443445444555545555
111121221213222134421344233544355543555433554
112221122212223133331143315433554445444455555
112221112213222133321343513435434454444555555
111221222211223142431444314333543355443555555
111221312213222132241344413344533445534555555
111112221123441234412334423445234552355533555
111123111231132333323445234552445524555244452
111111221132212332224333244533455354455544455
111111122211232333324333243422444445554555555
112331222312223121231114344443544435554355555
122221122231124311243114433334553345554455554
111111213312233123332243324445224455444555555
111123311231142314423442233442533425554255555
122221233212332114325143351443514435144455555
111111222133221322213332435554354443554455544
111111111233332322223332243552455554444544455
112221222212234133341133451334515345554455544
111112221122231322313323453334554445444455555
111111112212223224232444344443455535555355333
111121122212222133421344533455334553444534555
112221222212333124431144314433144535455355555
111112113123331223332223344225444454555544555
111111222122321223312333433344555545545455444
112221111231442313423134233342535425554455554
111112222122111322443324434445345553455533355
111111222113322132223342534455334553445544455
111112111122222344423434233342553445533455555
112331222312223124231443314443114535445555555
122221232211332113321443311433544445555455554
112221222312123111234414344443543335455355555
112221322213232132341333411134554445444555555
122221122312223133331433314444115445554455555
111112211123313233332344324444224542555455555
122231223312233123331234414445145451455514555
112221222311223114231544315443554335544355543
112331222311223111231422344443444435555355555
111111223122331422314223542335443554435544555
111112131123313243332444324543245552445522555
111111121122222223324443345433455334553544555
122221212211132133321133433344444444555555555
111111211132222322443322433344354453544555555
111111222112334123442233423344235545355455554
111112113123331223332243352444524445244555555
111112211322113223332333425344254445555455544
111112111322213422234223343335435554445544555
112221122212233124431143314443444535555355553
111111213312233122435524355243552435524354444
112221122231112344123441233445334453545535555
111112211122213223332234355443555435554354444
111111121312223224234242344433445534555355553
112221222212233111345113453334534445345455554
111123111233122321243222433444355543544455555
122221111213312143221433254433544435454355555
111111221122231222334423343333444454554555555
122231233312243124431245312453144531445515555
111111222211232313323334234442345445455455555
112221132213322113221433314443445435554455555
122231123311223122331233314445144554455544555
111112222123321232214335144355433354455544455
111123111233122331243322433224444445555455555
122221222212113111331333345553444534455544455
111111222133221332413224435244355543544435555
111121122231122312223333433344444454555545555
111111111232222322243233433344344445545555555
111121122212222123341334433344534445345555555
112221112211222314423134533345344453445535555
111111222112221333243422434444335453354555555
111111122211223222234433344353444534545355555
111112211123331223332233452234555545545454444
111111221311233222232333323444544545545455554
111111121231222322223444533445344453554533555
111123111231122322243332455324553345555454444
111111112122222223443234533345343453444555555
111112131321333213332223422444524445545455555
111111123112233222232423344443554435445355555
111121222211222133421344433544355443355435555
111112222133221332213332143355455554454544445
111121112211332443324333244532455324455245555
111112113121333223345223455234522345444455554
122221222213442133441334413344135541355515555
122221111211322133221333343355445554445544455
111112111122223244232245344453444535555355333
111221211212222113323334434445334455344555555
111221322213222133231333314444145445455455555
111121222211112333323444234452345553444535555
122221112233112331223114433544355543544455554
111112221133221344213342234452344553455534555
122221222211123451134511345333453334555544445
111111122122221332223444433454335543554435555
111111122311223222232443344433554335544455555
111112133321133214332243352444522445244555555
112221111211222133323343234444355443555455554
112221223211233112334124341443444535455355555
112221122211112344123544235444355543335433555
111111233122331233312334424444245552455524555
111111212122221332223334433444355443554455555
111111112132222322323333233444555545544455544
111111222112221342223444434455344553335533555
112221111212222123441334453334553345534455554
112221112213222133231433314443444534555545555
122221111213132131324333243532455554445544455
111111121212222222334444343333445534455355555
111121221211212332224333345533455534555544444
111112211322413224132444324443254535555355533
111111122213222134423344233442334555344555555
112221222212342113441133413344335543554455555
111121132211332144324433244322433254555545555
111121121231222312423334233544355443544455555
112221222213233132331333411144555445444455555
111111222122311223334225344553455534455344453
111112333123331223312435124455245552445524445
122221222211112131331333344434554345544455555
112221222211132411324133544435443354433555555
111121331211322313223332244342544445544555555
112221121231112333123444233442534445355455555
111111121212222332224333343335455554445544455
111121111212222333324335243552434554345544455
122221212211122131145334453444533345335455554
111111121213222334223344253442534445334555555
111111222111222333223444233444334455345555555
111111213312433124432244322443224335545555555
111121131213312432224333244532445324555544555
111111222212223132231333344443555435544455554
111121222211222113233333344443444434555555555
111112223122331223312333123444444455454555555
122331123312233112331223411244555445544455554
111221112211223412234425344553445334455355533
122221123211232133321334415334155545544455544
111221111213222132243332453334553445544455554
111111122211232333323422234444345553444555555
112221111211122332243342434444333455354555555
111123112231132331324333244552444524445255555
111111121322213222234452345553445534555344433
111112221132211322243442434444355543355533555
111112313123131233342233424444222445555455555
122221211211112341223444533455334453445533555
111121121212222123334243344443545435554355553
122221221211112341123445534555344553344533345
111111221122213423334222344433445354453555555
111121122211232412334223344333444434555555555
111221122212222113331333343443444454555545555
111112233122311233312234425344253445544455555
111221222211122311243333433334554445544455555
111111212122221223233333334444344545555455554
122221222311123411234411344433554435543355555
111221122231222311423314434444345543555533555
111111221211222322423344433444333545535455555
122221112211222111345553455334533345533454444
111123122231112333123344234442344525445555555
122231122311233112231123345533455554444544455
111112111322213224432443322443554435543355555
111111212122221232243334434444345553455533555
112221113211132413324443245532445324453355555
111121211212122322243555435554355543344433344
111111121321243222432244324433544355433555555
111121212212222113324433344433544335445555555
122231122312233112231133341355455554444544455
111111222212232112334423344333453554555544455
111221112212222123441333433444344543355555555
111111222112321423224432354333544435445355555
111111211342213423334223342223455534555544455
111112133121133244432243322443224435545555555
111112212121123222233333333444555445555455444
111112211122231222343233433344553445444555555
111112211122221232243334434345344453554535555
112221333213442133421334215342154421544555555
112221123212232123331444314543145334455545555
111221111211222334223342434444334453555535555
111111211212222223324333344443455435544355555
111111122131322333323322234244444454545555555
112231222312443124431244312443154331553555555
112221222311233122331443311433444455454555555
111121122213222133221333455334555345444455544
122221111211322113224433354443544435453355555
111121222212223144231143344433454354533555555
111111211122223222233333344335444454454555555
111221111233312334123445233452344524455245555
122221122312233123331133411344555445555455444
112331123312223122231123314435444454555544555
111111222112321223342333423334555445544455554
111111121322213223332233425334555445544455544
111111112213222332224333244335453554555544445
111111112312223222232333345553445534555544444
122221322213322143331443311435144551444555555
122331223312233112334123541245411454444555555
111112222123221233312443144335433554555544455
122221222212333133331434314444115441554555555
111112133121133233332344425544225442254455555
111111213112233222232444325543554435544355543
122231122312223113231433314434154445545455555
112221223211232113321133344355453554555544444
111111122121233222332423344443554335544455555
111231222312223111231442344433444335455555555
112221122211122131423344435554355543355433544
111221311213122331223344233442534445554455555
112231123312233122231123341553455554455544444
111112213122131223342333423344255445544455555
112231123312223122231133341355455554544544445
122221322213232133341133411344514445545455555
111111121213222333223332243355445554555544444
111111222212223122331333433434544445544555555
122221122211122134441354413544335543335435555
111112333122431224312443124333244452545555555
111111222211122345523452234555344453444533335
112223112231122331124331245335453554555544444
111221122231222311423314434445333455344555555
111123112234112341223442233442334453554555555
122331223312333122331244412554115441555455544
111112211123331232332222344443544435454555555
111111211322213233332334422354255545555454444
111111222111222333324333243432444455445555555
112221123212232111321433354433544435454455555
111221111213222133323332233445444454554545555
112221223212132111321443344335433554455544555
111121331243112433124333244322445524555245555
111221111211322333423534235342354425544455554
122331122312223123331244311443155445555455544
111121222212232123341134453344533345555455544
111123111233122331223332234442445444555545555
111111122112223223234233345553455334455544445
122221112311223122331443314333544445544555555
111111121133222344423344234442334523555255555
111112211122231223342333423444534445345555555
111112133421134221342233452334523445254455555
111223111231212312223442534445345453454533555
111221113213132431324333243222444554545545555
111112222122221332113333435334555545444455544
111121112231422314423342234425334453345555555
111221133211322113323332234424544445545455555
111112222122231223314433144355443554433545555
112223122231222311113414434444355443355535555
111111121122233222234442344433454435555355553
112221112233112331223312453444535445354455554
111111221122331222334224344443554335445355555
111121111212222333323432234334544445554455555
111111213312123222232243344443554335444555555
111112211123133233342334422344225445554455555
111121311233112332223224432554355543545455444
111111221122221223443233433334355445544455555
111121111233122332243224432554355543354455544
111221222212223114331444314443445535553355553
111112211322113422334222343333455554444545555
111112211123133233332433424444245542555425555
111112113121333233342334422244255442555455554
122221232312333123341234415344155541555415544
111111112122222223332445344553445534555344533
111112221122311223334225345553455534554344443
111121311213312443224333243532455524555244455
111221312233112433124431244322443355445555555
111111121321233222332224344443455534455345555
111111122213322132223333234445345554455544455
111111222112222122345333455344533345553455444
111121131211332444324433254432554325543255552
112221111231212312223444434554333543555435554
111221122212233112231443344433543355444555555
111221112211123222233333343443444445455555555
111111122121233222232333344334544445545455555
112221222211132113321433344453454534555344555
111111221112222333223432354333544445544455555
111221111211322333323432234525345554455544445
111111222112333122334223344233455554545544455
111121111233212322223342433444344553544555555
111111212212222132324333345333455554455544445
122331122311223142331423314234144445555455555
111121122231242312423154235544355443555433354
111111223312233142231423354223544435444555555
111221312213332133221132244344543455444555555
111111223111234222342333423344234455544555555
111121222211122314423444234444355553535533355
111111222122311223342234433344355443544555555
122331122312233123341253412534115445555455444
111111221112223442334522345523445334553344555
111111211122222332323333233455444454454545555
111221122231122311423344234444333545535455555
111221122212223112334143344435453354553544555
111111112122223222432444354433554435554355533
122221111213112333124432244333443554555544555
123331222312223122331114311443544445554455555
111112113121333223334222342243444455454555555
112221223311233122341233411334544445555455554
111112221322113221332233344553445534555544445
111121121211222332223444433344355453544535555
122221122211122111343333433434354445544555555
122331122312233112231123314434554445445455555
111121113213332134325343253442555425544255442
111112133121341233442233422534225345555455544
