111112133321113223334225344253442554425544555
111112221324213241132443322433444535545355555
112221332213332143321433214442144551445555555
122221112213322113241133433344534445545455555
122331233312323122231244311544155541555455444
122221211211132144321443254433544335453355555
122221333211342133421334213442114555444555555
111121113241132433324433244322443225455555555
112221222312223111331413344443444535545355555
122221232212324133341343413444135451554515555
111121212212222133241334433554355543554435544
111121332213322133221333214442444554544555555
122221112211222311443154433554335443355435554
112221112231112312223444435554335443555433554
111221222312233112231133344433454444545555555
111112221123231232312333425344553445554455544
111221132211322133221334253344534445554455554
111112211122213222332333333444554545555455444
111123312231112333124334244342544425455255555
111112221133241322413224435254355543555433544
111111213112233222232432344333444554555544555
111111111222222232423334433444344453355555555
111112222123211232145323453334534345544455554
111111223312223124231442355423544435454355553
111223312231124311243312433324555245554455544
111223111233112331423344235442354225544455555
111111221122213223332433324433444554455545555
111112111222122322233333334344444454555545555
111112121122221332243332453444533445354455555
122221211212132111323333333444555545544455544
111123111233312333124433245552445224455244555
111121122211222133224335543335443354444545555
122221233212232133331134411344144455544555555
111121131213332133324433244222444425554555555
111111122131322333224333244432444424555555555
111221333213332111321433254422544245544455555
111121112211223442334423342233444534555355555
112221112213442134221344213544335543335455555
111111121122222323243233433334555545554455444
111111112231224332243222433334534445445555555
122231233312223112231143311435444554445545555
111111222212333123441234522345333454444555555
111121211212222133223344435544335443354455555
111111222112221333243322453334534445555455544
111111211122222223423334435544355543354435554
112221112211132441324443244432433335555355555
112221122212223113331134353343554445555455444
111111221312233124332243324433244555444555555
111221222312223112431444314343543335445555555
111121122213222134221344433344533545535455554
111121132213332113423334253442554425444255555
122221222213332113441334413554135541354455554
112221222314223142331433314443145431455555555
122221211211112331223334434445344453354555555
111112222122211322313333334443445444555455555
111111211122333233342323422234555545554455444
122221122231212311113333343344444454455555555
111111222111222332223345533445334553445544455
111111112212222333224435244355433354435544555
112221121211112332223344533445344453455534555
112221111211222122333333334444345454455545555
111121222211232143321443244433444355533555555
111111213142231422334255342253425534445345553
112231122312233123331224311543555445444455554
111112211123314233342253425534255342553455444
111112111322133222332223344335444454555544555
111221311233122311223332453324544445555455544
111121222211332113324443245432454334543555555
111121112211322333323445234552344523445544555
122221121231112341223414434445334453555533555
122221211211122133321333344443544435445555555
112221113211332113223333234552445554445544455
111121131231312333423444233422544425455255555
111112131321333213332223422244555445544455554
111231222312223112231144355443554435544355543
111111222211232412324423344443554435533355555
112221111213322113243332455324553345444455554
111112131122331233332244352243525445554455544
111223111231112344223422234455344453455533555
111121122213332134221342233444335545554455554
111112221322213442134421345233455534555344553
111121122211123422234452345553455534455344333
111123311231112333323443244552445524445255552
111121112211223222234443344443455334553355555
112221121211112344223444234455334553345533555
111112111323133233332224352444524545255455544
122221112213222133441134415334553445533455554
111111222213322132241332455334553345444455554
122221222212333133331114351143554445445455554
111123111233112333423334244442544225542555555
111221112212222133321343344433454354545545555
112221111213312133223322435444355543544455554
111221222212233123331144314443444334555555555
112223122431244312243112433144331453554555555
111112331122311223342223452334555345554455444
122231222311223111231133343355444454544545555
111112133122311233332234424344244452554555555
111111112212223422234523345553455334455344453
122221223311223112431444311543555435444355553
111112113122133223332223425334555545554454444
111112222122331233112333323444444454455555555
111121112213322132223334233345444454445555555
111111223112233122334425342253444534545345555
122221111211332133221432544355433354445544555
112221123212232113321143344433455534445545555
111221111234112342223442233444355443355535555
111111212112223423234232344333444535445555555
112221222211122341113444435544335543355433555
111112133123311233332222342425444454555544555
111112113121233222232233344433544445555455554
122221211211112133425344253444533345335455554
112221332211322113221134433334544445454555555
122231123312223121231113344433454444545555555
112221112233122331123414234444345543555435555
111111222211322313323333234442444455544555555
111111121231222322243244434454334543555533555
111111122112233222332333323445444454445555555
112221223212332123331444311453144534445555555
122221233212232111331133451354553545555444444
122221223212233111131133343355445554444544555
111111122211222332243332433444534455344555555
111111122213332133324333244222444554544555555
111111212112222323423334233444534445354555555
111111222112222133223333433344544445555455554
111121221212222133321333453444535445355455544
111111233112331223342234422334525445555455544
111112211122213223332234455334533545555454444
111111112212222322243334433444533545355455554
111112111321333224332245324453244532455544555
111221122211123122234445344453445534553355533
122221121211112133323345234455344453444535555
112221322213332111321133244435445354455544555
122221112211222311143344434454355543555433355
122221222312233143331444314433114551544555555
111111122131244322443322435244352453554533555
111111233312223122431244322433444534555545555
111121122211233122332233344443455534555544455
111111111233322343323433244222444254545555555
111112222122111322233333334443444454455555555
111112121121223222334233344435444354553545555
111111112133322332223342243425434554444555555
111111112133222332224333243352455554554544445
122221123211232142331443314443154335544555555
111123312233122311223312243355444554455544455
122221222213323113331134311344444455544555555
122231233312233122231111345153455554554544444
111121122212233122341233455534553345543455444
122221211211122113323333344443444435545555555
111111112231222334223442234445344553455533555
111221112211223412234442344433454335553355555
111112111122222333324343244432445334455555555
111111222112321333243322453324534445544455555
111111121122222332243332434444344543355555555
111223112231122331123344233442344445545555555
111112113123331223334222344223544445544555555
111111211122333422234225344253444534455355553
111121112231224312243224434445334453335555555
112221111211122334223444233444354453555533555
111112222122221233114335543335443554435544455
112221322213322113321113455534555345453454444
111121112211322333324443243332445524455545555
111221122211122312243444433544355543355433555
111221111231222314423442234444333543355555555
111112211122133222234245344453445534553345553
111123122231222311123333234444355445554455554
111112121122221324443234432334333545555455554
122221112211322113321333344335445554455544455
112221111211332143324433244532445324553545555
111112133122311223342333423444224445555455555
112221222211233112341333413354535545555454444
112221132211322133221133433344555545545455444
111111221112223425534225344253445534555344333
112221222212132111341333433434534445545455555
111111122113222332243352435524354443544435555
112221111213312433124332243552435554355544445
111112213121133222334422344523445534555344555
111111121122222232332333333444444544555545555
112221122231112341523415234555344553444533345
111111122211222332223444433334335545554455554
111121121231222312223344433454355543544435555
111221133241332413324135241352453524555244455
111121133211332413324432244322453254555544555
111111222132211322223333343443444455445555555
111111122212222133324353244533445334455544555
123331222312333124431244312245144451455515555
112221112211222113323333344433455554545544455
111111122211322333223442234444335543555455554
111111211322213233332334322544525545554455444
122221223312234123341533415534115341555455444
122221112231112313123333234344444455454555555
111111122112222322333323453334555545555444444
111231222311233122331423314235444554444555555
111111222122221223313333435534355545555444444
112221322213222133331434314443144551445555555
111112133321133214432244325433254442554525555
111111111222222332243552435554355443554433344
112221122211233122331333415334555545545454444
111121222211122133223344434444345543555533555
122221223212132111331443314453445534445355555
111111122132221332443324453224533445534455555
122221111213322133221133343345444454555544555
122221233312223142431444314333144551545515555
111111221211222342523445233455344453345533455
112231223311223122231113344433444455454555555
111121122211123222234333344453455534555344455
112221111211212332223333334444354545545455554
111111222112221222334444344443455535555355333
111121333213222134421344213542335425554455554
111121322213322113221333233444444454545555555
111121312233122311223332234455345554455544445
111112112122221233332433324343444444555555555
111112113321133233332222324424554445544455555
111112221122221223313333435444354443554455555
112221111211332413224333244532445334455545555
111123312231122311223342234444344453545555555
111111222122311223332244344453544535445355553
122221322213322143331444311143155435554455554
112221133211332133321343214442444524555545555
112223111231112333124334243342444425455555555
111121122211222313223333344553455534445544455
111112311123133233342344423445224552445525555
111221112211122332223333453434534445545455554
111221112233124331243312433524535245555455444
122221333211322133321345213455114554445544455
111111223112331223332233324445245554455544455
111111213122133222342323423334544445554455555
112221111231112333423534235342553425554455444
122221222213332114331143314435145354455544555
111221222212333122331333411534555445544455544
111111111222222232423344433344533345555455554
111111213312223123332233322444544545455455554
111221122211122133234332345333455554455544445
111221111211322333423444233422334445545555555
111111122122221332243324433344344453545555555
122221123211233122331333411344555545544455544
111112222123111233332443524435243354455544555
111123112231222311423334233342444454455555555
111111221122221333223342534445344453454535555
111112123121231222332433324435444355444555555
112221222212233111334411344433445334455555555
111111213112233222332422344443455334455545555
111223311231112331223322243355444554455544455
111111233112231422334522345523445234555344455
112221112312123122231444344553455334455345553
122221112231112314123444234444345553333555555
111111221112223442334223544235443354533545555
112221112314223144231142344423545335455355553
111111222113322132224333244433454434555545555
111112222133221322413324133444534445345555555
111111231122313243332435524335244452454524555
111111122341123444234222342253455534555345533
122231223312333122231144311443154445545455555
111111221112222223243333455344553445334455554
111112333122331222312423124335444554455544555
111111213312143225432254325543255432544355443
111221111211222332443322433334535545555455444
111111222112321223332435324553445534455344455
111111123114233442234223342333422554455545555
122221222211123141134413343333443554455545555
122221222312233111331133314553444554445544555
122221122312223113331133314435444454555544555
111221122211122331223334433334555545444455554
112221222212132111331333453434534445445455555
122221222211112113133333334443444554555544555
112221123213332133321332214455144454454545555
111111122211222333323432234555344453455544455
122221123213332113221333414434154445555455554
111112213123331233312223424434244445555455555
111111211322133233342334423554255442544425555
111111233112331222332224325543555435554454444
111123311231112334423342253442534425445255555
111121222211233142231442344433445535455355553
112331122311233122341223415234555345544455544
111123312233122311123332243425444554544545555
111111112122222233224333344453454534555344555
122221222211123141131443344433455354533545555
122221111211322113223333433344554445554455554
111112113122331222342223433334555445555455444
122221112231112333123331243555435554455544444
111111211312233222332433324344244445555455555
111111111232222332425324453244533345344455555
122221222211123111434414344443453335533555555
111221332211332113224133244332444445455555555
111221212212222113331333343355455554444544455
111112131321313233332444322445224452544555555
112223111231122331123334234342544445555455554
111111112213322333223433234522445554455544455
111111122133221322223444233444335443554555555
111111213122133422234222345333455534555544445
111111213112233223342533425344253542555455444
111111121132224322243224435444355453354533555
111221122211122133223334434345344453454555555
112331123312223112331124352243544445445455555
111111221212222123243334433345343455444555555
111112112122123222234333343553435554445544455
111111122211232422324423344433544535455355553
111111223122231244312243324433444354553555555
112221122211122134421334433554335543355455544
112231122341123412234112344423554435554355553
111121122211222312243444433455344553345533555
111111122131222342223444234344333445535555555
111111221312333122332223324443545445555455544
111111233112331224335243352443522445254455554
122221122231112311123444433554335543555435544
111121221213222132321333333444555545554455444
112221223212332133321343413444114445555455555
111121222212332113321433244533455354555544445
111111122132221332224333243555433554455544445
111121222211322113224335543335435554345544445
111123311233112433124333242222444445455555555
112221112211223144231442344443553435533355555
111111212122221332443324433244333455544555555
112221112211122313243332434444354443555535555
111221112213322133241532455324553345534455444
111111122231122333224332543325434454444555555
111112122122221233312333344443444435545555555
111112112122221223332435344453444535445355553
111221122212232112331455344553444534455345533
112221222212332133441133415534153345544455554
111111212112222223233333334355444454555544455
112231122312233122331233411434554445555455544
112221112211324133241332433324354445544555555
111111211122223444234442344423555235553355533
112221222311123144231442314553445334453355555
111111121212222323243332453334554345444455555
111111222111222332223444433344353545535455554
111112331124331244312243322433244452554555555
122221122213332111321433314443545435554455554
111112223122331223112433324334444445455555555
122221123312223123331134413344155445555455544
111112222122331233312243155433544435444455555
111111211122222222334333343355435554555544444
111111221112222333223444233444535545335455554
111112111122223442234442345323453334553545555
122221112211132133321344253344533445444555555
111221111212222133323343234455334454445545555
112221123212232112331333314443544445555455554
111111122122221324223344433344355443354555555
111112221123211332223324433445334554444555555
111221212312223122331444314543445535445355553
111112222122221333213444133444333455544555555
112221122211232113324143344435443355443555555
111111111222222232245334453444533345353455554
112331123312233112331223412244444454545555555
112221122211122113324433543335443354455544555
111111221232112322223334453334534445545455554
111121222211112332223334435354355543545455444
111111212112222334423334233442354443555455555
111112222122211232413334435444355543554433555
111111212122221333223342533455334554444544555
112221111211132444324433243322443355453555555
111112222122111234442333423334533445554455555
111111211132224332243222433544355443554435555
111112221122313233132433324435244554455544555
112221223311223122331113344443445534445555555
111111122211222344223445234455334553445533355
122221212311123411234312343333455554545544455
111112111122222234223344433544355443555433555
111123111231212342223442233444533345554455555
111111213122133422234233342335424554444555555
112231123312233112331223312444555545555454444
112331122312233112231122344443555435554455544
111112211122221233442233433344535445354455555
111111221112233223334222344453444534545355555
111121131213322133223322443324444445554555555
111121311233312443124335243352445524552244555
111121111231222344423434234342333425554555555
111121112233112322223344234445344553455534555
122221112211122113234433343353443554445545555
111111123112233222232233344343544445445555555
111121112212222123343234433354335545554455544
111111231312333124432244322443224535445555555
111112211123314223342333423534225445554455554
122221223213332134521345513455134551344514445
122331222312223112331111344433455554555544445
112221111212222112334333344533455534545544455
111221332213322113221133244433454445554455555
122221232211322413334133341113444554555544555
122221121231112341423414234444355453355533555
111111112213332333223422234442354445545455555
111111122231122334423342234452344553544535555
112221111211222133323344233344354445555455554
111221111233112332223333234442555445555455444
111121111231222322443225435554335443354435554
122221233212233123331113314444145545555455544
111223311231122312243122433344344445554555555
111111121122223233332233324453445554455544455
122221222312323133331343411444514545155455554
112221112231222314423114433444335453354555555
111111221112222223234333344333455554555544445
111121112212223123234233343335455554555544444
111123312231112341223422234555345553444534455
111223312231112313123334234442545425554455554
111121122231122314253342533425334554345544455
111112213142131423334222342553425334555544455
111121333211332411324433244322455224455545555
111111221212222132234333344333444455454555555
111111122112223422334223344433454354553545555
111121111231222332423444234542335443355455555
123331223312333124341244412224115545155455554
111221111211222322243344433344334455354555555
123331222312233124331243412444114551445555555
111221212312223124231144355443555435544355433
111121113211332443224332243522435554355544455
112231222312423124231144311443554335445355555
111112211122313243332433324355244552455544455
111112113322113223332233324445245454455544555
111221122211223122331443344435444354533555555
111111221112222333223334233345444454445555555
111111221112333223332334422344255445554455554
111111231122313223332233422434544445454555555
111111121132222322223333344433445554455544555
122231223312433124431244312443115435154555555
111221312433124311243152433524335245552455544
111221112211222132423344453334534445334555555
122221122211123111234555344553445534455344333
123331222311223122231113314553445554555544444
111111222111233222232333344353445554444545555
122331123311233112431224312243444455454555555
111121122211122332224333343433444455544555555
111221112311123222234423344433544355443555555
122221122211223111331455344553455534545344433
111111112212222332423344234444334453555535555
111123111233112333223322234244444445545555555
111221111211322443224433243352443554533545555
111111233312233123341234422344244442555555555
111121131213312443324432243322443254555545555
122221122211322113331134344443544435554355555
122221223212332113331333411144554445555455544
112223121231112341423414234442345453355535555
112221122212223114434114344443453335535355555
111111121133222333323432234422445554555544455
111121121211222333223344235444354443554535555
111221122312223124231143355443544435454355553
112221111231442314423144235542354423555533355
122221222211123113331144344443544335453555555
112221333213332133221132451124544445454455555
111111233112333122334222342423444454455555555
111111233112331223342233422344244445554555555
111111221133221344223444234452344523355535555
111221222211122331123444433454335543555435554
111221332213332133221334211442554445544455555
111111212122221323223334435354355543554455444
122221223212332133331113411434544445544555555
122221111211122331223444433345334453544555555
111221122211232133321435244355443554433544555
111112221122221322313333334443544445554455555
111111122113222332223344234444345453455535555
111221311213122132223332434344344445554555555
111221333211322113224132243355435554555544444
122221122231112333123341534415344553445544555
111121331213112433324443244332455224555245555
111111121212222333423344235442354443554535555
111112111122222324243342434444333543355555555
111221122211122134223344453344533345355455554
122221223211232133331344313445114454445555555
111111122231222312423324433334344445554555555
112221112211122314423344233444355453354535555
111112231122313223132333324444244445455555555
111121222211232132321333343355455554454544445
122221121231112334123341233445344553455544555
111221111211222344423344233342333455544555555
111121221213222133221333433344555445554455544
111112133421134213342334422334225445254555555
111121122211122322243333433344354445555455554
111111112321223222234244344433455334553545555
111111122212222132425334453344533345534455554
112221222211322113331133344433444554545545555
122221222212333133331344314445114451445555555
111111211212222333323444234542355443555435554
111123312233112331124333244222444555444555555
111111221122221333243532435524354443545435554
111112221123211232223333435444354443555455554
111121111231322333224322543525435554344544455
111111122133221333223442233442344445554555555
111112111123333233332444324444225442255555555
111111112122222232442333433344334455544555555
111111231112344223342234422344233545355455555
112221122231122311123333344343544445545455555
111221112312223124231243344433444535455355555
112331123311223122231123344235445554455544455
111111121231222322243325435554335543555434444
111111213122231422334222344443455334555345555
111112211122221222343333435344553345444455555
111121112213224132443324433244332545355455555
111223111233312331123342253422554445444455555
111111211322313243332444324433254452554525555
111111111233332322223333244442445524555544555
111123111231222313323333245552444524445544555
111111112122223223334243342435444354543555555
111123312233122331123441234552344524445545555
111111211122223222332433344333455554445544555
111111222211322133323334233442444454455555555
122221111213142131423354235542335443554435554
111112221122113422234423354333543435444555555
111221111233122331243322453324543445444555555
112223112231112314423144234452334553445535555
111111112122222232324333344353443554455544555
111111112133222333224333243422444554555544555
111111112212223224332443324433445334555545555
111221111231122332243322435444355543544435555
122221223312223144531445311453114534445355553
111121113241132444325443254332543325453255552
111112113122133222232455324453445534453344555
111121311213442134423342234442354223555535555
112221223211233122331433314443154445545455555
111111212132221344223342234444333455354555555
111111122211223442234223344553444534555355533
111111211122233222234253344553444534545345553
122221112211132144321433244533455534445355553
122231122312223111234113344443454534545355555
122221222213332133331111314443544445455455555
111121111233122433324532245332455324455544455
112221112233122331123331243355445554555544444
111121111212222223332443544335433354555544455
122221123212232111331144354443544435453355555
111221222212233123341134451344533345544455555
111111222211232122324443543335443354453545555
111112222123441234412345123455234453354533555
111112213321113224432445322453244535445355553
122221122211132411324133343343444435554555555
122221122211223113331433314353444554544545555
122221113211132413324133244432455354553544555
111121211212222133423334234444344553455535555
122231112312223124431243314443145435554355555
111121331211322413224432244325433354455545555
111121111213332332323422234442345554445545555
122221222212333133441134415334155341554455554
111112211122231233332344523345234454444555555
111111122131322333223344233422544445545455555
111112111122333223332233324444245545554455554
122221223212332111345133451334513445444455555
111111112122222222334433354443554335444355555
111121331213332133321344254442554425442255555
122221112213123132231333314443555445554455544
111111222211222312243334434444333545355455555
112221122212223111133333334453444554544545555
112221112231112333123333234442444445455555555
122221223211332113321443314535145354455544455
111221222211322133241344413344334445355555555
112221112231142313423134233342344455454555555
111111211212222332223444434455344553455533355
122221112211112341223444433334335345554455555
111111112231222322243255433554335443354455544
111111221132221322223344433444355543355455554
111111112132222332443324453224533345554455554
111111221211222333223332453334555445544455544
111111213122231223332443324443255435554455554
111111122211222344223444234444333553533555555
111111112221222222333333433434544445554455555
111221332213222133321333211445444454555544555
123331222311233122231123311444554445445455555
111112213322133221134222344433445534555544555
112221222213232133341134411334553445554455554
111221222213223133231333314445145554445544555
112231122312223112334123341433444455544555555
122221112213112131223334434444355443354555555
111112122122211232332333333445444554455544555
111221112233112433124332243332445554445545555
111111122113322332223324433254355545554455444
111112311123331223342334423444224545245555555
111121222212322123331433314433444455544555555
123331222312233122331243414444115541554455555
111111222112222123343233433334444444555555555
111111112212222332223334434444355543354455555
111112211321133222234223344435453354555544455
111221311213112333324352243525435254555544444
111221111231222312443324433244533445534555555
112221222311123112231333345553444534445544555
112221111212222123441333433554355443544435555
122221222313233132341333411444515445155455554
111111112122223242232444344553445335453355553
111112133321133214432443322443224452545555555
111111122112233222334233342433444454554555555
111111112132222332324333245332455554554544445
111123111231122344423442234225344453555533555
111121312213122431254332543225433354555544445
122221223211132111324413344443454435555355553
111111112133222333243322433224555445555455444
122231222312233132341333411444155441555455554
111221312213322132221334413334554445555455544
111111212112222324423245534445334553445533355
111112211122331223442234423344553445335455555
111111112212222322443324434445334453555533555
111111112231224332443222432544335543355455554
112221122213332133221133413344444445545555555
112221222212334123341553415334155341553455444
112221111211222312243334434445333453544555555
111112222123311223312233343345444454455545555
111112222122221332415344153444534345333455555
111111222212232113324443254433554335444355555
111221122211132133323345234452334554444545555
111111112231442334423444233422354523555235555
111111112213322433324355243552435524345244455
111111112213332332223222433444534445554455555
112221111211342133423334233542355425544455554
111121122211233412334423342235444354553545555
111221312213122134421344233342354443545555555
111111213312123222234224344443455334555345555
111221112231122312243552435544335443555433544
111221111213122332224325543335443554435544455
111223112231222311223145533445344453455534455
111112211232112322223344433334355545544455554
111221112311123442234423345223455534555344553
111112213122131422334422354423544435554355553
111112113122133233332344423554255442544425555
111111222212332123321233344433454444555455555
111121131213312332223422234444354443555455555
111112221132214332143222433554335543554455544
122221232212323133331134311444144545555455554
111111221211222322243333453344533445555455544
111112211122133223332244342433444435554555555
111121111213322332223334234442344455544555555
111121122212232113324443244433554435554355553
112221121211112342223444534445344553335533555
111111222213222134221344433445344453335555555
111111231122331244332443524335244352244555555
111112133321113223332223344225445554444545555
111221122211222134421334433344334443555555555
111111121122222332245323453334543345444455555
111221222211322133321133433344544445555455554
111111212212222132243344433454334545335455555
111112113123331223332334422245244454454555555
111112131121344233342355423554233542555422544
111112331123341233412234423345244452545525555
112221222211122314443114434444333335555355555
111112211123441233442334423544235542355523555
111112334122341233412334123344225545255455554
111111122122221233332234433344344445545555555
111223111233122311223322453334544445555455544
112221132211322113321334233444534455444555555
111111122122221223443233433344353545555455544
111112122122221333214432543335433554455544455
122221212312123111231433344335444354544555555
122221232312333122341133415534155441544455554
122221123241332411324413241133445535445355555
111121112213122333223444235442354453544535555
111111213312334123342234422344523445255455555
111123311234412334123341233442444525555255552
111121331211332133224322243525435554444544555
122221112312223123331443311433444445545555555
111121211212222133323344234444333445555455555
111231112311123222232333324435444554445545555
111221222211112333124333244433454354545545555
111121312213112332223332435324555545455454444
111221311213112332223224433334555545554455444
111121333211132133324432244322444524555545555
111112121122221233442344423334555345533455554
122221121211112133425534253344553345534455344
111112213321113233332243322455244454445545555
111111221122213442334225345253455534455344533
111111122211322333324353243522435554445544455
122221112213322113421534415344553345334455554
111111112122222233323334234445334554444555555
111221311213222133221332453334555545554454444
122221221211112311423344433544355543554433555
111121121212222132324333543335443554555544445
111111122211223422234424354443554435533355553
111111211122223232234332344333455554555544445
111121333213332133221134244442445425554255555
112331123312233112231122344243444454554555555
122221211211112313223333334555344554455544445
112221333211332413324132241325414554445545555
112221111211122332224333543535435554344544455
122221111211132414324443245532453334533545555
111111212122221324223344434454334543555533555
112221123212232114321143344443554335443555555
122221112211223114231444354443543335453355555
122331222311233412234152341553411534455544455
112221112211222311423444534455334553445533355
111111112122222233332234343343444455445555555
112221322213324113245132451344513345553455544
111112222122211322413334455344533445533455554
122231122312223123331134413344154445544555555
111221333213322133221332414424144445455555555
122221332211332113324133241135455554545544445
111111212122221223234333343433444444555555555
111221122212223113234133343335445554444545555
111111233312233123331244352244524445244555555
111121121213212332224333244433444435455555555
111121111233212322223334235344553445544455554
111112233122231242314423144233455534555344555
112221222211223111134443344443544335555355553
111111221132212322223333434444344543545555555
111112231124311243332443524435243352455524555
111121112213224133245332453324533245444455555
111123111234112344423334253342553425554255542
111231122311233112334222344233444554545545555
111112111122223223334245342453444534545355553
111111222112233142334422354233544335444555555
111112131122313233332433424444255542255455554
122221123341233412234112341533415534555544455
111111122221123222234333344333444445554555555
111111213412134222342223423334535445355455554
111123111231212322223345233455334554444544555
122231223312233122331111344153444554444555555
111221112211222312243355435544335443355435544
112221113211132331323333244552455524555544444
111111122211222322423354435554335443354435554
111121111212222223334233344533455534455544455
111111222122231233312234455334533445444455555
112221112211132133323332233444555445444455555
111121221213222133221344433454334553444555555
111121112211222322233333344553455534545544445
111112133321133221432244352243524435554455554
111221122211222133321333343355444554444545555
111221122211223411234442344443554335555355533
112221222213322133341113451334555345555454444
111221122312223124231143354443544435545355553
111111221312213442234222344553444535455355533
111111221133221322223344233544335445554455554
122331223312333122431124314244144451455555555
122221323213332134321343211444154541555455554
111123112233112334123342233422544455444555555
122221332213322113321333411144555445444455555
111112133121133222232333322445444554445545555
112221122211232112334133344553444534545345555
111111211322313423334223342253424554444555555
111121211212222122334433344353455534455344555
111112221122331422314223544335444354533545555
111111123311233222232423344235455354455544455
111221311233112333123322234425445554444545555
111111112212222223234333343343444454455555555
111111112132222333223322453334554445554455544
122221223211233112331433514355143454444545555
111112211123313233332324322244544445555455554
111111221122231222334233344333455554455544455
112221222312323123331134351143544445454455555
112331122312233142331423314255142554455544455
112221222211322113441134433334334445554555555
112221111211222133223333433434444445455555555
111221122211112333323433234352444554555544455
111111222113222132223334433334555545545455444
111121112213332133323344234442445425455255555
111111112122222232243344433334355443555455554
111221212212223123331133344343544445454555555
111112221123211232223344534445344553344535555
122221222211332113331333311444544445554455555
112221123213332133321332214444144554445555555
112221122211322113324133344335443554445545555
111221111212222134223344434454333543535455555
111221322213222133321433314453144554455544555
122231122312223112331144314443445534555345555
111221112233112344123442234442334453555535555
122221111231412314123444233342553445334555555
111111121133244322443244432224355243355535555
111111123122231422334222344453444535455355553
112221122211332133221133344335444554555544455
112221112211132331323333243552455554554544444
111121222212223111234533345333455354555544444
112221111212222112334444345543455334455355533
112221223312233123331234311544155445555455444
111111112233122344423344233342344425555255555
122221122231112313123134433344344455544555555
111111231122313223332243324443245445455455555
111111212212222133423344234444333345555455555
111121122231222311223333333444544445545455555
111111222213322134221344233444335445355455555
111111122112223223334244342433444355543555555
111111211122233224332443322443444535545355555
111112211122221232443324433444355543355435555
122221122211223113331133443334444445555455555
122221122211112331423414434444333345535555555
122231232312333122331124314444115545554455554
111111221211222222334443344433455534453355555
123331233312323122231122451114555545554454444
122221332213332113221333415544155441554455544
111111112231222333323343244432454424554555555
111112121122213222334244344453444535555355533
111111211212222342553422534445344453455533335
111112111322213233332333425444254442554455555
112231222311123112234142344443545435455355553
111111123112233223332234324443244445555455555
111121312213112433324333244432445524455255555
111221113211132333323432234442444524545555555
122221112211223411234133343355443354455544555
112223112231222311123133433344554445444555555
111221122213342133421134233342344445554555555
123331233312333122221142214444114545445555555
111123112231142314423344235422354423545535555
111111221133212332224355243352433554555544444
111111122212222133223333344334544445545455555
111111212122221322243333434444354553544535555
112223112231112313123333244432444554544555555
111221222211112133423334233344535445554455554
112223122231224312443114431154355543554433555
122221332211332111324133241335444554444555555
111111222213222133221433344435454354543545555
111111122213222133324333243452434554445545555
111112211132221332223424534445344453455533555
111121333213332113324132244442455524455245555
122221122212234113341333413554135445355455544
111111221312213422234423344253445535445355553
111111221112222342223445534445344453355533355
112221222311233132231333311444444554544555555
111121111231322333323433244442454424555255555
111121122212222133321433354333544445544455555
111112211122231223332233344433444445554555555
111111112133322322243224435244355543355455544
111111112213322332223332433524555545444455544
111221212312223111234442344433445334553555555
111111222122211232442334433444533345553455555
111111121212222332323333234445344454454555555
111111112212223223332233455344533545555454444
111121121211222322243334435334353445555455544
111111222112321433224333243332444454545555555
122221122212233133331143311443444445554555555
111112111122233442234422344423453334553555555
111231112341123441234222344423455234555355553
111111122211232444325443255432554325543355433
112221223211234112341123433334555345554455544
122221133211322113321443214433554435444555555
112221222211122133331344413334553445554455554
111121222211222133421344453444533345353455555
122221233211322413324113541335413554455544455
122221112213332113421134233344344454455555555
111221322213232133321143241433444554455545555
123331232312223123331244412544155541154455554
122221112211322113321334453334534445444555555
112221112213122132241334433444335443555455555
111111221112233442334222344423445335455355555
111111112213222332423224433334355545555455444
111111221112222324553245532445344553444533335
111223311231122331124355243552433524555544444
111221312213112133224432244333455534445545555
111111222113221333223332433424444445455555555
111112113321123222234242344443555435554355543
122221132211332413224133341143444434555555555
122221112211122113234333344435443354555544555
111123311233112331423334244442455424555255552
112221122211223133231133344443455434554545555
112221112211122314423444233445333453534555555
111111223312223122231243344443455434555345555
122221222311123141231433314343444435455555555
111121113211332333324332244442454224555545555
111111212112222222333333344334444445555455555
111111112312223222432444324433544535455355553
111111112122222323243332433334444445554555555
111221222211112134223344433354355543354455554
111121212212223112233333333444544455444555555
111111222113222132323333244433554445444555555
122221221211112333124431345333455534455544455
111221222211112133223333343443444455454555555
112221223213332134221344413544135441355455555
111112113123133233332243422444255442555455554
111221222211122331123344434454345543355435555
111112211122221232243333435444355543554435554
111112222122211332213333344355443554444545555
111121311213332144324443254332544325452255555
111123112233122311223334234442354445544555555
122231232312333123331244412455144551455514455
111221111231322313323333245552455524445544445
122221111213312133221344253344533445554455554
111112131122314223442234423334253445534555555
111112211122221223243334433445344553455534555
112221111233122311323333244532445554444545555
111221111213322133323332245325455554454544445
112221122211132411324433243333445534445555555
112221123213332133321332211444444554545545555
112231123312223123331223314444145454455545555
111121121212222123233333343443444555444555555
112331223312233112334122341525415554555544444
112221122211122131324333344443445435554355555
111112131123331222332222344443545435554455554
111111212212222133223334453344533445554455554
122221222212333111431144315443554435554355543
122221221211112133124333343355443454444555555
111112223122231223312443144433454335544555555
111221112212222112333333333444554445545455554
111121111233312332223332244342544445454555555
112221322213324113241332411344533445555455554
111111112212222332243324433334554345544455555
111111221122221222334433344433455334555544555
111111122211232222334423344553444535445355553
122221211212122111334444344553444535555355333
111221222213244132241333411344553545335455554
111123111231312333324343244422442254455555555
111121121211222334223344233544335543554455554
111111112213222332443322435244355543355455544
111111111233222333324332243525445254555544445
111121111233312333324344243442444525555255552
111221311233312331123322234442445454554545555
112221322213222133441534415334153341555455544
111112213122331223312233324443555445554455544
111112221122221234412344433554335543335455554
111121322213332113321332243442444554455545555
111112121122221222345333455344553445534455334
122221222211121331113333344433554445444555555
111221112212222123331334333444344545455455555
111221222211232411324413344533445535445355553
111111212112223442334222344453445535455355533
112331122341223411234112344223544335544555555
122221122231112314123144533445334453544535555
111111211322133243332444324433254452545525555
112221122312223113231133345335455554544544445
111112121122213224432243344435433354355545555
111121111233132333324433244422445254452555555
111121122212222123331334355343554435444455554
112221222212233111134413344433455334455545555
111111121132222332243324433244534455344555555
111111121344213442334222342523425534453355555
111111212122123422234423344333443355445555555
112221112212222111334444344453455534533355553
111111213122133223332334422345244454445555555
111223122231122331223415534155344553345544445
123331223312223144231142314423114554445555555
111111231112344223442333422534225345553455554
122221122211112133123333344334544445555455554
111111121321223222334422344333455354555544455
111112222122231422314433144433445335455355555
111111112222123422234532345333455334455544455
122221212211122134441333413344334453545555555
112221122311223112231433344333444555444555555
112331222312223121231113344433454454545545555
111221111213222132443322453334533445544455555
111121311233112332223442235442354443554455555
111111231112333223332334425444254452544525555
111111111233222342423444234442334525335555555
111111222112222133243332435354355543554455444
111221122311243122431224354443545435554355533
111121222213322113321333233444554445445455555
111111213322133231342333425544225445255455544
111221122211322133221333433444344454455555555
112221222211232133331133314344544445445555555
122331233312343122431224312544115541554455554
111121331214312443124333244532455324452255555
111121211212222133224433543355443354443545555
111111222133211332245332453224533445555455444
111111122211222222334333344533455354555544445
122221122212233111134155344533445534453344555
111221122212233122431444314533445534455355553
112221223212232133341334411334515545555455444
111111222112322143324453244532455334553344555
111111111233332344423334255342544425422255555
111111112122222323223333433344444455544555555
111111233122231223312333324444244555444555555
111221112231112333223433234442354445555455554
111111121132222332324333243532455554554544445
112231223311223112331122344443454435544555555
122221333211322113321143241435444354445555555
111112213321113224432444324543225435554355553
111121122211132333323455234452334524445544555
111112311123441233442333423344255452554522555
111111111232222324223344253444534445333555555
111221222211123145231452344533455334453344555
111221112231442314223142233444533545335455555
111111121133222322223334234444334445555455555
112231123311233122331222314553445554445544455
111221222212232113331333415334555545545454444
111221222312223124531445314453145534453345553
111221311213122133223333234442445554555544455
111111121122222223332333343435444554455544555
111221122211322133321344233344344455445555555
111111222122231222314433345553455534555344443
111112111122333244532455324453245532455324453
111111221122221232233333345533455554544544445
111112111122333222232423344443455534445355555
111121122231122313223334233444534545445455555
111111111233322433324333244422455254552544555
111112222122321333213442134445344553344555555
111111121233212332223444234542335445354455555
112221223211332133221333411354555545554454444
111112111122223223334233342335445554555544445
111121121211222334223444233344355543555435554
111112111123333233442333422444255442254555555
111112133123311243332444322543255442554425555
111112213121133233332334425544255442254455554
112221122311123412234124344443443335553555555
111121312233122311223422434444335545355455554
111111122212232122334425344553455334455344553
111121322213242134421354213542335443355455554
111112113421134233342334422334224445255555555
122221111211132441324443244532455334553355553
111111222311223122234244344433445334555355555
122221333213322133321344211444514545155455554
111111112233132433324353243552455524445244552
111112222123331233312443122433444454554555555
111121122211332133324332244352443554555544455
111112111322213422334223344233444534455555555
122231223312233122331114311443544445554455555
111111121122222334223344233444344453555535555
122221322213232133331111345153455554444544455
111223311233122341123441234442345423455555555
111112121122213233332233424334444445555455555
111121112213122333243222433354355545544455544
122221222211112331113334453334553445554455544
122231223312223113234133341115445554555544445
111221222311223122431144344433433354455555555
122221232213322113331434314344144451554555555
122231122312233122331133415534155445555454444
122221111231222311123444434444333543535555555
111111211322213442334223344223445534555345555
122221222312233133331134314444114545545455555
111112133121331223442533425534225345254455544
111111213122231422334423342233445534455545555
122221122212233111134441344433455334555345555
122221222213424134441355413544135541355513335
122221212211122113443134433344354443555535555
111112211122213442334223344253544535445355553
111231222311223122231333314443444454545555555
