111112133123311233332223425444255442555455544
111221311213312333123344234442554225444555555
111111221322113223332233324434544445454555555
111111121221222222334333344333444454554555555
111121132211332133223332243425444454554545555
111111211322213222334223344433445354555544555
111111222122331233412344423444235545335455555
111121112213332132224352243555433354555544444
111111221132214332243222433334534445544555555
111112121122213422234332345333455534555544445
111111122212232142334422344443545335453355555
111221212312223123331233415334554445444455555
111111111233322333323322244225444554445545555
112221222211332113321133453334555445544455544
122221233412234122341333413554135441554415555
111112111122233232342333422534555345555454444
111112111322313233332233422444244545545455555
111111211122233222332244355443554435444355553
111111121312233222234233342343444454545555555
112221122211122314423144433344335545335455555
111112231122311233342334423344224455445555555
111111211122222234423334233445344453455535555
122221111231142314423144233542355443354535555
112223111231222311243132433344543455444555555
111111112133322322223234233344554445545455554
111221112212222123331334354443545435554355544
111221122312223122331133344443445434554555555
111111111232222332323333244342444445554555555
111112111122222233223333334344444455544555555
111221222211332113221333343434444445555455555
111121112231222314423344234442335453354555555
111221222212332144321443314453145534453355555
111221122231112333123333243442444555444555555
111112333123111233332244322544255542554455544
111112221122231233312343324433554445545455554
112221122211342113421334233445344453455535555
111112111123334223342233452334522445554455554
111121222212233122331333413534555545555444444
111121311233312433124333242222455554445544555
111111121322213222234442345553445334455345553
111121111212222332223333434334544445544555555
111111221133221332243322433424354445554455555
111112121122221233332343323435444554455544555
111111231122331423334233542235422554555544445
111112222123211332213332453334554445445455554
111112212132221334213342234444355543355455554
111221222211322413324113344443444535555355553
111112222123331222312433144433454434554555555
111111112221222222334455344533445334453345555
111111212112222332423324433444534445335555555
111121111231332333324322243255442554445544555
111112131422314233142334423345234452245555555
111121122231112322223333343443444554445555555
112223112231124312243124431544335545335455554
111121312233112333124333244442455424555245555
111121111233412344223344233422344253455555555
111221111211222342423424534445335453354533555
111111222213232132321333243435444554445545555
111112221122221333213332433344555545444455554
112221122211122113243333433444533445554455555
111112213321133213332334422244244445554555555
111111211322123222232433344443544435545355555
122221333213332133221344211444144451554555555
111111111222222233332233453344535545554455444
122221212211112133123344433444334455354555555
111221111213222134423344233442334455345555555
122221112341123411234412344523455534453355553
112221223312223114231443311433444354455555555
112221223212233112334113341553444534455544555
111221113211132333323322243255444454445545555
111111211122222342223444434344333543535555555
122221122231242311443311433144355543554435555
111221222212322133331113345533455554444544455
111221112211223412234423344553455534453345553
111112113322133221342233423354255545545455444
112223122231122311423114435554355443354435554
111111121122222332453224534445333453444535555
111221222212332113321134433344543455444555555
111112113321133243332443322444224452545555555
112231222312223132331333411144544445555455554
111121222211222112333333343344444445545555555
111121122231442311423444234452343523335555555
111111112133222322223445234455334553445534455
111121322213332111324553245332455324555544444
111111112122222334423442233445344553455533555
111112211132221332243442433424334445355555555
112221111212222134241344433344533345553455555
122221112213122131123344453344533445355455554
111112333123311223312334422224544445555455554
111111221211222332223334453334534445554455554
111112221123414234142344423554233542355533555
112221113231132311323333244452445524445545555
111112112122221344223342534455344453455533355
111111221132212332223332433444354445555455554
111111221322113233332233424344244445554555555
111111222111322333243522435244355443544435555
111112111323133233332244324445224452445555555
111221122212222113341334453334553345555455444
122231222312223133331111345153455554545544444
111112111122333422334223342233445554445545555
122221223212233113331113344143444454455555555
112231124312243112431224312443444335553555555
111111221312213442334222345523445334453545555
111111221113224332243224432444333443555555555
111111112122223233332223344443455434455545555
111221212212223112331333344433554445544455555
111231122312223122331123344433444454555545555
111111121322213242334423345223455534455344555
122221112312223123331144314443554435544355555
111111233112333124332243422434224445555455555
111111212212222132323333344353444554445545555
122221332211332113221133441334444445555455555
111112133121331233342334422244225445554455555
122231112311223122231443314435443355444555555
111221312413224132241322413354335543554455554
111221112212222113233333334445345554445544555
112221112213122133221333344335445554555544445
111111222112233122234423345533445534455344555
122221222313223133331343414444155441554515555
111121111231222333224433244332444354545555555
111111221122313233332243324443245445454555555
111121112211332444324433243332435524555245555
112221112211222113324333343533455554545544445
111111221212222132425344453334553445533455534
111112111122222323323333244535455354555544444
122331222311233122331233411144554445554455554
112331122311123112234223342335444554555544455
122221123311223114231142344433445534555345555
111221133213332132221345213452434554444545555
112221121211112342223444434354343543335555555
111221222211122331123333334455345554444544555
111221133213332132221322413344554445445455555
112231223311223411234122341533455354555544445
122221111211122313323333243355445554555544444
111123111231222312243322453334534445545455554
111111111232222333223344234442334455544555555
111121221212222132451334533345333454444545555
111111212312223122234552344533455534445344553
111111122122221233332234455344553445533455544
111111122122221223332443344333444434555555555
111221112312223122231433344433454434545555555
112221111213222133241332433444354443555455555
111221122213322134221344413344533455344555555
123331222311233112234122341453414554445545555
112231222312233123331233411144554445544455555
111111222212332122321333333445444454454555555
111121211212222123324443344333443534555545555
111121112212222133243352433554335445354455544
111121122211222122334333344333544445555455554
111221311213312143325433254432544325444255555
111111122231122333243352435524355243544455544
111111223122231233312223455534553345444455544
111123311231122312223324233344444444555555555
112221112211222311233333334443445444555545555
111111122131422344423334233442354523545255555
123331222311223122331233415544155541554455444
112231112341123412234123342235443354555544555
112223112231112341223412434444335453354555555
122221111211222311423344433554335443354455555
122221122231221311113344433444333545555455554
112221112213122131223333434344543455444555555
112221222212233111131333344353445554555544445
122221112211132113324433244333443554555544555
111111112133322333223432234422554445554455554
111112221322113222132433344533455534555544445
112221223211232112334133341353455554455544445
122221123311223122331333411344544455444555555
111111221133221322243224434444335543355455555
111123144231142311423344234442335525352255555
122221322213332134421334415344153451544515555
111111222133211432224322343333455554545544455
123331233312223112331122241155455554554544444
111112221123331223312223344433444554544555555
111112211324413244132443325443254532555325553
111111212212222123234533345533455334455544445
122231222312233123331443311444144451455555555
111112311123331222332233322444544445454555555
111112111123333232232223345235455554545544444
122221123312223132331333415444155541554455544
111112111123333222234223344235444354545545555
122221122212233113331134413344535545554455544
112221222211232113331444314543445434553355555
111111213112233222234252345553445534455344453
111121122213322113224333244333455554445544555
111112221123221233213332435334554445544455554
111111121312223223332243324453444534555544555
111111122211233222232333344335455554444544555
111111221132221322443322433444533445354555555
112331223312223122431244314433154441555455555
111112211123134233342333422534255542554455544
111111112133322332223222435554355443544455544
111112121122221232443324453334533545355455544
122221111211312133223332435344354445555455544
111112222123211233312343523435434554444545555
111111112212222223323334434445344553344555555
111221222312223123331334415344153445555455544
111221222212232111334143344433454534555345555
112331123311233122431124322243444445554555555
111112222133221322113244434454335543354455555
111112122122211223332334433444344553445555555
111112221322113221332333424334544445554455555
111111112132222333323344233422554445554455554
111123112231222314223142434444355453354535555
111111222211222132324333343433444554545545555
111121121212222134223344433454354543555433555
122221232211322133441534415344153341534455555
112223121231112331123332234444345444455555555
112221222213323113231133314435444454544555555
112221112213112431224335243355443354443545555
111112213121133224432243324433245534455545555
122221112341223412234113344153444534555355553
122221112231112311323333244334544445455455555
111121221213222134221344533455344453454533555
111111222133211332224322543555433354444544555
111112221123114234442334422344233455533555555
111111121132222332423444233342533445555455554
111111121122233425334253342553422534455344455
111111121133244332243352433524355245522455544
111112222122221233114433344433444535545355555
122221122231112311123333344435454354555544455
111111121322213233332333422244554445554455554
111112221133221333213222434444354443554555555
111231222311223112231452344533455534545344455
111111123112233222232333324435444454555544555
112231223312233122331244311443154445555455554
111111211122222322323333334535445554445544455
122221212211112133123333453334554445544455554
111112133121133222332233324444245544445555555
111112113123133233342343425444255442254525555
111111211122223233332234323344544445544555555
122221123211332113324133241533445554455544455
111111121341223444234222342333425534455355555
111111112133222433224322543325433554455544455
112221222311123412234114344443544335555355553
111123311231112322223224433334554445555455544
111111213312233122332233324444245554444555555
123331222312223124331244314443144451155555555
111111212122221223334255344533455534545344453
111221112213122133223344233544335545555455444
111221122211232112324433344553455534555344453
111111221212212332223333333455444454555544455
111221122211112333323332244334444445554555555
111223112231122313243132433324554445554455554
111111112133222342223422534455344553444533555
111111222311123444234222344233544355433555555
112221133211132114324443245432454324533555555
122221112211322113321333344443444435545555555
122331122311233112231223314443445445454555555
122221232211322133331344413344114455544555555
111111121122222223332434344443544535455355553
111111111222222223332333344433544445455455555
111221222211223144231433314443444535555355553
111121333214332144321433214532445224455255555
122221232213332113324113341135444554455544555
111221112231122331223342434444344453555535555
111121111212222223323334434444334453554555555
111111121233212322223244433344355543554455554
111121311213332143324435243352444524545255552
111121121211222332443324433245344453345555555
111111112312223222332333323444555545555454444
111121222212233142231443314333544435445555555
111111112213322333243322432244355545554455544
111111221133221432254325543255432554333544445
112221112213112133224333244333445554555544455
111112111322213222332443324335444354555544555
111221222211122311323333435534354445555455444
111112213324113244132243324435243352445555555
111112113122331223332333422444244545545455555
111111222213332113223334233442444555444555555
112221112211122313323334233444344545455455555
111121331233312334123341244422454425554255555
112221112213112333123442234445345553455534455
111111112222123222234443345533455334555344455
122331122312223112231443311433444554545545555
122221111212222133331134355543545435444355544
111112212122221233312343354443554335544455554
111111122311233222332422344433544435554455555
112221222311223112331133443334444445455555555
111112233122231222312443144435443354553545555
111111211122333243332443524535245352455524445
111123111233112433224332244322443554445555555
111111211132222333324435243352443524455544555
111112133122431224312243324433254435544555555
111121212212222133321344433454355543355455544
111112213321133213332434324444224545245555555
111221122213332113221334255344533445555455444
111221112312223123331233342553455554454544445
111221122211332411324453245532453334555344455
111112211122134223342333423534255345544455554
111111211122233242332423344235443354445555555
111111213312133222332233324444254445545455555
111111222132211322243234433344535445354455555
111111221312313223332224352443554435444455555
122221133213332133221134211345444455444555555
111111121312233223342334423344224445545555555
111111223311233212332222344443544435544555555
111112131123331223342333424444244542555525555
122221111211312133323342233455434454445545555
111112111122234522345223452334533345553455444
111121331213322113324335243552445224455544455
122221122211123413234133341553445534445345555
111121222212232123331133344553445534455544455
122221223211132143321443311433444354455555555
111111112212222333223434234444354543545535555
111112311123331223332234322245444454544555555
111111221112334222342233423344534455344555555
111112221324213242132431324333444354455555555
111221312233112331223312234444345554445545555
111112222123211233142334423334553445544455555
111112133123311233442234452344523445224555555
111112111122233233332233342445424454445555555
122221222211233145531455314533145531455344443
111221111213222132423324453334535345554455544
122221132211322113234133341355443554445544555
112221222212233133341133413344144445555455555
111121111232212322223333344334444445554555555
111221112212223112233333334355444454544545555
111121111232212322223444433454355543355435554
122221111211122312243444433344333345555455555
111111221212222123243334453344533545355455544
111111121132222323223334235444355443544455555
111221122211132133323344253442533445554455554
112221122211222133341334413334534445545455555
111111212112222333223442433444534445335555555
122221333213222132341333415554154441554415554
122221232312333122341333411444511445544555555
111111121122223233332433324443244445545555555
122331223311223122231133341155445554455544445
111221312213122133321334255342553445554455444
111111233112331422334222342523445534455544555
111111123311233222342333423544255542555455444
111221111211222322323333334344444445555455555
111221111233122431524335243552433524345544455
111111221311223222432444324543445535455355533
112221111233312431124332243332444554544555555
111123122231122312223144433344335545555455544
111123122231224312243112433444354443555535555
122221111213112133324453245532445334455344555
112221222211112311323333435434354445554455554
111111213122133222435244352543525435554354443
111221122231112331423344233342344455445555555
122221122211122311143333433444355443555455554
122221112213222133331333411344555545554455444
111111112133322332223333244422554445544455555
111111221112222332223333334443444454554555555
112221222213322113331134341343444455445555555
111112123122231222314233543355435554345544445
111221111211222332343223433334554445555455544
122221111213312132221333453334555545445455444
111111231122331222342553425534255345533454444
111112211122122322243344433334355443554455555
111111112231422334223442234452344553345535555
111111233312233112332222342553445554444544555
112221222211223111134443344333445334455555555
122221232211322133331333411554515545554454444
111121222212233122331333314355444554555544445
112221133213332111321433244322444444555555555
111221112213332113423334233442555425544455554
111111221112333223332433524355244452445544555
111111111233332323223222433244555545545455444
111121131241332413224432244332433524555545555
111111221133221333223322433244544445555455554
122331222311223144231542315443154431544355555
111111122213232133324332244332444554445555555
111121111231222333243222433554355443554455544
112221111233112334123342233442535445554455554
111112133123311223332233425544254442555455544
111111122131224332443224532445324553445533555
111111222211223122234443344433455334455355555
111111222213322113324332245333455554455544445
122221123312223123331133314444145545454455555
111112222123321234213342133444334545445555555
111221212212223123331334413444534545345455555
111221112231122331223333244433444454455555555
122221123212232111334155341533455534555344444
112221123212232112331444314333444434555555555
111111111233222322243255432544335443555435544
111111112122222332243342433444533345555455554
112221222213332133321113314553445554555544444
111221222212333123431234313344154445544555555
111121121211222322443323453334535345554455544
111121222213322143521435214355443354433544555
112221222213322113441334413445134553344555555
111111212132221322223333343535455554555444444
111111112233142344423444234542355223352535555
111121112212222133223333344433455554455544455
111221122312233112331422344553455334555544445
112231222312223123331113344143444454455555555
111111123142231422334423342235442354453555555
111111112122222322443244434455334453355533555
122221123214232143321433314443144431555555555
112221112212222113334143344433554335544455555
111111221322413224132443322433444354553555555
122221211211122113234433344443444535555355553
111112113121333233342223452534525445254455544
122221122231212311113333334443544445554455555
111111222111233442334223344235442354553545555
111111212112222344223444235544335543335435555
111112221122341233412334423444233455534555555
111112122122221324213344534445334453345535555
111121111212222223323334433354535545554455444
111111221311233422234222344433544435545355555
112221222213332133321113314443444554544555555
122221111213312134221344233444533445535455555
111121113231132333324332244222544445555455554
123331222311123122231123341553445554455544445
111112121122231222332333343443444554445555555
111221112211222312443324433344535545335455554
111221122231222312453114533345334453445544555
111111222122221332213333433344555545544455544
111112122122231422314233543355443554435544355
122221223212332113334113341553414554444545555
111112113122133233332223342244444454545555555
122221112211332113321333243355455554544544445
111111211312333223342233425354255542554455444
112221222212233133331343311444154445555455554
112231222311123112234123344433454354544555555
111111111222222233242344433554355543555433544
111111222211123444235422354423544335433355555
122231122311233122231133341553444554445544555
112231112311223122231423344553444534555344555
111121121212212332223333344433544445445555555
111111212112222223334243344443544535545355553
111112213121133222332224344443554435445355555
111111112122222223342333433334554445555455544
111111222212232144321443244533455334453355555
111112213122331223312243324453444534555544555
111223111231132313323332244525455254455544445
111111122212232122323333453434534445545455554
111111222112321223242334433444334545355455555
111123314231142311423444233452534525345255552
111111213122134233342333423554225542555455444
112223122231112311423154233544335445354455554
111112113121333223432444324543225435254455555
111112211132214322243322433444335445354555555
111123111234412344123444233422334225355555555
122331233312333122231422414444144451555515555
111221112231142314423344253422534445333555555
111221122213422134221344413344335545335455555
111221112212223112234433344333444435545555555
122221233212322133341334415344155441544515555
112221111213222132241334433544355543555435544
111111212212222123324333544335443354555544455
111112311123331233332443522445224452444555555
111111122112223445234552344523455234553344533
111112133122331233312334422554255542544455544
111121112212223142234442354433544335433555555
111111112212222322443324434445333453354555555
111111223112333122332223345253455554444544455
111112331123331222312423324234544445554455555
111111221122221232233333334443445554555544455
112223112231122311423144234444355543555433555
111111222112223122334233543355433454444545555
112231122312233124431244312543155435554355544
112221222211233112331444314543445334555345555
111112111123333233432344322244225445555455554
111111122211332333423334254342544425454255555
111231222311223111234442344423445334553555555
111221311213122133224332544325433554455544455
111231112312223123331223344235444454445555555
111111112122222324423344235544355443555433355
111121312213122133223333234442554445554455554
122221232211322133441334413444135541355455555
111111122311223222232333343535455554545544444
111112111122222223324443343333444535445555555
111112121122221223245334453344553345533455544
122221222314423154231543315443154331544315555
112221122212234112341333413344553445534455555
111111233122231233312443524335245552445544455
111121331213222133321332243425444454445555555
122221222211332143331433314443145451454555555
122221233212232113331145311453444534555544455
111111122112223222234433344533455534445345555
122231222311223112331113344453445534455544555
111111211122233222334223344443444335545555555
111111222122231233312234433344344455544555555
112231222312423124431244314443145531555355553
122221123214432114321543215433154435554355543
111112111123444233342223455234522345533455554
111111222122211332243324433444344453355555555
111112212122121322233333345553445534455544445
111112221132112322223333433344444455544555555
112231112311223122231233344334544445544555555
111112121122221232234333343355434454444555555
111121122231112333223332234355445554455544445
111111221133221322223424434444335545335455555
111111213312443124432243322433244352545555555
112221333213332133221132214444155545555455444
111111211132222324423334253342534445354455555
111112222123221234112344433554333545355455544
111121122211222312243334433544355543555435544
112221122212223111133333344435445354455544555
111121121213212432224333243333444554544555555
111121222211222311423334455334533445344455555
111112222122231223313333133445444554444555555
111221112213112433224335244352433554355544455
111111222211222133223344533455344553444534555
111121122211222313223333343445434554444555555
122221211211112314223444533455344553345533455
111111222122321333213342234444344543555455555
111111222211132333323342233424544445544555555
122221211211122133241334455344533445533455554
111111212212223123234233345533445534455544455
111123111233312443124333244322544425554255555
122221111233122331243112433444334455445555555
111111112213322333223332244324544445454555555
111121131211332333323444234422445524455255555
111223112231122331123442233444533545555455544
122221122211223114331443314333443555444555555
122221111212222133331443314553445334455544555
111111121132222322243332455334533445444455555
111112212132121322243234433354335545555455444
111112211321123222232455344453444534555345533
111121111232212322223333343344444445555455555
122221112211122113234433345533455534545344455
111231112311223142234442345423455234553345555
111111112312223222332444324553445334555344555
122221111213112134423342233444334455354555555
111223122231122311243512435544335443555435544
111221122231124331243312435524354443544535555
111123111231222312223333244433554445555455544
122221222211332411334155341153455534445344553
111111222112322123223333343344444454554555555
111221112311123222234423354443544335445355555
111111211212222332223333334443444454554555555
111111222122211232443324533445333453444555555
122221123311223114231142344433454434555355555
112221111213122132243342433444335543554455555
111112131123331234332244322443224555444555555
111121122211232412334422344533455534555344553
111221222211233142231444314433554335443555555
112221322213232132341333413544115445555455544
111111121312233442234222344423544335545355555
112221223213332111321443215433554435544455554
111121311213312334523345233452444524455245552
111221122211132313323332233445444454445555555
122221112213124131241332433544335543554455554
111111211312223422234242344433433354455555555
111111111232222324443222433344533445355455555
111112222122111324443234432344333345555455555
111112133321133213342233452244522445444555555
111121212212222113243333434444354553544535555
111231112311123222232423344443445535445355555
111111112321223222332323453334555545455454444
111221112212222132441335433354355543554435544
111111221112233222232453344533455534445344555
122331122311223112231423314335444554444555555
111111221122213442334223342553444535445355553
111111213122231223332444324433244535445555555
111111122212222133223333344553455534445544455
111111122213242134423334234442345423355555555
111121113213132433324332244325442254555544555
111112221122211324443224433334353445534555555
122221332211322113321113344553445534555544445
112221222211223411134413344433444355533555555
111121112231222312223444433354355543554435554
111111221213222132243332433444535445355455554
112221113211332133221334233442544445545455555
112331122312223144231422314433145534445555555
111112222122331243512435124355443554433544355
111112333122331223412234123345244454445555555
112221333211132114321443244432454325543555555
112221111212222113323333333445444454554545555
111111112213442334523345234452344523545235552
111111121132222333323342233425444454554545555
111111121133222433224322543325443354455544555
111111121312233224332245322453444534455345555
122221123312233123341233411344514445445555555
111221311213132133324322243352445554445544555
111112211122221332245342453444533345553455534
112221122311123411234442345423455334453355555
122221333211332113321113244532455554544544455
111111122131322333324333244222444554544555555
111112223123331232312223144433444455454555555
111111221133221332224325543255433354445544455
111123122231112312223344234445333455444555555
111111211132224322243322434444334453355555555
111112133123341233412534425334255542255425544
111111221312233124332243322443444435554555555
111111122213332133323343255442554225444455554
111121122211222122334333543335443554455544455
111234122341123412234112344223543335445555555
111112122122211232332333344435454354544545555
111123112231122331245332453224535445354455544
122221221211112134123344434444333453535555555
111112122122211332223444433444344553555533555
111111221213222133223332435354553545555444444
112221122211122131324333344355433554444545555
122221111231122331123333243344444445455555555
111111222122221322413334433354353545555455444
111111222122311223332333423534555445555454444
111111211342133425534225342253422534555344453
122221223211232413334111344133444434555555555
111112111321333233332223424224444444555555555
122221212211132133321333413344544445545455555
112331223312333123341225411254512545555454444
111121222211324113245332455324533445533455544
122221122211112313123333344353455554445544455
111111222132221333213342234444345553455544555
111111211322123222234442345443455534553345553
111112211123331223332233322444444544455555555
111111122212222123343233433334444445545555555
111221222311233122331233314435444554444555555
111111121231222333223445233452334554445544555
111111112132222324443222433344354453545535555
111111223112331222332233452334554445544455554
111123112231122331223333234442444454455555555
111111221312213422234422344533455534453345555
122221232212334123341533415534115341554455544
111112211123331223332243322435444554445545555
111112211122133233332345323455244552455544445
111111111232222322443224433544335543554435555
111112111122222233323333234434444445545555555
111111233112231222342333423534255445554455544
111111221112222223324433344335445354553544555
111111122212223124234243344433444335553555555
111112211122313223334223542335444354455544555
111111121133222344423342234442333425554555555
111111112133222322423324433244354453544555555
111112111122222222333333345553445534445544455
111221222311123112234442344333444354553555555
111111211322213422234223344433444335455555555
111111121122222223324443345433455334455345555
111111222113222134223344233444335543554455555
111231112312223112334422344423454334555545555
111111122212222133224433544435433354355544555
111111122112223223332333323444444455454555555
122221112213122131243314453334555345553455444
111123311234412334123341234452345524455255552
111111222212333122341223433334444445455555555
111221122213232133321443214435445354453545555
111112222123111233332343324453245554445544555
111111122211222333324333244432544355444555555
111112221132241322413224433344353445534555555
111111221122213222233333345553445534445544455
112223111234412344123441234412334525335555555
122221111213132133321433244332444554545545555
111121121211222333324333244332444454545555555
111112213121133222234223344435444354453555555
111112113122231233332334322445244454445555555
112221111231422314223142534445334453554533555
111112133123331243312443324455244552244525555
122221112341223411234112344333544335445555555
111112111122222323223333345355453554555444444
111112222123221234412334155344533345344455555
122221122211122131441334453444533445333555555
111121121211222334223342453444533345553455554
111121221213222132421344433344355543355455554
112221111213222132241334433444334443555555555
111111221211222333423434234442334455354555555
111112314423114231442334422345233452235555555
111121221211222312233333333445444554445545555
111121122211222133323343244433544355444555555
111111221312213442234422344523445534553355553
111111112213332444324333245332452224555544555
122221223312233124431443314443155431554515555
123331223312243112431124351243512445444555555
111111112122222223332444344553455534453345553
122221122211332111324143344443445435555355553
111111213322133241332444324543245532445525555
122221223312223113331113341553444554444545555
111123312233112331123422234442354445545455555
111223311234122341123441233442344423555555555
112221112213322133221134453344534445355455554
111121131213312333324334244442445425552255555
111111222312333122331244352543525435554455444
111112122122211342253442534455334453445533355
111112111122223442234223344553455534553344553
112221122312223112331443314553445334455544555
111112113322113223332243325434254445554455554
111111112122222223243333434444345453455535555
112221222212332113331453314553144534445544555
122221122211112331123333344343444445555455555
111121331213312132223332244352444554544545555
111121122212222113323333433444344545455455555
111221111233112344423344253442533425534255555
111112213122133221342223433334544445455455555
122331223312223121231113341535455554454544445
111111122311223442234442345223455334533545555
122221111213222132341333413534535545554455444
111111211132222332223342453444533545355455544
111112331123113233332324422254255545544455544
111111122231122332223324533445334454445545555
122221211211122311233333333445444454454555555
112231123312233123331222314444145545455455554
111112331423314231142344423334255442555522555
112221112312223122331444314553444535445355553
122221122312233112435144351143544435443355555
122221222211123141134451344553445334453355553
111112111122233242532425344253444534555345533
111111212112222223334233345533445534445544555
122221221211112131323333453444533445444555555
112221111211222132324333344433454434545555555
111111211212222223245533453344533345354455544
111111121133222322423224433334344445555455555
111111211122344233342234422344233545535455555
122331122311223122231113344553455534445544455
111111212212222132423334433444344453355555555
112221222211123111234443343333435554444555555
112331123312223112231422314443554435544455555
111123112234112342123422234445344553345535555
123331233312443124331244512445122451524515555
111112133121331222334423342253442554445545555
111112211122213222234443344533445534553345555
111112333123331233112234424445244552455524555
111112311123331234442334422345253452544525555
112221111213122132223345534455334453444534555
122221112211123142231433344443545535445355553
111111123312223122232243344435444354453555555
111221333211132133321322243525455554455544444
111221222211122113324443345443455334455355553
111121113211332333324332245222455554444544555
111111221322113223332334423544235445554455554
111221122211123441234422344453454535555355333
111111122231122322243442435444355443555533355
111111211312443524435224352443522435524355533
111111222211233122332244355543555435544354443
111112121122221322243333453334555345555454444
122221222311223111334411354443544335443555555
111111122122221232442333453334553345555455444
111112211122133222334522345333455534445544455
112221223212332123331133311444444554455545555
111221311213122133323333244442444524455555555
111223111231112322223334235344355545545455444
111111212132122322243332433544335445554455554
111221111231132333323222234444345554445545555
111111221112234223342234423344534445335555555
111111121132222332243224433334355545554455544
111111122231122333223322434444354443545555555
122221122312233121331114355443544435444355555
111112223144231442314223142235443355433555555
122231122312223132331333415554155441554455444
111112111322213233332343322455244454445545555
122221112211122311243333435554335445354455544
122331123312223124231142311443444435554555555
111111121133222322423424534245344453334555555
111112111123333244432244322433244352545555555
122221232211324113241133451334553345544455554
111121121212222132243344453334553345553455544
111111122211223444234422354323543335445355555
111111212212222122343333433344354445555455554
122221222211123411134331345333455534445544555
111121222211322133221334453344533445544455555
111112113121333233432254322543255442555455444
111112211122133223334233542435424354444555555
111121122211122333323333234552445554445544455
122221333213422134421334213444135441155555555
111112211322213442134425342253455534553344553
111111211312333222232333322455444454444555555
111111122211232222332443544435443354533545555
111121133213332132221332244325444454445555555
111112111123333222232233342345444454545545555
111221122211233122331233345353455554545544444
111111121132222333223332245335455554555444444
111111221122231222342333455534533345554455444
111111213322113223332222344443444535445555555
122221212211123111233333334455345554444544555
111111111222222334223444233444333445535555555
112221122211222311443133433344535445354455555
111221222212132111324433343335435554555544445
111221122312223112234133343334444445455555555
112221122231222311143133433344344454455555555
122231122311123122231433314355443554444545555
112223111231312333123441233422444554544555555
111111223122231223312243344443444535455355555
111111222211222132423334433344355543554455554
111111121312233222332443324433244554455545555
111111211122223242334422344443455334555355553
111112131123331222332233452354525545554454444
111123331233112331124332244442554425544255555
111111222132241324413245532445324453345533555
111111222311123422234223344443554435554355553
111121222211332113224432343333444454554555555
111111112133422344423455234452345523452233555
111121122211223142234442345433455534553345553
111111122312223122334422344443544435555355553
111111112233122333223222435544335445554455544
111123111231312333323445234552445224555244455
111112221122213442134223345333453534555544455
111112122122231442314223344433554335443555555
111111112122222233224333344335444355444555555
111111112233142334423334235342554425554255542
111123331233312331123441244422455224455545555
111112221132112322223333343443444445554555555
122221232213322133331143314444145551455544555
111112211342213442134423344253422534555355553
122221211211112333123433234435444354445555555
112221112211122133323333244435444354544555555
111221112212222123331333345335455554554544444
111121122212232123321433344433444435455555555
111221112211322133323332233444544445555455554
111111111222222234223345533445344453454533555
111112331123331244312433324444245452255525555
111223112231112312223444234544355543354435555
111111112231332333323432244522455524545544455
111111122212233123334255342253444534455344555
111221112213122133324432243335445354455544555
111221113213332133321433244222444454555545555
112221122231122331123314433444533545555455544
111112213322113233132233322444544445455455555
111121112213222133223344233344344445455555555
112221111212222134241344453334534445333555555
111112131121344223342333423544235442254555555
111123311233312341123422234425344254445555555
111111121132222333223344234442334445545555555
111111222122221323213333344335445554444545555
111121111213332443324432244322433524555545555
111112313123331222312223345253455554555444444
111221112213122132223333434444355443544555555
123331234312243124431224312243155441555415555
111112121122221232234333344355433554444545555
111111123121233222232443324333445554445545555
122221112211112313223334433444354443554555555
111221113231132331324333244522455254455544455
111111122211332433524335243552435524345244455
111112111122222232442334433444334553345555555
111112133122331223314253342553425554254544445
122221111211332113223334233344554445544455555
111221122231222311123333333455444454454545555
111112221123221333213332233444444554455545555
112221122211122113323333434434344445545555555
111112122122221232413334433344344453545555555
111111222111233422234223344335433554444555555
122221112231112331123333244433444454545555555
111112111321233222232444324333445534455545555
111121121212222132243333433344344445545555555
111121332211322113224432544325443354453545555
111111122112222322323333334443445445554455555
111112213122131223334223344233455554445544555
111112111122233233332244324433244455454555555
111223111231112344423344233422344523545555555
123331232312223124231442314453114551444555555
112221111211312333324433243322444454545555555
111111233122331233412334425354255542544425554
111221122211332133321344253342535445554455544
112221112211122133223333343535445554555544444
111111112213322443224433254332544325443555555
111111222311223122234233345553455534555344444
111111212212222123234433344443455334455355555
111111122112222223334233344355443354455544555
111121331213212132224333244332444454455555555
122221222211324113441134451334533345534455555
122221123312223112331133341355444454455544555
111111231112333222332333425444254542555455544
111111211122222233223344433544335545354455554
111112133122231222312323453334544445444555555
111221112212222132441333433534535345554455544
111221211212222133421344433454333543555455554
111221222311123144231422344453445534553355553
111112313123331232312223324255444554445544555
111111122121233222432544325543554435444355533
111112221133211322443244532455324453344535555
111112211122221233223334433344553445444555555
122221132211332411324113244333455534555544455
112221122211223133231133344334444445545555555
111112111321333222342223452334553445544455554
111111122122231322343223433334555545555454444
111123122231222311423144233444355443555435555
111123312231112331223222433544535445554455544
111111211122223224234243344433445335455355555
122221122231112311123334434444333455544555555
111111212312223122334223344433544435554455555
122221122211332144321433314443145435554355555
111112222123231233312433124434554345544455555
111111112212223442234422345553455334455345533
111111121122222233422334433344534455344555555
122221112211122331243314433334534445544555555
111112111122233233332244322443554435444555555
111111221322113222232443354433544335444555555
111112133121231222332444322433554435544455555
111121112213324132243352435524355243354455544
111111211322133422234222345553455534545344453
111112221322113422134233342355433554444545555
111111221211222322333233433344555545544455544
111112222122211233132333343355455554444544455
111111211122222234223344435544335543554433555
111111211122233222332233344435455354455544455
111123111231222314223445234552344553345534455
122221223312233123331133411444514545545455554
111111223122231244312443322433444355543555555
111111211132222333243222435544355543544435554
122221111213112333123342234444334455544555555
111223312231112311223342233444354445555455554
111111112212222332223334435334355545555454444
111112211324413244132244325443254332553355555
111121312213322133221432244333444555444555555
112221121211112344423454234542345453355533355
111121111231222322223333345553454534545544445
111111111222222232324333343433444554455545555
111112122122231223312333343434444444555555555
111111221122213222332444354433544335544355555
111111222312323123331233422344555545554455444
111221112312223124431224344443545335453355555
122221111231112314223442433444355543555433555
111111112122222332423324435444355443354535555
111121331213112333223342243422444445455555555
111221112213222134221344433344353443555455555
111112112121223222233333345533455554544544445
111111112231222333423344234452345523455544555
111121113213132333324332244225442554555544455
111121122231122312223333433554355445554455444
111112133123311223332233422444244555444555555
112221111231112333223433234342444445554555555
111221332213222132421344413444134543355555555
111223112233112333124331245322455554455544445
111111213322133221332444322433524445545455555
111231222311123441234412354223544335443555555
122331123311233122331223415254155545554454444
111112111322213222334255342553444534555344453
111221112231222311223444433334334445545555555
111221222212232133341334413344153445544555555
111111222212322133321344233444534445355455555
111111111222222233223344534445344553445533555
111111222112333123342223452334553545555454444
111112112122123222234433354433544335444555555
111111221344213442134223342533425354253545555
111231222311233112231223344335445554455544455
111111212132221324223342435444355543555433554
112221223212233123331113415334555545554454444
111112113322113422234223342533455534445544555
111111122211223422234244344433433334555555555
111111221122221223233333333444444544555545555
111223111233112331223322243355455554544544445
111112123122231223312243344433544355444555555
111121122213232133321443244332444354545555555
111111222211233412234422344333544435455355555
111112222123211332143322435544335443555455544
111111211312233224432444322243555435544355553
111121121231222313323333243442444554455545555
111121332211322143221432244333444435455555555
111112211122221222334555345553445534453344433
111112221123331244312433324433224554445555555
111111122122231233332233452334555445555454444
111111213122331244332444325433254432554525555
111111222122221233214333344433444354555545555
112221123312233122431244311443444435555355555
111112121121222222345533455334553445534453344
111121221211222312323333344434554345544455555
111111222213332133321333244422455554455544455
122221233211322133321343311455144554444545555
111121311233112333324433245552455524555244442
111111222132211332224333243355434554445544555
111121122211222133224333343453444534455545555
112221322213322133321343311444514445555455554
122221121231112311223334434444344453355555555
111111213312233123332223342245444454454555555
111123311233112333123344244442554225445255555
111112211132221322223333334355444454445545555
111111211212222332445322453344533345354455554
112221333211322133321133241552445554455544445
111112113121333233342234422344522445554455555
112221322213244132241334413334135541554455555
111121311213132333324332244452454524545245555
111111222132321333213322243355444554555544445
111112111323313223334233542255425554255544444
111231212312123122231233343344444445455555555
111111222212222123341333433544355443544455555
111111213322113422234223342553445534555344455
111223312231122311243142433424534445345555555
111112223122331223312243144433454534545545555
112221111211122332243324433354355543544455554
111221122211122314223344434444334553355535555
111112111322213242232423344333444354555545555
111121332213332113224132244332444454455555555
111111213112333223332443324444255542254455555
122231222312333123341213411134544445555455554
111111221132212322223344433454334545355455554
111111211122223233332333422344544445555455554
112221123312223122331444311443544535445355555
111112222122211332213333433444355545555455444
111111121133222333223344233422444444555555555
111111213312133222332223342443444554455545555
111223112231112333123322234444355545544455554
111121212212222133421534455344553345333455544
111112111322123222232443344533455534455344555
111112221122331223314235542355433554344544455
111111233122231243312433524355243552455544445
122221112211123112234433344433544435545355555
112223112231124311243122435554355543554433544
111112222122221344213345133455334553445534455
111112233122331423114233342253425554445544555
111111222113321333223322233444555445444455555
111111222211233122332233344433444554544555555
111112211132212342223444234444335453555533555
111112223123331223312433124355245554455544445
111111222312233142231422344443454435555355553
111121122231222314423145234455344453345533555
122221122231124311243311433444355543354455555
111221311213312134223344234442354423545555555
112223111231112331323333244522455554444544555
112221112231222314423114433354335543554455554
112223112231122341223411534555344453444533555
111112121122213442234422345333455334553544555
111112221132114322243224433334553345555455544
111111122133221322243224433345334454445555555
112221111211122333324332244333544445455455555
112221122213322113321333314443554445554455554
112231223311233122231243314443144554455545555
111111122112222324243244434445355453355533355
111221111231122333243322453324535445554455544
