1222222111112341333334553566455556644466674777777
1222223114233311424331444453165555566666756777777
1111222133222214335661443566444355677435567777756
1122222113244211344567133456773445673355567775666
1122222314225531444453116455331647533667756667777
1112223112222311444435555443565543366666736777777
1111122133312233334425666442565644255566475777777
1222223124442311444431155563155566377756637777663
1111122113222433332243554444355666455667665777777
1111112133222233342423354446555544657766665777776
1123333122234311224431552444155555467777776666667
1222223112233314555361457536145753614776664447776
1122333112333314222551445256147555644777764776666
1111222133122413335246355524637754466775546667774
1112222311114233444423345642355566635556767777776
1123333112333412222541166254666665477775547775544
1122223411225341152534165553446775344677336666777
1122222314445231114523616455366644533667553777777
1111222122223311455336444553666455366447536777777
1111222112223341552334655553466675344667734467777
1222233144222314444431115533155566355766667777776
1122234112223411233341556634755563475756647777664
1222222113332411353441655334165557466657746677774
1111222133334211344425334442555566255777667777666
1122233111222341123334555536445756644576664777776
1111233411223341222334444235666455566655576777777
1111122113222243325554333565443556644477667777766
1222333124433512433551245556124465611746667777776
1122233114223311442235144663555466355746665777777
1223334112233451222345116734551677456667745566774
1112222111123344522334455536744553674756367777666
1111122133312233435224443552464455566666756777777
1233333124433512444451222465127666517766651777755
1111222112223314442334454433655573766657776665577
1223334122344412233341255664115556471755667777766
1122222111132241333554636335466675544677754467775
1233333122234311254441125544612557466655776667777
1112233111222341452234445553644753366675576667777
1122222311224431556443155664315564437756663377777
1112333122223311224356164435666645576774457777455
1112223122233314423331444445166655577766557777665
1111222111222233333343544444556647756666675557777
1123333112223341222534116655466665546775574447777
1112233411222341522634155663455663345576674477777
1111223122222311444536645553664557364475736677773
1111122113222243333324444435664555566655776677777
1223333122244312424331144455611665566667557777775
1112222331124235512443551444356667435677773566677
1222333112223311112435444443545666655556767777776
1122233111243315224431552443655547365664776667777
1111112133222233452263345556734555677444467777666
1112223112232311233334444555644477566777756666755
1111233141123344442234554233665522766655576677777
1111111223333422344442234554623655566665756777777
1222333121223311124335155444555677456666746677774
1122223122433311243331554446157466655746765577776
1111222314122234415523344655344665536667753677777
1111111233334423355642355564255766422277647777664
1111222133122244315524335555443657744366776666777
1222222113333214444331444553166675516777556667775
1111111222233322444356247335644773564677756667555
1112333411233541226354127635422766544476657777655
1122223411223341152334145533444655566666756777777
1223334122353411225341125534166654466755476677777
1122334115223461552346152234615533466577746677774
1233333122222314444231455555144566611756667777776
1111222333144255314425331422553446655666667777777
1111222113144253336425536642533664257766445577777
1111233111223344222356425335644555566447776667777
1112222134242213444451336455136665533666557777777
1112333114223311422234445523466555746657776665777
1122333112233341222354116655446666574447657777755
1222222112334411333445116334556667455676745567777
1123334112333411223541627754662275466777546675554
1112222113232211333456666345677734567444456777555
1122222311452231145553314566334455634466667777777
1122233142223314442331554443156666615667775557777
1122222113244213334441333564177556477556667775566
1112223144222314442531144553666553366655376777777
1122333122234315522431154443155466675547667777766
1122222112333211143334444355647455566777756666775
1222333111233311223445126664566676455577745577744
1111122333112435332243555224556544466667746677777
1112222331122435511243555664337556437776647776644
1223333122343511234551224465117446577764657776665
1111222333124433312546631254677525466755546677774
1223334122533411253341225544166554416675776667777
1112333144235311423551442355664255766427776662777
1112222331122435112443555644356664435766673577777
1111233111223344442335442263545266655557667777776
1111223114123354442335444223555526375777667776666
1111222333112234414223544466354666635555567777777
1122333112222341152334155663477556647775564447766
1112223122223311143334444553446655576666657777775
1222233144522311452331145633144566674755567777766
1122222312444231444553114555331667533667756667777
1112222311112234444523344455366665536765573677777
1122222111233211444354443335466355576666657777775
1122333111233311222435524446557746655744665777766
1112333111233412223345262644566664455556745777777
1112223111233341225334462553466555544677774666777
1112222111332214433324433555644457566667756677775
1123333112324311222431566244555677456667445567777
1112222131114233344423354462355646655766675577777
1112222111123244333324443355466655546677556677777
1111222131124233322443533644556667455666745577777
1222222132334413333541677554166775416675541667754
1111123112222345552234665533466553744666374477777
1112223111142355544235444223556473365677736666777
1111122113222243335254435555443667544367776666777
1122222314444231111423333344566777756666675555577
1111233144522314555231445223445562366666736777777
1112223142255314225331445533146655344677776666777
1111222331124433152243555264355666437576647777764
1111122333112233444523345552644575266477576666777
1111112333312234355223444522644455567777756666677
1222233142233314425531444553146665517666651777777
1111112333412255344225334426573442657777765576666
1111122131332453333245666224556662457767745577744
1223333122243312244431114445166655566675556777777
1111233142223314442331442253646675566677556777755
1122222111133214445324455536744533677753667775666
1122223111223311424334444453666655367655556777777
1223333112244315224431562643156664415776675557777
1222222133244413444541333655137665511766657777765
1222222113333211444331155463555546677544667777766
1112222311224233114453366455736644573666457777755
1111111222333452333345224444525647755567776666677
1223334123344412234441223556177555617775561776666
1222222113244511344451133455633347566677756667775
1122233112444312244331125463775546375555667777666
1111122314422231445523334452366745536677756667775
1222222133344213334441355546155754615777661777666
1122223122243311144335514443566664355776665577777
1122222113323241133334155566455757644577764477666
1122333122233412253341555544156644415766667777776
1112222111342213334526344455634477563777556666775
1112223141423314442231544263555666375557637777766
1222222111123411333345555344666534466655476777777
1122234112233411122345555334556634456667476677777
1111122133414255344425533462753346275566627777766
1122222113442213334441335446137566677756567775556
1112222331112433152243555444356646435566667777777
1122222133342215344441533446153566615556667777777
1111112314442233544223554422356667735666773556777
1112223112242311244435566643566744355677735567773
1112333122222312445331444553164455566667756677777
1111111223333322223432555446755444677554667777666
1233334122333411255541625554162254416666647777777
1222223124432311143331544463154556675557667777766
1111112133444233544423555422335562277576667777666
1222333112334351236445122664511666455576445777777
1112234121233412223541663354667355466755546777774
1222222133332413335541555554166667416777741667744
1112233111222344123334552367455666744567674556777
1112223411223341123354662635466663544477557777755
1222223111242311144335444633546663755567775566777
1111111223333322434552243455624445566777576666777
1112222133444213334421356442135666655556765777777
1122222113332211344445134644553366655776665577777
1111222111322453332245336644537764457776645557766
1122222311114235551423555446335446633774667777766
1112223122243314424531144453666775367777536667555
1111222133142215334225553444565334756677476666777
1111233112223314255334426553442655744667576667777
1223333122334412223441115564717566477756647755566
1112233141233314123354462225466775544675556667777
1112334551233451123345122344522677455667746666777
1111122314152233445223344526337455677745567776666
1122222111232311443335544336577444657776665557766
1111122113222243356264335666435556643775574447777
1122222311114233414423344455636555563675776667777
1233333122434311244441122245167777566675756667555
1122333122223411152345155334555644466666476777777
1122222311442231144443155554355566633366767777776
1233333122222311144231444555164455566777756666777
1111122334411234444223334552663555266666557777777
1111122133332213422253346665444466574766557777755
1111111233445522344452233445263355526667776667777
1222333122444312244331144553166665516755576677777
1112222331111243333324444552664557766455776665777
1122333122333411223441524444156777755666775556667
1111222111223344224536444453677555367777536666753
1111122311322233333224445555444556677456667777766
1223333122243312244351644455164775516677551666777
1112333111233314425536642755644275564427576662777
1111233112223341223354442535644455566666576777777
1233334122234411123345112244555564657666665777777
1112222111322213333345556344556674456667745677774
1111222122223311455534446653466655347665334777777
1111111233334523634452263445226445526677756677775
1122223144223314523361455336144555617477567777666
1111111222344422334442533467255336755666675567777
1222233122233311145536144453614445566667556777777
1111222331144233414223344452636555766657776655777
1222223124233314444431111433555555657777667776666
1111122133312243333224444552647775564677756666755
1222223122333314444331555444116557761665576667777
1112333122223311122334445667445567745566774556677
1122222113334213344421135466773544677555567775666
1222222112344411334451133445666355566737756677775
1111222131222413325446635574633577463557446665777
1111223441222344156234715623477566347556637775563
1111233121223312224334444435666645566767557777755
1122233122223411333341544444155566655766665777777
1112222311142233144423333445666645566765557777775
1111222312224431552463155446355744635777663377766
1112223122233311243351444635447466577766657776555
1111123415522341522234455523644457366677736667773
1111122133444213333425366442556642255677775566777
1111233441222344155234415523645552367777736666677
1122333112233341125534122566444556677445567777766
1223333122344311234441125664512576455557667777766
1122222112333211435331444553444655577766657777666
1112222122233311144354444335466663566767557777755
1111112333122233322243566664556744456677445557777
1111122311422233444425346472533667753666775555677
1122333122233311122345156444555644455666667777777
1222223112233314444331114443566666755566775557777
1111222131122233334425334446555466655747765777766
1111123141222344423334452663455266355557667777776
1111222113342213334223354444555466657766665577777
1111234112223415522345556234566663456763347777774
1112222314252231445553114665333466573447657777766
1223344122233411523441552346155534617577667777666
1112222111232214443335464433546667355666775557777
1222222111111233344553334455344455566777776666677
1122222113224415333341556344156636455566647777777
1111111222223324425336644533664455367747556677775
1111112334412233422223344566374455677755567775666
1222222113244411344551134455663375566337576667777
1111112133332244322254332555444556677456667777766
1222334111233411523341552344556274756667475666777
1222333122223311455361445636147566614755564477777
1233334122223411223341115544665544766657776655777
1111122344411233442225334462553376657777665557766
1122222111324251134445553334566337456677745666777
1111233122222314255331444533445555647777667776666
1112222331122433115243665554365557436777746667744
1122333111244311222435526443556644356666775577777
1222333144233314422351142555144656516666657777777
1122344122334415233341522364155666415777665577776
1122233112333411223345124444556667456667775556777
1222333144233314522631452666145555614457761777776
1222333112223311124331554444556644755677775666677
1222222113425511344551633455163345766344776667777
1222222113344251334465113466515346655534767777776
1111122311222233332443534446555466657546665777777
1111111223344422333452233445626745566677756677755
1123334512223451226345126634511763455576647777764
1122222132332413333541155554615754466677446667777
1122222111332241153664455336455536645773764477776
1222333124444312244531624753167775316767551666755
1112223411225341122534455553466566344666737777773
1112222111322214433335444433555646657766665577777
1222333114233311422531144255644455766655776667777
1222333124233312423551144465144666516665557777777
1111122133142233444253444225336555566665776677777
1123333112435316244531624455162455766247576627777
1122222111112233333445363664566664455555747777774
1112222133242513344251334445136664576676657777755
1223334112233411223546127354616755466677546777554
1111222133124413222443355644335566455576667777776
1223333122453311245531124455162445766674576667777
1122222312444231145443115564355566637757663377776
1111222113133243333524667752446675244677554667755
1112333141233314123554462557466257746225574666777
1112233111423351442235442263554466355777665777766
1112222113344251134425333442556364756666775567777
1222233111122311444235544333544666655766675577777
1222333111223314452331455266145556674445667777776
1111223111223344442234555623455566347576637777766
1111222131144253333425363442556647256664775567777
1122223111244315224431564433556463355666675777777
1111122331222233124443335444555546657577667777666
1112222133332413552241354444135566475576667777766
1112233112223311223334555556455466644447667777776
1222222121334411134441333344555566655577767777666
1122222312444431245553144565311556637777663377766
1111122313415233345523444522346455266666576777777
1233344123334412235641225564112556417557667777766
1123344122334412233341522674155667415566775566777
1222223124432314443331154436115666655555767777776
1112333122223312244351166435666744566774557777455
1111111223444422334456223345662733567777556667755
1222233124223314444331114453661755566775556667777
1122223122444311244435166473516777356666735555773
1122222311244231444563117456377745637755563375666
1222233114223314442331444563155556615576667777776
1122333122223415263341566634156674415677745557774
1112223411252346115234666523444655377466537777753
1222234125233412553341655334166554411677746667777
1112344112234411223445226334556633755667775566777
1111112344415233444523346652366665236775527777752
1112222111322413332445333544555556477777647766666
1112233122243311224435164433556446755666675577777
1122222133244213334441536647153674715567775556667
1223344112334411233445122364512666657777765555776
1222222123333311134445153444515667455567776666777
1111111222223344233334425536444556677775667775566
1111222131222213333345366664556667455777745577444
1111223112222314423335446663547776354477665555776
1111123144422314552234456623455562377756337777666
1223333112234415523341552244165574416577776666677
1122222311112231444553446465346666533376557777775
1222222123333313344451444555114555671666667777776
1122222122333311433431144444555666657555667777776
1122222122334411334441553664155336455576667777776
1222222111233314433331544446154666675555567777776
1222222112333341553364155536415777641576664447776
1111122122222314443335464443556663355667775567777
1233333122234311244441522464155666615776675557777
1112222122233314444431554433155666355567667777776
1111222112222314444334455533465753366675576667777
1111122131442253444425333342555636275566667777776
1111112331444235446423546672355667235566723577772
1111122313312433322245352664555564457776447777666
1112222131112233334256634445663445566674557777775
1111122134414233344425334222553667756667775556677
1122333111233314422231442566774555674455567777666
1111112333331243355224445222455556647666664777777
1111112334412233422253344265374466577666557777655
1122223144222311433331445553146555564677776666777
1222233111123314122335446663554676655477675544777
1111111222223342552364553336457736645577764447766
1122222112233451113345666634566763455777345577744
1222223112123341113334445553445565674566667777776
1122233144222311444231554463155556375776637777666
1222333111223314122431444443555566657566665777777
1123334112233411123445552346775224675556467777666
1222333124223315442361544436157746615777761555766
1122344122334511233451223445166345566775576667777
1112344122234415523341152334555236457766667777766
1111111234444423454662335566233555622357762777776
1222233111122344411234556633445763645576665577777
1111123414152344455234645523666552376662237777773
1112333122233312422531145555444465546666776677777
1111112314422235444623544662355566233557663777777
1222233111422315544231154463775546377554637776666
1222334122234411123341566334155664455666775577777
1223333122243311244351624555166444516677756677775
1111112134442233334223534442555666255667665777777
1112223141233314122234444553466665376676557777755
1222233124233311424331144455616477566667556777755
1123333112344311224431522444555266657577665777766
1111222113122433332445533244556677455667745666777
1111122133412255342225334444553366475577667777666
1111112133422233342223544466355476655747665577776
1112223122244315244431556463157646355766635777773
1122222311442531444253116445366655537766653377777
1222223111112345163234556333455666745567674447777
1112233114223351423335142266544766654476765557777
1222233112244351244435114643515663355576667777776
1222233122333312134441115444555566477556667777766
1111122311222233332453674445367774566674456677555
1122223411222341115534455533445566374776637777666
1222222111323344133334415555441565547666667777776
1111111222333455236345223634526666455567447777774
1112222122233311333345155664555664475666447777774
1111222313112233334225536444556677455667445667777
1111122334411233344223534426557742655766665577776
1222222111333211443356144335644775564777556666775
1111233114423541462354446235776623577662357776255
1122223111222314445331444553646775366677536677755
1222233122233314555331455556144776614477761477666
1111222131122433522443655547366544733657476665777
1222223124423311144356144335614753566775556667777
1122222311122433311445533664553667455666745777774
1122222111123341552334455633444566374755667777766
1112222113324215333421534346755444675556667777766
1112222131142513334253334425666455566644756777777
1111222133342213444421345462735566673755667777556
1112222113244213334421353344555566455766667777776
1122234112233411223341555334656554466675746677777
1222233111123451122345666634567733456677745557744
1222233122433312444331554446155566615756661777777
1112222111322214333335443466554446657776665557777
1111122341142234444223334552335555567777776666667
1223333122343315244661527446152744615777761555766
1112233141222344122334415336745566674755567777566
1222223142253314555531456653146677314666731447777
1122222311112231444443445666337565633755567777756
1111123441212344522234456623475566377755637775663
1112222131122413555243355544366654437666643777777
1111111222234425563342566634256633455673745777774
1222233112243351124435611443566447355667775566777
1222333111223311122334445555444666547776657777665
1112222341112234145523444566337455633775567777666
1122222122334413333441115344555556457777667776666
1222223111122341133334444453666645566777756777555
1222333123333412224441111444555566657755667777766
1123344152364415236641523364152366415277675527777
1122223114223314442351644435166663566777357777555
1112222113232241333554133555444466574777657776666
1112223112233312244431555543555444366666667777777
1222233112233311425331645555164445766644576677777
1122222122333311333441155554665754466577446667777
1222222113332415553441553334115664477576647777666
1111233415123341522234452233455667745666774566777
1123344122233411233345126644512766455577665577776
1122223111223311423354443355446665546666557777777
1122222111223341555334153336445566644457667777776
1111233122223311224435556643557764355766447777664
1111111223444422345442633555266355526633776677777
1222233122444312443331144553115555677776567776666
1111234111223422225346755534675553467777346666734
1111222132224413255541333354666355466775746677774
1111233111223344422354462335466255546775576667777
1111122333122243512254355555436677743667774446667
1111222314125231445523334552364475536467776666777
1223333112343312224441552446115774655577665777666
1222222113323341133354411555446666547666754777775
1112222112223314433331453556445555644777767776666
1223344122233415522341155334115556466666647777777
1111122113322243335264335526444566647555664777777
1222223124442314454631555463157556311777637776663
1111122133222413552443355244636557463675746667777
1122222133334211333421544446155546675755667777766
1122222113444213344421334555136666573766657777755
1112222133442211345251334555663444566377756667777
1233333122222311455231145666144556644475567777776
1122222311422533145553614555361447736447773666677
1112222111333213333224455666445667644577764555777
1111233122224312244431555433556443655666667777777
1222222123445513334551336445137644511766657777766
1122333112223341125334162555466655544667774467777
1222333112334311234451224455166477566647756677755
1112334112223415223341552634755663477556647777664
1112222111222314566634456773445673344567335556777
1112222331222431114443555544365757436577773666667
1111222131222213334445633344566674455667775556777
1122222122333411134445153344555366457576667777766
1222333112223311142531444453644775567777756666655
1122223112233311243356144435667445566747756677755
1111233411122344442235464223556663355576665777777
1111233441522341152334555236477523644752667777666
1112223112233312243331544444555664675556667777776
1222333111223314422331144555644755564777756666677
1111112333122234422563452556345557634777764477666
1222233123333312245551114445616644566677456777775
1222223111232311143335544443555446677556667777766
1111222331144253144425333642537664255776665577776
1122223112422314444331455533145556377566667777766
1112222111332241333324455536455666645567764477777
1111122134442213454426335742663577266357776635557
1112333411233341122234445622445566675555667777776
1222233112423311442531444453155555366677776666777
1112233141122344412235544423655557365777736666677
1122222311112234415553446665334466537746653777775
1222333122333412234441555554156664415666671777777
1233344122234411233441522346155766615776665557777
1122222111112233333443355554667555467777746666744
1222233111223411552341653334665777465557446667774
1111111222223324444532666453776445377665537776553
1112222311124233312443354444355666655766675577777
1112222331122431155243355554366754436677446667777
1122222111322413333441535344555544677566667777766
1111122113322233342425344446537746655777665557766
1122222111333214143325444633544766657777765555766
1112223112242351154235555433656443366674476677777
1112222331244231124453314445336665577776557776665
1111223111222345555234444523446557366677736667773
1112222111333214433224433555446657546675756667777
1111222331224235144423514667354467735566773556677
1233333122223312244441111454665555466677556677777
1122222311142231554443155544335566473376667777766
1122333122222311444435146643514677355667775556677
1222222113244411333445116334556663455566675777777
1222233111422311442331444335647775566777556666755
1111222314112534422253344455364655736666573677777
1222333112234315224431554443165477716555776666677
1222234122233411113445551364557336457766645777766
1222333122244312154331115436775546677554467775666
1122222122333313334551664457166455716445576647777
1122223112422311443331445533645555564667776667777
1222223144423311542361554336155443617557667777766
1122233112233411223445153364555556477666647777764
1122233114223511422356144335644773564777756666755
1112222111322244133335444433554666655567765777776
1122223122432315443331544463155466615557767777766
1111122331122433332443555244555624756667476667777
1111112344122234442523664257336455736655773665777
1111111222222324433335444433546666655567765577777
1112223441223344112354661235466633546767557777755
1111111222333342233554223655466665544677754467777
1122222111223314444331456443555677355666735667777
1111222111333244443324443352666665276776557777555
1122233111233411522346655234666553467775546777744
1111112133333243535224555562444566274477627777666
1111222113124255322445534444553336657377667777666
1122234111233412223441555334555536477776647776666
1111122133333214533224455552465577246667774466677
1111222131222233144453644455366455736655773667777
1111222333124253112425333446555446657747665777766
1111222334111234445623455562345666234556673777777
1112222314225531442553114655337466537744663777766
1223344112344411235541223354126365577666657777765
1222223124243311444335111443555667355667775666777
1111122312222431244443354664355566635777663557777
1112222331422233145553114665337446577746657774665
1122223142233314423331144555144665577776657776665
1112222111222341533334555363447566647755664477776
1111233412222341256334125663444556377475667777556
1122222111223311445536444553644775366667536777753
1111112334441253342225534442553367256666775667777
1222223122333314433551144445114666577766557777665
1111112334412233544623554662357476235747625577766
1223344122233411123541162354666535466655547777777
1111223144222311442234445333655555366677576667777
1122333112224311255436125443655554366666447777777
1111123411222344552634555263475726347576634777663
1222334121233411123345162634556666455557647777774
1222223114423311442331544663155476355557667777766
1111122131422533342253344255634555766447776666777
1122233122223311444431145443655555366665776677777
1111122113222244333324433555446777546677756666755
1111122133442213344253334225666455566745756677777
1112233114423314442231445223666555366757556677777
1112223114242311424235544433556663755676375667777
1222333112333411234445122446517774655576665577766
1222233111233314225361455536144455674745667777766
1222223111232314443331554443156747755677775566666
1112223114223351442235144463557746355776635777666
1111222111322456632245563334566673455677345777744
1222344122333412233441153554155556417766667777766
1112222111132243333254444335666445567667756777755
1222222111333213333441555664156564455666747777774
1122233111244312224431555443655774365577736666677
1111112341222234425523644555366447533667753667777
1112222111232241333354436355444665547766657777765
1111222111222344442335444336555553677576367777666
1112223141223314152234445333645557764665576667777
1111222113322241332564335556437575647777564447666
1222334122233411233445113446551747655777765576666
1111222131422233144423555544336557436665776667777
1222233111223311442356144335644455566775576667777
1111222112223314442334455553466775346675536667777
1112222131124233144423555444356557735677773666667
1222333122233411233541167554616754466675546777754
1222233122333311244431555446157554617775467776666
1111112133332233444253444225667425567777756666755
1223333122223314452361445556145575614777761477666
1122333122333411222345167744516677455566745566774
1111112344155234555523444452333672263667726667777
1111122311442534442253446225366665536677553377777
1112222112232311443334443355466655546767556677777
1122222111233211333334555555444567746466774666777
1222222111323411333345156634555666455776647777744
1222333122444312243331554446155777615577661577666
1111223144112354442235664423566672355667335577777
1111222311122233332445634447563664756667475555777
1122233112422314445231444563155556375776637777666
1222333124253312445361244536114455617775667777566
1123333112233312244551224455166445566674576677777
1123333112223341122354412555444555647777667776666
1122223122244311144431554463556666357766335577777
1111233114123344452334445263777526677752267555666
1111222113134255333425663342566674256767445577774
1122222133333213443521144555144466577776657776665
1112222331112233144523666455364445536747756677775
1222223111112314444235454333555466356666675777777
1233344123333412555541222564127556417777641776666
1122222133224513334451663455166347516744756677775
1111122113222453322445633334566666457776445557777
1111112341222234444223335446335555677556667777766
1223344122234412233341115634155567455666775667777
1112223411123341222334455536445553674775667777666
1112222113324213334421353644775666475555647777566
1111111223334452233445233644522766455576665777776
1123333122222311442331145555644445567777756666677
1111112331222233442253664455364455536475776667777
1111222333112245312264533776455377644557664457766
1111112133344233444223544222355666655776765577776
1112223111442351442235554423565466356666337777777
1111222111344233334225553442566374456677775566677
1122223114223314423331455355144555674766667777766
1222233114423314422331144553614755566777556666777
1111222134552213455221344556334456633476667777776
1122222133342211344551334445136455566665776677777
1111222131122243333324445535466655546677574667777
1122223122333311243341144444566666755576675557777
1122233144233314425531422563144556617556667777776
1112333112233311224435662444556244755677775566677
1112222113333211443224443356445555677755667777666
1222223123333312345551164455116444566664756777777
1111222131455213445223334552364475536467776666777
1122222311142531144253444555336475533677776666677
1112222111232341423334444353466555566777756667775
1111122333311234444423454222355666755667675567777
1111222113122243355524435556443335644666667777777
1112333112233311245532224566444455647755667777766
1111112133333243556324455662477556244756624777762
1112223141233314125334462553466257744655576667777
1122333122333415224341524444155567715566776666777
1111222113222213344553334655374465577446657777666
1233333124443312444451222655177266511766657777655
1122233411123341552234165233446555546667774667777
1111234511123455622345662234566233456677345777774
1112223114442351142235554423555433366667776667777
1222223122433311445531444533114555566667776667777
1223333123334412255441225444116557716655776666777
1112223112244311522435555443656544366677336677777
1122222311111234444423333345666664576675557777755
1122222311142531414253344455633745566377756666777
1222222123333313344551444555114455617777667776666
1222222134442513444451333335116555516666667777777
1122333114223311442231445263744556677555567777666
1222222123333311443531444455114655566667756677777
1222233111243355124335112443566674456667475567777
1122222111324251134465333346535444655576667777776
1122222314445231114523661455366745536674573367777
1222223121233311144435514633544466655576665777777
1111111222333322234356624435766644576674457777555
1111122331122233333224444555466666546677554777775
1112222111233214433324433566477556644755667777556
1122222113234211333441536344555666477555647777766
1123333112344411235441623554662225466665557777777
1111122331212453322245533344555544466677776666777
1111111222222324445536644553644755366775336677773
1112233141223314122334442553644555566777756666777
1222222113332413333541555554166654416764476677777
1111112133222243355224355566435766643576674447777
1112223144242311444235146623555563357776635777766
1122223411123344112335446263544666355576675577777
1223333122334311222441566774156674415567745556677
1122222122344411333441536644153667755366775556777
1122222132332413334441135446155546655576667777776
1123333122334411235541225544126654466655776677777
1233333122234311222456114445614477566777556667755
1234444123334412323341222555111666566667557777775
1111122331412234442253444625366665536677753777755
1112233141222344122334415336477566647756667775555
1122223122433311244331444435166666576776557777555
1111222333112233414256344425634455566777756667775
1222223122333311134431514446555744655777665777666
1112222111232214433335433666544466655547675577777
1111222113442213334526334452636445566675556777777
1222222133442511344451136445713665577336557777666
1122234112333415263341526364152666455556447777777
1111222134155233415223444526334455637776567777666
1223334123333412254441125546112554677556667777766
1222222111333214533361455366144566644555764777777
1123333142233314422561142556144255677455667777766
1111122313122233334223566444556667455766745577774
1123333112345512234551123445622744566677456667777
1111233142225314426531422653744665377466537777655
1222222132444413333341113564771556477755667755666
1112222133332213344521344655144765574776557776666
1111122311422233445223444566345556633755667777776
1112222133244513322451334445163664566665557777777
1122222112333211133445553644575364457576647777666
1111122311222433335246377524637554466775546667754
1111222122223314333331445555444466577666657777765
1112222311124231554423556644355677433567743666777
1222222133333214445331466555146666514467751777775
1122233412222341155534155663415663344566674777777
1122344122234412253341155334155563477756667777666
1111222331442563142256314425634477563377756667755
1122222132334213335441355544166654416675576677777
1122222133324213333451164445616445566667757777755
1222222111112344133334455366445736645577765577766
1111222131224233154423555446355574637777463776666
1122222113232413333341155554666655476665447777774
1122222111232455133345513444556334765667476667777
1111122311222234444423354466355555637775663777766
1112223141552314155236445523644572366477736667773
1222222111111233444453336455377644537666657777655
1222334112334412223441553344115555566777776666677
1111223111223344442234445253667555366775536667777
1111111222233342523634255363455776644577664457776
1111222333111233332224555556445776644577764477666
1112233441222344112235416663547763354576665557777
1111122311422534444253344225366655536777753666777
1122233111233312224331554446755544677755467776666
1122222134455213444521344555133365613766667777776
1222222113342511134551333445666344566667457777775
1123333112222311455231445523444455677775667776666
1122223112224315554431566643156664375576437777743
1233444123333412225341262554176665417666551777775
1122222311242431564443156644315566633355567777777
1222333112233311122431556444555666455666747777774
1122222111233214444351446335774635577663557776665
1111111223333422553442555344265534426666667777777
1122222111223341533334155663445766644576674557777
1112222314225531442553164755316477533644773666677
1122222311114233154423335444365577466555776666777
1223344123344412235541233654126665511766657777775
1111111222222233444443546674355667735556773356677
1111122333311234455523445552346657244677726666777
1112222331111233444423344452366555766557576667777
1111111222233422533342556634557763455766647777644
1122222133322413333441115544666655466755546777777
1122233112444312243331124443556666756677675555777
1112233411122341555234555623447562344776637777666
1222222133444213335441133554166557416655776667777
1111112334512233455523445522344566234766667777776
1122223111233311423554442335446555546666776677777
1111112333122233442253664255366447566447756777755
1111233112222312243334444453667455566775556667777
1122223111442314442231443333556777755667675556667
1223334122233411223345111664555764457776645577766
1222222111332314133331445556444555677475667777666
1122222111233245133364517736455573644577764457666
1112233112224311524436652433655547365544776667777
1111111222333322224335555443555444466777776666677
1111233142223314422231444453666665367776557777555
1222223111224351114435554443655743366577736666777
1111222111332244443324455532466753366775556667777
1112222134422213344451133445633777566777756666555
1222333111233311222435166744556677455677445566774
1112223114223314452231455633444566375556667777776
1122233412223341255334111535446655544666667777777
1122334511223451123345122334556667455677746667774
1111122134122533444253333425667442566777556667775
1111233114423315542235544223566427356647775666777
1112222111222314444335564433566433756666775557777
1122222133322411533441153364555666475577647777664
1233333122443311224441112254666655476665557777775
1123333112233411225341225544655554466667476677777
1111123141222344422235446333554666355577665777776
1122234112223451233345167374516737455677745566664
1111233144225314442531442253666625377766537777655
1111122133222413332243355544555656477766647777664
1111122133122433352246335524666554476665547777774
1222233142555314265331426533146657714665771446777
1111222311224435162243556664335566433557647777774
1111122133314233444423564422356667255667775556777
1122222111133244513624455366455336645536674777777
1111122313122233345223444555346666544667657777775
1222222123444411344341133335165555566667756677777
1112222111232415533246553444655344766533776667777
1112222133333211443321554662554466655544667777777
1222223124423311443331144435617555566777556666777
1222333112233341255534125666411566644755764477777
1111111223334523344452633445266747526777752666755
1112222112232311433335444366544477655777765557666
1233344123333412224441125564172756617775667755566
1222233112244311124431555433555443675666667777776
1222233122444315244431566433155666311555667777777
1222222133345213444551346455133645516667771667777
1111223111223344422235544463557746355576637777666
1122233122233311243531144556744555677445667777666
1111222111342253334625533462755346677554667777446
1111122113332453353245555324666572467777246667744
1122222111233214333551443355444455677776567776666
1111223122222311444335544333556447756666775566777
1112333122222312443331554466154466655477765577776
1112233114222311422334444433566677756566775555677
1112333112223314422331442556445556647775567777666
1112334112233412223341255534665755466677546677774
1111111222222342553334455333455677745666774466677
1112222131122413552443335554363754466675476667777
1112333112234412223441523344555666457776665577776
1111122341152234445523345522364557736466773666777
1111122312222431244443354664335666653567775557777
1111122131222433324445532644553664655376665777777
1222222111123415513345567334556734465673746667774
1123333122224312244431114453666455567777556667775
1223333122244312424331144455611555566665776677777
1122222111133241566324455633445667345566734577777
1122223111123314442234444333556677756666675555777
1122223122423315444331546437154673715567775566667
1122222312244431111443555544335666735567773666777
1111222131324213332445363244566777455666745556777
1222222121333311114335444463545546655577767777666
1111233112222341225534455553644577366447736666777
1111122133312233332224455555444566647456667777776
1122223144223311423331444355166455576666657777775
1112222111332213333245344444566674755567775566677
1111222313112233344256367425636745566674557777445
1111223114125344422534422553466657366755736677773
1122222311112231444443355564335556473576667777766
1122222111334213333421535544655544765667476667777
1111122133412233344256633425677742567774456667555
1111122331144234444223345562733566277755667775566
1112222112223314444431564433556667356667735557777
1122233122333412253341655574165557416667746677744
1111122131422533444253664225366445536775573667777
1111222311422231544243355444355666633556667777777
1111122333142234414223344425366665576766557777755
1222223142233314443351114435661477566777756667555
1112222113322241133334455536444566674555667777776
1222333112243311224335115444555544677566667777766
1111223111223345523334452263445666745567774566777
1111112333122233322423555444555566477666647777764
1222223111242351144335514433654473765557776666677
1222333122334311234441124445166665566767557777755
1111122333114255333425666342566664257744425577777
1122333122223415523341555634115664477576447777666
1112222131332213333421554446555544677576467777666
1222222133442513334551334465114466571776557777666
1111122132222413344245336444533666755666775557777
1111223411122344442335544233555526375776667777666
1111122331144234444423555522356557233677776666677
1112222312224431144453166455366745533677753667775
1122222111332244133334413555644557564677756666777
1122223111223344112335446663544776354576665557777
1111122131222233444423333444566666755567775556777
1112333122233311224435152444555666457567647777766
1111222333122435512243651444365547436657776665777
1112222131122413555243365554336654436674476677777
1111123122222314445234445553466675366767536777753
1222222133244411333341555364156666415677745567777
1222333122244312444531445553116557316665776667777
1112222131324213334421335644555564475756667777766
1111122331142233554423355442366554266675476677777
1222223122333311144431144453666745567777556667755
1111223112224315552435565243576644377766437776643
1111222111332233332243554444655555467777746666677
1122222133224411334451336455163645566664557777777
1122333112223341522334156666415555647777564447776
1111123144442314454236665523665572367557236777723
1122333142223514423351442355146675514677576666777
1111122331122433352243665524365554466775746677774
1223333112343311224551124445662445566666757777775
1122233112223314442331454443155556677556667777766
1222233122333311234551144455614775564477756666677
1111223444112344512234655223465553366675736677777
1111222344122233411253344455364555536666776677777
1222223144522314553331455633145667714566771466777
1122222311244231115443666554336665437655543777777
1111122134412233442253644525364555536666673777777
1222233122243311154331155434655544466657776667777
1111222113132433333245555224555444466667776667777
1122233112223341125334416535466655546665774477777
1222333112333311245551124465772466577444657776665
1222233122333412553341665444166547416657771655777
1111122331142253334225533442554446655777667777666
1111234511123455552345662234567223466777346677734
1111112133332243222254336555446666544777654777765
1111122133444213334225366422535644755567775666777
1111222131124233322443355446377554677556467775666
1222223111243314424531644453166775366777536677555
1111112333412235442223544662355446635777765577766
1122233122233311243556114355664444566647756777775
1122222122333411335546163544616355466655747777774
1122222113442211334441335544336577766657776665557
1222223122433314443331444555116555716667576667777
1222223124233311444331445453165555716567776666777
1111222111223243333324355566445777645577764457666
1111122314222231444423556644335566635556763777777
1111222331222231144443356444355666735667775556777
1111112344412235466623544662354667235577723355777
1233333122222314425531444455116466571666657777775
1122333111222311425534442533464555746666576677777
1112233412223341123334412556445555647777567776666
1111111233334423354442635454266555522666672777777
1112222122233311133434444443555566655566767777776
1112222331122231144553444445336677563677556667775
1112222331242233114553614445367744536777556666775
1222223112243311554331154433655477765544776666677
1222222111333244115334415533445556647566667777776
1222222132445513444451366475136677513367751366775
1122222111132241433334444553664555366777556667777
1111122133122233332425534446555444655766667777776
1122222111123314442334445553465553366675776667777
1111222333111233332224444445666654566755556777777
1111122112222345523334455536445753647777364776666
1112222331444233111423335642555564477556667777766
1111112312222234255553446665344465533466673777777
1123333112333412255541125544622577466657746667774
1112333122222311444231555433556644455677776666777
1122233122233311124335516444556667456676745577774
1122222113224451334445113334566673455567775666777
1111233112222312244335554443566446355666675777777
1222345122334512336451233645117664571766457777645
1111112133344233344423554642775566277756227755666
1122333112233341222534116555446667544677754667775
1122223112332311243331554444555664455667776667777
1112233141223314142335444223554666655576665777777
1111222133222213334441335444555556477566667777766
1123333112233341522264155526417756647775564447766
1122222133322411334441135464773566477556667775556
1112223412223341523334155366417555647775664477766
1222344112333412253341255344116574766657776665577
1111222133425213442521334455663475566347576667777
1222222113333213344441344556174756617775667755566
1111222331122243312554433556477355647775664477666
1112333142222314444231154423665577366655776655777
1112223145552314555231445623174662377446337777666
1112222131145233144523344552364475536677756666777
1122233411233341225534112553446675544677756666777
1122223112233314253661455366145537644557764477776
1233334123434412344451222655172665517766651777765
1222222111123314153334455533445677745566674666777
1122223122442315554331115443655544366666637777777
1222222113333241113334415566447756647755664777556
1222222133323411133345116644577764457576645557766
1222334122333415226341555634117566471755647777664
1112333122223312243351164445666477566447556777755
1111222113322213332445533444655554765677476666777
1123344112354461235546123554612375466237576627777
1112222113333213345621734562774456677445667745556
1111122131422233444523664452366645533667757777755
1111223141122354222335466637544633754466675557777
1222222112333311433351446655146665574446657777775
1112333114222315466231546623554762355476675447777
1122233112223311442351444335646475566677756677755
1111233141122344552234552233445677345566776666777
1123333122233311422251444445146655566667556777777
1111222131144233344423554422335666655557767777766
1112234112223451662345156234555633456663447777777
1122222133322411333341566664155764455576645777774
1112222311244431224553144465366666533777653777755
1111122333122233314423444452666475566777756677555
1122222111122344155634455663445666345577637777733
1122223122233314443351444435116655566655776677777
1112223114422315542231564443556774355667336667777
1234444123334412233541222355166775516777751666675
1223333122334311244451124555612457766645576667777
1122233111223314152634455263455576347757664477766
1111122331144233334423544462555556277775627776666
1112333122223312423351446655144465577476657777665
1122233122453312245331144553144665574776567777666
1222222134555213455661345566134444613337761777776
1222222133455213444561344556133475611377567777666
1222234112333411235341623554167775466675546677754
1222222113244413333441153664155367455666775567777
1223333122435312243551124455616444561677756667777
1123333412232341122234415555441556647775667777666
1112222133242511324551334455633477566447756666777
1111122313412233342223344555666475566447756677775
1112333112233311224435522444555677456666745667777
1111222331122233142453344445637745566777556666775
1122222113322413333441135554666755467775546667774
1122222111322413335541663354666355476675547777744
1122223122423311443351143355644555766457776666777
1122222133333211144321555434655544466577776666777
1122333122233312425351445555144466517466667777776
1111222314114233444425346722533677753666675555677
1122333112244311124435522433556644655766665777777
1122222111123244515334455553445677346667736667773
1112222112232451133345553334565544466674776667777
1122223111222344115336444533647753564675556667777
1111111233344423534642355664235776425557662277776
1222333122223311113341544444554666655777765577766
1233333122334412244441225554116665517776657777665
1111233111222344425534642253466555346775736667777
1223334122233411223341555554115656477766647777664
1111122344122234412523344456335555673756667777766
1122222134422513445551345556134466613776763377776
1122333112333312244441244455125555677776567776666
1112222131112433552243355544366554736664476677777
1111122131444233334423553442556677255567726666777
1111123122222314444234443333556666675555567777776
1223333112443312224431125544165555466665776677777
1222233122433312444331144555164555716657776666777
1112333112234351123435552446775244675524667777666
1111222113322413332445536244553644755666775667777
1111233411222341225534662653446665344776537777755
1122222112233311133334444555666445566664757777775
1111223141122344442334554223556663357776665577776
1112222133232214333351444555146445566667756677777
1122222112233341333554166365417666547776554447775
1112222112233241133354433665446667546677754777555
1122222314444231454423155566311755633375667777766
1223333122343315224441552466155446611557767777766
1111223114222315424235544433564673756667375566777
1112222113332411332245533444566644756666775557777
1222222133424411344441133555613357766655576667777
1223333123344312224451126445611645566667557777775
1122222112344211135446663554666335477673547777355
1112223144423311442231445233655577366655776665777
1223334122333411234441522644155766615577665577776
1112333111223344122234552563455556644776664777776
1223334112233412233541627554166775416675546677754
1122223411522341155234155633455663344776664777776
1111123412222341422334445663455563355576667777776
1123333122333415222441526644156666415777645557777
1222222133244413333441115344165555766655776667777
1233334122233411122345112444566677455567775566677
1222223144423314542331154436715553671755667777666
1111122133312233332224444445666645566777756777555
1122233111223341122334445563455566644556767777776
1111122112222233344553634557363445766445576667777
1112223112233311223334444566455555647577664777766
1122222111233241133554633755466377544677754466675
1122233112243351124435512443566647356664775567777
1111122344112235442263544426355776633577763557766
1112233144423314222231445663154556375557667777766
1222222113344211333445113346555544655776667777766
1222333124433312244351126445177664517766657776555
1222234152223415533341555534116773416667746667774
1122333112334312244431225444155566655756667777776
1223334122333412223441555444156557715666771666777
1112222111123244433324333555446655564677576667777
1112222111132233333423566444556644755664775567777
1111222131124453332245553264553366457776647777664
1122222113242411334441335454336555566667756677777
1111222311122433333245356624555566475776447777664
1111122132222413255443355544365674736567473666777
1122333112223314224331444455166647566677756777555
1111112313222233324526334455666445567664457777775
1122334122334412253341255634115666455577647777766
1111233114522341455234444523666652367755236677777
1111223141222314523334452633455766645777664557776
1111222113144233334223344442555677756667775556667
1111233112123342222534667553467775346667554446775
1222233112122341113334444453466655566667757777755
1222223122333311113435144444555546675576667777766
