11111211222123223342344433443344
11111211222123223342344434443334
11111211222123223332344433344444
11111211222123223332344433443444
11111211222123223332344434443344
11111211222123223332343344434444
11111211222123223332343344344444
11111211222123223332343434443444
11111211222123223332343334444444
11111211222123223332343434344444
11111211222123223342334434443344
11111211222123223342334433344444
11111211222123223342334433443444
11111211222123223332334443344444
11111211222123223332334434443444
11111211222123223332334433444444
11111211222123223332333344444444
11111211222123223332333444344444
11111211222123223332333443444444
11111211222123223332333434444444
11111211222123243324342434443334
11111211222123243324332434443344
11111211222123243324332433344444
11111211222123243324332433443444
11111211222123223323433344434444
11111211222123223323433344344444
11111211222123223323433343444444
11111211222123224323433344434443
11111211222123224323433344334444
11111211222123224323433343434444
11111211222123224323433343344444
11111211222123223324344433343444
11111211222123223324344433443344
11111211222123223324344434443334
11111211222123223323333344444444
11111211222123223324333443344444
11111211222123223324334434443344
11111211222123223324333434443444
11111211222123223324333434344444
11111211222123223324334433344444
11111211222123223324334433443444
11111211222123223324333433444444
11111211222123232333244344334444
11111211222123232333244344434443
11111211222123232333243344434444
11111211222123232333243344344444
11111211222123242344233433443344
11111211222123242344233433343444
11111211222123242344234433343344
11111211222123242344234433443334
11111211222123242334234433343444
11111211222123242334234433443344
11111211222123232333234443344444
11111211222123232333234433444444
11111211222123232333234344434444
11111211222123232333234343444444
11111211222123242334233433443444
11111211222123242334233433344444
11111211222123232333233444344444
11111211222123232333233443444444
11111211222123232333233344444444
11111211222123222333444343334444
11111211222123222333444344334443
11111211222123222333444344434433
11111211222123222333443343344444
11111211222123222333443344434443
11111211222123222333443344334444
11111211222123222344333434443344
11111211222123222344333434343444
11111211222123222344333433443444
11111211222123222344333433344444
11111211222123222344334434443334
11111211222123222344334433343444
11111211222123222344334433443344
11111211222123222334334434443344
11111211222123222334334433344444
11111211222123222334334433443444
11111211222123222333334443344444
11111211222123222333334434443444
11111211222123222333334433444444
11111211222123222333334344434444
11111211222123222333334343444444
11111211222123222333434344434443
11111211222123222333434343434444
11111211222123222333334334444444
11111211222123222334333443344444
11111211222123222334333434443444
11111211222123222334333434344444
11111211222123222334333433444444
11111211222123222333333444344444
11111211222123222333333443444444
11111211222123222333433443344444
11111211222123222333333434444444
11111211222123222333333344444444
11111211222123222333433344434444
11111211222123222333433344344444
11111211222123222333433343444444
11111211222123232323333344444444
11111211222123232323433344434444
11111211222123232323433344344444
11111211222123232323433343444444
11111211222123242324334434443334
11111211222123242324333434443344
11111211222123242324333434343444
11111211222123242324334433343444
11111211222123242324334433443344
11111211222123242324333433443444
11111211222123242324333433344444
11111211223122334223442343334444
11111211223122334223442344334443
11111211223122334223442344434433
11111211223122334223423344434443
11111211223122334223424344434433
11111211223122334223423343344444
11111211223122334223423344334444
11111211223122334233422344334444
11111211223122334233422344434443
11111211223122334233424342434443
11111211223122334233423342434444
11111211223122334233423342344444
11111211223122332443224344434433
11111211223122332443243324434443
11111211223122332443243324334444
11111211223122332443244324334443
11111211223122332443244324434433
11111211223122342334223433344444
11111211223122342334234423443344
11111211223122342334233423344444
11111211223122332334223443344444
11111211223122332334234423344444
11111211223122332334233424344444
11111211223122332334233423444444
11111211223122332333224344434444
11111211223122332333244324434444
11111211223122332333223444344444
11111211223122332333243424344444
11111211223122332333223344444444
11111211223122332333243324444444
11111211223122332433244324334444
11111211223122332433244324434443
11111211223122332433243324434444
11111211223122332433243324344444
11111211223122332333234423444444
11111211223122332333234324444444
11111211223122332333233424444444
11111211223122332223333344444444
11111211223122332223433344434444
11111211223122332223433344344444
11111211223122332223433343444444
11111211223122332223443343344444
11111211223122332223444343334444
11111211223122332223443344434443
11111211223122332223443344334444
11111211223122332223444344334443
11111211223122332223444344434433
11111211223122332243424344434433
11111211223122332243244344334443
11111211223122332243244344434433
11111211223122342234323433344444
11111211223122342234233433443444
11111211223122342234233433344444
11111211223122332234233433444444
11111211223122332234233443344444
11111211223122332233424344434443
11111211223122332233423443344444
11111211223122332233423344434444
11111211223122332233423344344444
11111211223122332233244344334444
11111211223122332233244344434443
11111211223122332233233444344444
11111211223122332233233443444444
11111211223122332233233344444444
11111211223122332233243344434444
11111211223122332233243344344444
11111211222122333223333344444444
11111211222122334223433344434443
11111211222122334223433344334444
11111211222122334223433343434444
11111211222122334223433343344444
11111211222122334223443343334444
11111211222122334223444343334443
11111211222122334223443344434433
11111211222122334223443344334443
11111211222122334223444344334433
11111211222122334223444344434333
11111211222122334243424344434333
11111211222122343234323433344444
11111211222122334233424344434433
11111211222122334233423344434443
11111211222122334233423343344444
11111211222122334233423344334444
11111211222122332443243344434433
11111211222122332443243344334443
11111211222122332443244344334433
11111211222122332443244344434333
11111211222122342334234433343444
11111211222122342334234433443344
11111211222122342334233433443444
11111211222122342334233433344444
11111211222122332334234433344444
11111211222122332334234433443444
11111211222122332334233433444444
11111211222122332334233443344444
11111211222122332333244344334444
11111211222122332333244344434443
11111211222122332333243344434444
11111211222122332333243344344444
11111211222122332433244344334443
11111211222122332433244344434433
11111211222122332433243344434443
11111211222122332433243344334444
11111211222122332333234443344444
11111211222122332333234433444444
11111211222122332333234344434444
11111211222122332333234343444444
11111211222122332333233444344444
11111211222122332333233443444444
11111211222122332333233344444444
11111211222122332243444343334443
11111211222122332243444344334433
11111211222122332243444344434333
11111211222122342234333434443344
11111211222122342234333434343444
11111211222122342234333433443444
11111211222122342234333433344444
11111211222122332234333443344444
11111211222122332234333434443444
11111211222122332234333434344444
11111211222122332234333433444444
11111211222122332233444343334444
11111211222122332233444344334443
11111211222122332233444344434433
11111211222122332233333444344444
11111211222122332233333443444444
11111211222122332233433443344444
11111211222122332233333434444444
11111211222122332233333344444444
11111211222122332233433344434444
11111211222122332233433344344444
11111211222122332233433343444444
11111211222122332233443343344444
11111211222122332233443344434443
11111211222122332233443344334444
11111211222122223333444343334444
11111211222122223333444344334443
11111211222122223333444344434433
11111211222122223333443343344444
11111211222122223333443344434443
11111211222122223333443344334444
11111211222122223333434344434443
11111211222122223333434343434444
11111211222122223333433443344444
11111211222122223333433344434444
11111211222122223333433344344444
11111211222122223333433343444444
11111211222122223444333434443334
11111211222122223444333433443344
11111211222122223444333433343444
11111211222122223444334434443333
11111211222122223444334433343344
11111211222122223444334433443334
11111211222122223444343433343344
11111211222122223444343434343334
11111211222122223444344433343334
11111211222122223444344433443333
11111211222122223444344434343333
11111211222122223444344434433333
11111211222122223344344433343344
11111211222122223344344433443334
11111211222122223344344434343334
11111211222122223344344434443333
11111211222122223334344433343444
11111211222122223334344433443344
11111211222122223334344434443334
11111211222122223333344433344444
11111211222122223333344433443444
11111211222122223333344434443344
11111211222122223333344344334444
11111211222122223333344344434443
11111211222122223333344333444444
11111211222122223333344334443444
11111211222122223333344334434444
11111211222122223334343434443344
11111211222122223334343434343444
11111211222122223333343434443444
11111211222122223333343434344444
11111211222122223333343344434444
11111211222122223333343344344444
11111211222122223333343334444444
11111211222122223344333434443344
11111211222122223344333434343444
11111211222122223344333433443444
11111211222122223344333433344444
11111211222122223344334434443334
11111211222122223344334433343444
11111211222122223344334433443344
11111211222122223334334434443344
11111211222122223334334433344444
11111211222122223334334433443444
11111211222122223333334443344444
11111211222122223333334434443444
11111211222122223333334433444444
11111211222122223333334344434444
11111211222122223333334343444444
11111211222122223333334334444444
11111211222122223334333443344444
11111211222122223334333434443444
11111211222122223334333434344444
11111211222122223334333433444444
11111211222122223333333444344444
11111211222122223333333443444444
11111211222122223333333434444444
11111211222122223333333344444444
11111211222122233323433344434444
11111211222122233323433344344444
11111211222122233323433343444444
11111211222122234323433344434443
11111211222122234323433344334444
11111211222122234323433343434444
11111211222122234323433343344444
11111211222122234423433344434433
11111211222122234423433344334443
11111211222122234423433343434443
11111211222122234423433343334444
11111211222122233323333344444444
11111211222122234423443343334443
11111211222122234423444343334433
11111211222122234423444343434333
11111211222122234423443344434333
11111211222122234423443344334433
11111211222122234423444344334333
11111211222122234423444344433333
11111211222122234233444343334443
11111211222122234233444344334433
11111211222122234233444344434333
11111211222122234243444343334433
11111211222122234243444343434333
11111211222122234243444344334333
11111211222122234243444344433333
11111211222122233233333444344444
11111211222122233233333443444444
11111211222122233233333434444444
11111211222122233233333344444444
11111211222122234233433344434443
11111211222122234233433344334444
11111211222122234233433343434444
11111211222122234233433343344444
11111211222122234233443343334444
11111211222122234233443344434433
11111211222122234233443344334443
11111211222122232333444343334444
11111211222122232333444344334443
11111211222122232333444344434433
11111211222122232333443343344444
11111211222122232333443344434443
11111211222122232333443344334444
11111211222122232433444343334443
11111211222122232433444344334433
11111211222122232433444344434333
11111211222122232433443343334444
11111211222122232433443344434433
11111211222122232433443344334443
11111211222122232443443343334443
11111211222122232443443344434333
11111211222122232443443344334433
11111211222122232333334443344444
11111211222122232333334434443444
11111211222122232333334433444444
11111211222122232333334344434444
11111211222122232333334343444444
11111211222122232333434344434443
11111211222122232333434343434444
11111211222122232333334334444444
11111211222122232443444343334433
11111211222122232443444343434333
11111211222122232443444344334333
11111211222122232443444344433333
11111211222122232333333444344444
11111211222122232333333443444444
11111211222122232333433443344444
11111211222122232333333434444444
11111211222122232333333344444444
11111211222122232333433344434444
11111211222122232333433344344444
11111211222122232333433343444444
11111211221232223332443343344444
11111211221232223332443344434443
11111211221232223332443344334444
11111211221232223332433344434444
11111211221232223332433344344444
11111211221232223332433343444444
11111211221232223332433443344444
11111211221232223442334434443334
11111211221232223442334433343444
11111211221232223442334433443344
11111211221232223442344433343344
11111211221232223442344433443334
11111211221232223442344434343334
11111211221232223442344434443333
11111211221232223342344433343444
11111211221232223342344433443344
11111211221232223342344434443334
11111211221232223332344433344444
11111211221232223332344433443444
11111211221232223332344434443344
11111211221232223332343344434444
11111211221232223332343344344444
11111211221232223332343434443444
11111211221232223332343334444444
11111211221232223332343434344444
11111211221232223342334434443344
11111211221232223342334433344444
11111211221232223342334433443444
11111211221232223332334443344444
11111211221232223332334434443444
11111211221232223332334433444444
11111211221232223332333344444444
11111211221232223332333444344444
11111211221232223332333443444444
11111211221232223332333434444444
11111211221342234423422343334443
11111211221342234423422344434333
11111211221342234423422344334433
11111211221342234423442344234333
11111211221232223323433344434444
11111211221232223323433344344444
11111211221232223323433343444444
11111211221232223424344433343344
11111211221232223424344433443334
11111211221232223424344434343334
11111211221232223424344434443333
11111211221232223324344433343444
11111211221232223324344433443344
11111211221232223324344434443334
11111211221232223323333344444444
11111211221232223324333443344444
11111211221232223324334434443344
11111211221232223324333434443444
11111211221232223324333434344444
11111211221232223324334433344444
11111211221232223324334433443444
11111211221232223324333433444444
11111211221342334223442344234433
11111211221342334223423342434443
11111211221342334223423342334444
11111211221342334223422343334444
11111211221342334223422344334443
11111211221342334223422344434433
11111211221342334233422344234443
11111211221342334233422342334444
11111211221342334233422342434443
11111211221342334233423342234444
11111211221342234233422343334444
11111211221342234233422344334443
11111211221342234233422344434433
11111211221342234233423342434443
11111211221342234233423342334444
11111211221232223244333434443344
11111211221232223244333434343444
11111211221232223244333433443444
11111211221232223244333433344444
11111211221232223234333443344444
11111211221232223234333434443444
11111211221232223234333434344444
11111211221232223234333433444444
11111211221232223233333444344444
11111211221232223233333443444444
11111211221232223233333434444444
11111211221232223233333344444444
11111211221232223244344433343344
11111211221232223244344433443334
11111211221232223244344434343334
11111211221232223244344434443333
11111211221232223244334434443334
11111211221232223244334433343444
11111211221232223244334433443344
11111211221342234223432343334444
11111211221342234223442343334443
11111211221342234223442344434333
11111211221342234223442344334433
11111211221342234223423344434433
11111211221342234223424344434333
11111211221342234223423343334444
11111211221342234223423344334443
11111211321232223332443243344444
11111211321232223332443244334444
11111211321232223332433244344444
11111211321232223332433243444444
11111211321232223442334234443344
11111211321232223442334233443444
11111211321232223442344233443344
11111211321232223442344234443334
11111211321232223342344233443444
11111211321232223342344234443344
11111211321232223332344233444444
11111211321232223332344234443444
11111211321232223332343244344444
11111211321232223332343234444444
11111211321232223342334234443444
11111211321232223342334233444444
11111211321232223332334243444444
11111211321232223332334234444444
11111211321232223332333244444444
11111211321432243324322433243444
11111211321432243324322432443344
11111211321432243324332432243444
11111211321232223424342434443334
11111211321232223324342434443344
11111211321232223324332443344444
11111211321232223324332434443444
11111211321232223324332433444444
11111211321232223322433344434444
11111211321232223322433344344444
11111211321232223322433343444444
11111211321232223322433443344444
11111211321232223422344433343444
11111211321232223422344433443344
11111211321232223422344434443334
11111211321232223322344433344444
11111211321232223322344433443444
11111211321232223322344434443344
11111211321232223322333344444444
11111211321232223322333444344444
11111211321232223322334443344444
11111211321232223322333443444444
11111211321232223322334434443444
11111211321232223322333434444444
11111211321232223322334433444444
11111211321432443224332432243344
11111211321432443224324432243334
11111211321432443224322433243344
11111211321432443224322432443334
11111211321432443244322433243324
11111211321432443244322432243334
11111211321432243244322433243344
11111211321432243244322432443334
11111211321432243244324432243334
11111211321232223244323433344444
11111211321232223244324433343444
11111211321232223244324434443334
11111211321232223244324433443344
11111211321232223232333344444444
11111211321232223232333444344444
11111211321232223232333443444444
11111211321232223242344433343444
11111211321232223242344433443344
11111211321232223242344434443334
11111211321232223242334434443344
11111211321232223232333434444444
11111211321232223242334433344444
11111211321232223242334433443444
11111211321432243224332433243444
11111211321432243224324432443334
11111211321432243224322434443334
11111211321432243224322433343444
11111211321432243224322433443344
11111211321232223223333344444444
11111211321232223224333443344444
11111211321232223224344433343444
11111211321232223224344433443344
11111211321232223224344434443334
11111211321232223224334434443344
11111211321232223224333434443444
11111211321232223224333434344444
11111211321232223224334433344444
11111211321232223224334433443444
11111211321232223224333433444444
11111211221323332223442344334444
11111211221323332223442344434443
11111211221323332243424342434443
11111211221323332223423344434444
11111211221323332223424344434443
11111211221323332223423344344444
11111211221323332443224342434443
11111211221323332443224324434443
11111211221323332443243324432444
11111211221323332443243324342444
11111211221323332443244322434443
11111211221323332443244324332444
11111211221323332443244324432443
11111211221323332243244324334444
11111211221323332243244324434443
11111211221323332223233344444444
11111211221323332223243344434444
11111211221323332223243344344444
11111211221323332223244344334444
11111211221323332223244344434443
11111211221323332243224344434443
11111211221324432243244324334433
11111211221324432243224344434333
11111211221323332234233424344444
11111211221323332234233423444444
11111211221323332234223443344444
11111211221323332233422344434444
11111211221323332233424342434444
11111211221323332233423442344444
11111211221323332233423342444444
11111211221323332433244322434444
11111211221323332433244324432444
11111211221323332433243424342444
11111211221323332433243324442444
11111211221323332233244324434444
11111211221323332233233424444444
11111211221323332233243424344444
11111211221323332233243324444444
11111211221323332233224344434444
11111211221323332233223444344444
11111211221323332233223344444444
11111211221324332443224324434433
11111211221324332443243324432443
11111211221324332443243324332444
11111211221324332443244324332443
11111211221324332443244324432433
11111211221324332433244322434443
11111211221324332433244324332444
11111211221324332433244324432443
11111211221324332433243324432444
11111211221324332433243324342444
11111211221324432433244324332443
11111211221324432433244324432433
11111211221324432433243324432443
11111211221324432433243324332444
11111211221323332344233422344444
11111211221323332344233424342444
11111211221323332344233423442444
11111211221323332344234423342444
11111211221323332344234423442344
11111211221323332343224342434444
11111211221323332343244322434444
11111211221323332343244324432444
11111211221323332343224324434444
11111211221323332343234423442444
11111211221323332343234322444444
11111211221323332343234324442444
11111211221324432443243324432433
11111211221324432443243324332443
11111211221324432443244324332433
11111211221324432443244324432333
11111211221323332334223442344444
11111211221323332334243424342444
11111211221323332334223424344444
11111211221323332334234423442444
11111211221323332334233422444444
11111211221323332334233424442444
11111211221323332333222344444444
11111211221323332333224342444444
11111211221323332333244322444444
11111211221323332333244324442444
11111211221323332333224324444444
11111211221323332333223442444444
11111211221323332333243424442444
11111211221323332333223424444444
11111211221323332333234422444444
11111211221323332333234424442444
11111211221222223333444343334444
11111211221222223333444344334443
11111211221222223333444344434433
11111211221222223333443343344444
11111211221222223333443344434443
11111211221222223333443344334444
11111211221222223333434344434443
11111211221222223333434343434444
11111211221222223333433443344444
11111211221222223333433344434444
11111211221222223333433344344444
11111211221222223333433343444444
11111211221222223444333434443334
11111211221222223444333433443344
11111211221222223444333433343444
11111211221222223444334434443333
11111211221222223444334433343344
11111211221222223444334433443334
11111211221222223444343433343344
11111211221222223444343434343334
11111211221222223444344433343334
11111211221222223444344433443333
11111211221222223444344434343333
11111211221222223444344434433333
11111211221222223344344433343344
11111211221222223344344433443334
11111211221222223344344434343334
11111211221222223344344434443333
11111211221222223334344433343444
11111211221222223334344433443344
11111211221222223334344434443334
11111211221222223333344433344444
11111211221222223333344433443444
11111211221222223333344434443344
11111211221222223333344344334444
11111211221222223333344344434443
11111211221222223333344333444444
11111211221222223333344334443444
11111211221222223333344334434444
11111211221222223334343434443344
11111211221222223334343434343444
11111211221222223333343434443444
11111211221222223333343434344444
11111211221222223333343344434444
11111211221222223333343344344444
11111211221222223333343334444444
11111211221222223344333434443344
11111211221222223344333434343444
11111211221222223344333433443444
11111211221222223344333433344444
11111211221222223344334434443334
11111211221222223344334433343444
11111211221222223344334433443344
11111211221222223334334434443344
11111211221222223334334433344444
11111211221222223334334433443444
11111211221222223333334443344444
11111211221222223333334434443444
11111211221222223333334433444444
11111211221222223333334344434444
11111211221222223333334343444444
11111211221222223333334334444444
11111211221222223334333443344444
11111211221222223334333434443444
11111211221222223334333434344444
11111211221222223334333433444444
11111211221222223333333444344444
11111211221222223333333443444444
11111211221222223333333434444444
11111211221222223333333344444444
11111211221322234423432343334444
11111211221322234423442343334443
11111211221322234423442344434333
11111211221322234423442344334433
11111211221322334223442343334444
11111211221322334223442344334443
11111211221322334223442344434433
11111211221322334223423344434443
11111211221322334223424344434433
11111211221322334223423343344444
11111211221322334223423344334444
11111211221322334233422344334444
11111211221322334233422344434443
11111211221322334233424342434443
11111211221322334233423342434444
11111211221322334233423342344444
11111211221322234233424344434433
11111211221322234243424344434333
11111211221322234233423344434443
11111211221322234233423343344444
11111211221322234233423344334444
11111211221322233223333344444444
11111211221322234223433344434443
11111211221322234223433344334444
11111211221322234223433343434444
11111211221322234223433343344444
11111211221322234223443343334444
11111211221322234223444343334443
11111211221322234223443344434433
11111211221322234223443344334443
11111211221322234223444344334433
11111211221322234223444344434333
11111211221322332443224344434433
11111211221322332443243324434443
11111211221322332443243324334444
11111211221322332443244324334443
11111211221322332443244324434433
11111211221322432443224344434333
11111211221322432443243324434433
11111211221322432443243324334443
11111211221322432443244324334433
11111211221322332334223443344444
11111211221322332334234423344444
11111211221322332334233424344444
11111211221322332334233423444444
11111211221322332333224344434444
11111211221322332333244324434444
11111211221322332333223444344444
11111211221322332333243424344444
11111211221322332333223344444444
11111211221322332333243324444444
11111211221322332433244324334444
11111211221322332433244324434443
11111211221322332433243324434444
11111211221322332433243324344444
11111211221322332333234423444444
11111211221322332333234324444444
11111211221322332333233424444444
11111211221322232333244344334444
11111211221322232333244344434443
11111211221322232333243344434444
11111211221322232333243344344444
11111211221322232433244344334443
11111211221322232433244344434433
11111211221322232433243344434443
11111211221322232433243344334444
11111211221322232443243344434433
11111211221322232443243344334443
11111211221322232333234443344444
11111211221322232333234433444444
11111211221322232333234344434444
11111211221322232333234343444444
11111211221322232443244344334433
11111211221322232443244344434333
11111211221322232333233444344444
11111211221322232333233443444444
11111211221322232333233344444444
11111211221322232323333344444444
11111211221322232323433344434444
11111211221322232323433344344444
11111211221322232323433343444444
11111211221322232423443343334444
11111211221322232423444343334443
11111211221322232423443344434433
11111211221322232423443344334443
11111211221322232423444344334433
11111211221322232423444344434333
11111211221322332223333344444444
11111211221322332223433344434444
11111211221322332223433344344444
11111211221322332223433343444444
11111211221322332223443343344444
11111211221322332223444343334444
11111211221322332223443344434443
11111211221322332223443344334444
11111211221322332223444344334443
11111211221322332223444344434433
11111211221322332243424344434433
11111211221322332243244344334443
11111211221322332243244344434433
11111211221322432243424344434333
11111211221322432243244344334433
11111211221322432243244344434333
11111211221322332234233433444444
11111211221322332234233443344444
11111211221322332233424344434443
11111211221322332233423443344444
11111211221322332233423344434444
11111211221322332233423344344444
11111211221322332233244344334444
11111211221322332233244344434443
11111211221322332233233444344444
11111211221322332233233443444444
11111211221322332233233344444444
11111211221322332233243344434444
11111211221322332233243344344444
11111211221322232233444343334444
11111211221322232233444344334443
11111211221322232233444344434433
11111211221322232243444343334443
11111211221322232243444344334433
11111211221322232243444344434333
11111211221322232233333444344444
11111211221322232233333443444444
11111211221322232233433443344444
11111211221322232233333434444444
11111211221322232233333344444444
11111211221322232233433344434444
11111211221322232233433344344444
11111211221322232233433343444444
11111211221322232233443343344444
11111211221322232233443344434443
11111211221322232233443344334444
11111211122233324432433243324444
11111211122233324432443244324433
11111211122233324322433244334444
11111211122233324322433243344444
11111211122233324332443243324444
11111211122233324332432243344444
11111211122233324332433244324444
11111211122233324332433243424444
11111211122234423342344233423344
11111211122234423342334234423344
11111211122234423342334233423444
11111211122234423422344233443334
11111211122234423422344234443333
11111211122234423422342434443333
11111211122234423442334233423344
11111211122234423442342234443333
11111211122234423442344234423333
11111211122233423442334234423344
11111211122233423442334233423444
11111211122233423442342234443334
11111211122233423442344233423344
11111211122233323222333344444444
11111211122233323222333444344444
11111211122233323222334443344444
11111211122233323222333443444444
11111211122233323222344433344444
11111211122233323222344433443444
11111211122233323222344434443344
11111211122233323222334434443444
11111211122233323222333434444444
11111211122233323222334433444444
11111211122233323442334234423444
11111211122233323442334233424444
11111211122233323422344233443444
11111211122233323422344234443344
11111211122233323422342434443344
11111211122233323442342234443344
11111211122233323442344233423444
11111211122233323442344234423344
11111211122233323432443243324444
11111211122233323432344233424444
11111211122233323432342234443444
11111211122233323432344234423444
11111211122233323432343244324444
11111211122233323432343234424444
11111211122233423342344233423444
11111211122233423342344234423344
11111211122233423342334234423444
11111211122233423342334233424444
11111211122233323322433244344444
11111211122233323322433243444444
11111211122233323322432443344444
11111211122233323322344233444444
11111211122233323322344234443444
11111211122233323342344233424444
11111211122233323342344234423444
11111211122233323322342434443444
11111211122233323322333244444444
11111211122233323322334243444444
11111211122233323322334234444444
11111211122233323342334243424444
11111211122233323342334234424444
11111211122233323322332443444444
11111211122233323322332434444444
11111211122233323332443244324444
11111211122233323332432243444444
11111211122233323332434243424444
11111211122233323332433244424444
11111211122233323332342234444444
11111211122233323332344234424444
11111211122233323332343244424444
11111211122233323332332244444444
11111211122233323332334244424444
11111211122344234223442344234333
11111211122344234223423342334443
11111211122344234223422343334443
11111211122344234223422344434333
11111211122344234223422344334433
11111211122344234423422344234333
11111211122344234423422342334433
11111211122344234423442342234333
11111211122233243224342434443334
11111211122233243224332434443344
11111211122233243224332433344444
11111211122233243224332433443444
11111211122233243224324433343444
11111211122233243224323433344444
11111211122233243224324434443334
11111211122233243224324433443344
11111211122233243324322433344444
11111211122233243324322434443344
11111211122233243324322433443444
11111211122233243324332434243444
11111211122233243324332433244444
11111211122233224332443243334444
11111211122233224332443244334443
11111211122233224332433244334444
11111211122233224332433243344444
11111211122233224322433344434443
11111211122233224322433344334444
11111211122233224322433343434444
11111211122233224322433343344444
11111211122234223442334234443334
11111211122234223442334233443344
11111211122234223442344233443334
11111211122234223442344234443333
11111211122234223424342434443333
11111211122234223422344433343344
11111211122234223422344433443334
11111211122234223422344434343334
11111211122234223422344434443333
11111211122233223442334234443344
11111211122233223442334233443444
11111211122233223442344233443344
11111211122233223442344234443334
11111211122233223223333344444444
11111211122233223224333443344444
11111211122233223224344433343444
11111211122233223224344433443344
11111211122233223224344434443334
11111211122233223224334434443344
11111211122233223224333434443444
11111211122233223224333434344444
11111211122233223224334433344444
11111211122233223224334433443444
11111211122233223224333433444444
11111211122233223424342434443334
11111211122233223422344433343444
11111211122233223422344433443344
11111211122233223422344434443334
11111211122233223332443243344444
11111211122233223332443244334444
11111211122233223332433244344444
11111211122233223332433243444444
11111211122233223342344233443444
11111211122233223342344234443344
11111211122233223332344233444444
11111211122233223332344234443444
11111211122233223332343244344444
11111211122233223332343234444444
11111211122233223342334234443444
11111211122233223342334233444444
11111211122233223332334243444444
