111222111223444233443335467755667755666775
112222111223413333444355674475677775666655
111222133332134522134555444556466666777777
111112333312435662435562455662457762447777
111112133222443252443355466355466757667777
112222111232441333455563455663475666477777
111222111332444322433355445555666667677777
111122331122433562435562435666455767447777
111112133322334422535442555446566666777777
112333112333142225144255664555664777664777
111112133222433322443555446655466757667777
111222133244133244133244556666557667557777
122333123343122444125544115555666667677777
112233112333142223145677445677455667455667
111122112222334455634555634457633477666777
111122134122334552634452634557634757666777
122222133442113444133455136665777655777665
111122133222133424553444553466577776577666
111112133422334442533442566662566777555777
111122333122333142555642577644577664577664
111122341122344422335446355666375556777776
112333122233144223144556144566755566777776
111112334212334222334566774566744556777556
111122314222314245364445366665376555377777
111223112233142233444536477556475556777666
111122314425314425344225336655737665777766
112223412223415533416553416553476666477777
111222311122333324354444555466557776777666
111122331222431256433356455556444776777766
111111222223455523455333445366466667477777
112233111233144233445226445566555766777776
112222311112333442534444536666557776557776
122223122443144433145533115666555666777777
112333122433122435112445667445667755667775
112223112333142536142536445556744756777766
112222112233145333145553445656446666777777
112222311122313444333444555677556667566777
112233142233144223145553145655747666777766
112222111232413335444365477365476665777655
111222311122344452345556345666345766377777
122223124243114443154333156666555676577777
112233111223144223444563455563755766777766
111122333112433322444442556777566667555677
111122132224132344533344555646576666577777
111222112233412333445553446655466757667777
111122133332143322444425466555667775667775
111122113222333324356644556774556774566774
123333122334122444112554166654766655777775
112222122333111453444453667453667755667775
111122112223442333544463545663555766777776
111112133342533442534442566622566677557777
111122334112334222344555346557646757666777
112222111322133334556344566774566744556777
111122333112443332544442556662555766777776
112222111232413333444355466755467775666775
122222111123145533445553465733466777466677
111223111233444233452253455556476666777776
112223122233111333444555664577664557664777
112222111322451336455536445536447736777766
112233112233112443552543655544666747667777
112222112332143333145566445556445776777766
112223122323111333444455464775666775667755
112222111332133332455555446665446766477777
111111233333234445244455222655666665777777
122223122433111443144433556666557766557777
111112133332334442444522667525667555667777
111112331222345552344452346655346666777777
111222112232133333445555466665446675477777
111123414123444223452233655773665577666577
111111222222333344555334566644567647567777
111122334112334442536422536477566667555777
112222112233145533145533445566447666777776
111112333142333442544422555552666677667777
111122134222134442533344556377556667566777
111112133222433252433655466655446675477777
111112122222334455333445364475666775667775
111122341125342225346555346657346777346677
111112133332445532455532466562476662477777
111112133222443325443325446655777655777666
122223144223144433145637155637156667556777
112333112223122443155443555446577666777766
111222113222413356443356447356747556777566
111222311122344442335466335466775556777756
112222112233411333445366455666455567477777
112222133322144355114335664455666457677777
111111222233223333445555444455666777666777
122222112333114443144433555566575666777776
112222122334111334553364755564757664777664
111111223344233544223554623654666655777777
111122333124355124335224655544667747666777
122222111123145533445533455673466677466777
111112132222433332445535446555476666777776
111111223445233465273465273465273465777665
112223411223441523441533645537665577666777
112222122334155344155334155634666674677777
122233122233111143555443566447566647567777
111222122233114433554443554663556666777777
112333112233112243564247564447566667555777
111111222344523334526334526644566677557777
112223411223411233455536455636475666477777
111123114423555423554423654223666673677777
122222111123144333546663547763544766555777
112222111232451336453336455566477576447776
111222331422311425334455634455667757666777
122333112223411233415666455666445777455777
111222311224331424335444355566557776777666
111111223333223443224444555566755766777766
112233112223411523444553465553466677667777
111222331442351142355542335544666677667777
111222112232144333443355466655467665777775
122223112333112343155444665554666574677777
111222311422315442335644355646355666777777
111222111332455532455532444633477666777766
112222112323411333455553467755466777446667
112222134422133444113334566667565677555777
112333112333142256142256444556747556777766
111122134422133442553462533466557776577766
122233123333122444154464155666155566777777
122223144223144333114536714556775566777566
111111222334523364523364527664577664557774
112222111123455523455663445633466673477777
112333122443122433125446175546777566775566
112222132342133344113544555546775666777766
111123122223124443566433566437566477555777
112223122333112334156644556664577644557777
112222112333412533415536445666475566477777
112222122333114333154444554666557776577766
111122331122334425344625346665746655777775
111223112223412433444433555567566667567777
111122113342533342566342556642566744577777
111111233344253364253564255564276664277777
112222113322411333455553456777456767446667
122223112243114443514433566663557667557777
111233142223144223144433555566576666577777
112333112223411523455523445566476666477777
111233111233422235424535444555666777666777
122223142233144335144435116555666775667777
111222311422351442355544356647356777366677
111112333312433222444552455566477566777766
111112333312332222444555444665666655777777
111222113232133332445555466575466777446677
111112314422344222344555366565336665777777
123333122223144423145466145566155566777777
111222331242311442333544555546577666777766
111111222334253334255364256664556644777777
111112331222333322444556475556477756477666
111233122223124433144443555566576666577777
111111222334225344265334665534666554777777
112222113332415332415366455766455766447777
112222311422311445366445336645376655777775
122222113332113435144435666445776665777755
112222112332113344553344555664566664777777
111223122233112333455666455556447776447776
122223144223144443155553165773165773666677
111122133222143325444355446355666657677777
111222111322433332445536477556475566477766
111123142223142233444553466653766655777775
112222113232113333455555465667466677444777
122222133324133354116554176654777654776654
111111222333422355426335466665477765447775
112222311242314444315564377566337566777556
111111223334222334552344566447566677556777
112222311112334442334555634475667775666775
112222112332133344135554555444666677667777
111112132222333442553466553466755446777776
112222112333412553415533446556446666777777
111122311222333442353444555664557666777776
111223412233411233455236455556477766477766
111222111223455523455633445633446666777777
111122331124355224355524366544366774667777
111222111222333445633455663445667455677777
122223122333111334155554556644666644777777
111123142223142523445563745563747563777666
112233111223142233445536447556477556777666
111222111223444423445663555663755763777763
112233122243111243564443564773566677555677
111123112223444223445333645577666577665577
111122311224333224355444356674556777566677
112223122443112433144435667735667755667755
122344122344122344111333555667566667557777
111223411223412233455553446573646577666777
111112122222333334536444566644556677557777
122223112233114443154463554763555766777766
111222113222413555443355443365466666777777
111222131242133244335554355544666667677777
111233111223422233445536455566457776477766
122222123333113435114445667455667475667775
122333122333122445144445116555666675677777
111111233333222223444566474556477566777556
111223411223441223444333556667556667557777
112333112333112222444555664557664457667777
111222113322144332546336546666544777555777
111112122222333445633445636445666775777755
111222133242133342155344556774566774566677
111111222223245333445366455366457667457777
112233114233144233145226445666755556777776
112222133322134555134556134456744666777776
112222111332133332444445466755666775677755
122222112344111334566334556344566677557777
111112331422344442345622355667356677556777
111223111223455523466523466533466577447777
111111223334223344522346555446575766777766
122233142223144553144453116653666755677777
122223124233144333145666145776145776555776
122333122233111243514446557746577746557666
111222311122333342536644556664555674777774
112223122233111333444444555556757666777766
111112134442334542366542367552367552667777
112222111122333344355354665554666644777777
122233121234111234555334566644566774567777
112222113322113444333455667455667475667775
111122112223444253644553664533666553777777
112222311142331442533446553746557776577666
112333122223142433144455164655766665777775
122222112344133344113554663654766655777775
122223112233411335441365447765477665776655
112222311122314555334455344665346666777777
122222133342133344111544555564775666777766
122223114223144533114533664555664577667777
111122311442334442333452655552667757666777
111222311224351244355664335564377564777766
111112333122334225344425644755677775666675
122333122243125443165543165547166547667777
122222113342133344113554666654677654777755
112223122443152433155433154466755666777776
112333112223122433144444556666577766555777
111112132222333342534446557446577776557666
112222122334133344115354665554677754666777
111233144233144233142225647755666755667775
122233144233114223114443556677566677555677
112222111233144233554433544666555676777776
122223124423144433114533615557665577666777
111112312222344552334555344665374666777776
111122131222333324354444556674566677556777
111111222234223334555534655734677774666674
112222312425311445314445367775367775366665
111111222333442223445533455666455776777766
111123144123442223542633546663556777556777
111222131222133455334445364465766665777775
111122113332433222435555445675446677666777
112222122333144435144435166635776665777755
122234123334123344125664155564175566777776
111122344112334442533462537762557766557766
122222111112334444334554365557366577666777
122222133332111334155554556664666444777777
111112314442344542365552366552366772367777
111111222233245536245536445736445736777766
111233411223412223455533444555677777666667
122222133332144433111444556667556677556777
111223144423142223145553645773665573666777
112233122334125534125534165564766664777774
111111233334233444255554256754226777666677
111111222222333344344445366665766555777775
111122112223444423555443665733665737665777
111123114223444233454263755263775566777566
112233112333112223456666455566445577447777
111122113332443522433552455566447666777776
111111233344222334522344556664555766777776
111111223334233554236654277654276654777654
122222133234113334115444665554677755666777
112222112333112433444453664755667775667755
111122132222133334553544655544666774667777
112223112323112333444556445566455766777776
112223122433124433144435166655667755677775
111111233333222443254444256666755556777776
122344123334122344112354166655766655777775
111112334122334422354426354766555776577766
112223122233145563145563145563744466777776
111112133442333342554442556622755666777776
111111223344222334253344556674566677556777
122233122333124443111455666445766655777775
122233111233411253444253466755467775666775
111122113222433332435555466557466667447777
122222111234113334555334566664567644577777
111233112233145223445523445566745766777766
111222134222134444135554333655666657677777
112222113324113324553364556664755664777774
122333122333112244115644775644775666775556
112222133442153342155344156364556666777777
112222111223144433554333554467566667567777
111111222344252334253344556374556677666777
111123122223144243554443655533666577667777
111112331222333322445555644445667775666777
111123141223544223546233546773546677556677
122222111123441333546633546667544677555777
111222132244133244133344556666577776555776
111111222344552334522334566344566777566777
122344112344122334152334155566775566777766
111112333212334222434555444655777656777666
111123411223422233444453666553676555677777
111222111222334444355554355674336677666777
122233112223415333415555416577466677446677
112222133224133344113554666554676554677777
112222122333114335144355664455666475677777
112233112443112433522443556646555666777777
122233122333112443115446555546757746777666
111222131132433332455552444556466666777777
122222112333143353144555144556747766777666
122234122234113334155364155664775564777766
111222111223444233454463556663566773557777
111122133222133332444555664445666655777777
111223441123544123544623557623577663577766
111122331124335224335524667554667754667774
112222113322133344153444555664575666777776
122223111123144523445553644553666773667777
112222133324135324165354165554666744677777
111122133322133322445555465675466677446777
123333124443122243125446155556156666777777
111223144223144223144333566666565777555777
122222112334111534555534566334667774667774
111222132232133334155554656654666744777774
122223124553124553114553164473664773666777
122222133244153334155534156774156674666777
122222133442133344113445166665767765777555
111111222222334445334555634457636757666777
111122113322443322443355466755466775667775
112222111223144333544433554666556667577777
112222122333114333144444566666565777555777
111223441223411223445663455763557763577766
112222111132445332455533446553646777666777
111223141223144423545423555563666663777777
111122331422331422335446755546775546777666
122223124323114333144555144665777655777666
111222331422311442354446356666355556777777
111222311242331245333445667445667555667777
111111233344233445223455266465276665777775
112222133224153344155334156644755666777776
112223111223145233445553446553746666777776
122222111332441133445533445666775556777766
111122133122333224553444555564666664777777
123334122234152234156634156664157674557777
112222111332133332455555454666444676777776
122223142423144443155633115636555666777777
111112334142344442333222555677565677566677
112333122233111223444455644557665577666777
111222111232444332455533455563477766777666
122222111323411333444443555566566667577777
111112122222333445334455636455666457677777
122223142233144443145563115763555766777766
111112333122344225334425664455666775677775
111222311122344452344555364565366667377777
111112132222332444335446535466555666777777
111233142223145223145563445563747566777766
112222311422314455314555334465376666777776
111112344122334442533342555562777566777666
111123144123542223544423555673566673667777
122222111234516334516634556634755634777774
111112132222333332444455466665477665777755
111223141233441233445223455666775556777766
111223441223411223445333645557666557667777
111122312222314555364445364745367775366677
111111222223442333456663457763455766455777
112233111243122243555443555643666647677777
111111233334233444225445265555267777666677
112222132442133444133554163557666557667777
111112312222333244563344566674566774555777
111233141223142223544663546663547767555777
111122313122333322445566447566477556477756
111112133332433552446552466572466572467777
122222111112344445334455366755336757666777
122233111223145233145553444556774666777766
111111233334232344222444555556577766777666
111123144223154263554263544263577763577766
111222111222334445366455367445367775366775
111222111322333342553644556664556674777774
112222111232414333444533465555666665777777
122233114233114223514463544666557667557777
111222131122433332435667455667445677455677
111112341442344452335552355622366677667777
112222133342135442135546135446755766777766
112222122344111344333344556666555776577776
122222112334115334155334657774655774666674
111223112243512443562443566643557663577777
122233112233144235164435164775664755667775
111112333412333442555442565742566772666777
111222311124355224335544367554367774666677
122233112223411133444535644555667775666777
112223112333112343552644566674556674577774
122222133245133345134445116645766665777775
111223144233144223154423655553666757667777
111112314422334422334562734566755556777766
111111223334223344253544255554666667677777
122223111223441133445336445776555766577766
111111233344233344225564725564727566777566
122222133244133345134445116655666675777775
112233122233144233154444155677556667566777
123333122234111234155244655547666547667777
122333122453122453111453664455664775667777
111122134422133442533442553666555776777766
112223122423114433144453677753677755666655
111222134422133442153344556377566677556677
111222113244153224553344563347566777566677
111122341225341625344625344665337765777765
111122112223442333543366547776544776555766
112223112223143333144445667545667555667777
122222133324113344155346155446755766777766
111111233333224434222444555666577776557766
111223122223114533444553644553666577667777
111122131322433332455552455666444766777776
112222111233144253444553465533666577667777
111222133442113442533462553466577666557777
111233411223441233445236455266755566777776
111222131224135244335544355564377666777766
111122341522341562345562345566344776377776
122334123334122344112445616655666555777777
111222131442133442553342553646557666777776
111122313124333224355524655544666774667777
111122331122344552334452344556777756776666
111111223334233344222444556667556677556777
111122133122433322435566445556477566477776
122222133424113444153334156667556667557777
122223112233111334555534655444666477667777
112223122333142335144665146665446755777775
111122113222333324535444555644566666777777
112222111132456332456333456667455767445777
122222132344133344135446155566177556777766
122223122433114443511463556463556667577777
112233111233145223445623455666455766477777
111122133122334442354642356647556677556777
122223124553124553114553144463776663777766
112222113324113324563364566664557774557774
112233112433112443552443552646577666577776
111222133322133424153444556646577666557777
111233112233142233444255445556777656777666
111122334112534442533342555542666777666777
112222132244133354116354666354665554777777
122223122443144433155433155556176666777776
111122312224312544355554366564336664777777
122223112323111333444455464555666657677777
111222113322133442334444555566575666777776
111122113442533422533426573466577466557776
111122311222333424533444555466556666777777
111233411233412233442255644555667757666777
111112133332433552445522455662446666777777
111233111233222233445555455666446676477777
111222111232443332544433546666555776577776
122233142233142453144453116655666655777777
111222314252314255314665344655347666377777
111222311222331445366455364475367475667775
111112333312332222444444555566576666577777
111222113332415332445632455666457776457776
111123122223144233554433544677556677566677
111222131322133324536664555644556674777774
122222111233144433154436555436577666577776
112333112433112443222445666745667775677555
112223111223415523445333465557466667467777
111222111222334455344455334657366657667777
112223122233111334555344556447656747666777
112223142333142253144553164755664757666777
111122131422333425334425664755664775667775
111223111233445233455223456777456667456677
122223124333124553114453164455667775666777
112223122333112334156664556764557764577744
111112133322444322544332546666566777555777
111111222233244433244435666635766755777755
122333122223114433154444155566775566777766
122222113342133345113445666455667475677775
111112133422334442335462555462577766577766
112222111324513324555334566734567774666774
111222311242351244355446335646355666777777
112233122443122443155443155663775566777766
112333142223142253144553144555677777666667
111123441123442223442533555536757666777766
122233112233112443154443555647556677666777
111123411223442253445253465553666663777777
122222111123144443445553665773665773665773
112222311124331524635554633754677754666774
122233124223114443155443155563756666777776
111223122233145233145536445556476666477777
111234122234152334152634556634566674577777
111222331422311425333455664455664757667777
111222113222313444333546755546775546777666
111112344212354222354666354776354776355776
111122312224315244335546375546377546777666
111222111222344456345556345576347776337766
112223114423154423154423555633577666777766
122233122333112345166645167745667445777455
112333122234125334125664155564777564777664
122222111123144443544633566663577763555777
122333112233111243566244566674556774557774
111111222333233344256444256647556667557777
122222113234133334155564155664756664777774
112223144223144423155433155673556677666777
112222112323113333456666455766445777445577
111112133222333425344425647555647775666677
112233122443122433115436555466575466777776
111222131222133334556634566664557444577777
122223123333124443114544165557665757666777
122233122433112433115466775466775446775556
112233122433122433156444156674556777556677
112222312424314444311566355556357776377766
122333112223114423144443556666555576777776
122223111223114433566473566473556477556477
111233114233144233544266542276557776557766
112222312442311145334445633775667755666775
112222111123455523444553674453677773666673
122333112223415523415553416566446667477777
111112314442355422335442365552366666777777
111222131124333224335444655547655777666677
111123411223442223444553666533666555777777
112222111232144333445536445536755666777776
111222331122333124534444554666557676577776
111222112232133333444555664755644757666777
111122333122433122443555446665746765777765
111111233444233454233554267755266775266677
112223114233144223154433554677555677666677
112233112234122334155534555644776664777766
122222123333113434155444156747556777566667
111112345512344552334552334462777762776666
122223112233114533144553644755664757666777
111112133222334252634555634775664475664777
111122133122433225433665446665744765777755
112222111122345555344465334465366667377777
111111222223425553466533446553466673477777
122223124233144433111443566677565677555677
123333122243122543115544165544666577667777
111122133322133322444555444555666666777777
122233122233144433145446115566777556777566
122222111132144335443355466357466557667777
111233112233412553422653444655747665777766
111122314442314422334562355566355776777766
111111222234255234555534666634766734777734
112222132324133334115444555664557766777766
122233144223144423155433155666155666777777
122233124333124553124566114566744556777776
111122131422334442533442553666557776577766
112223122233114453614553664553644757667777
111223141223142233445533445566777556777666
122333122443152243156443156477156677556677
112333112333112445222455666445667455677777
122233112233111234556634566644557644577777
112222111322143333445563744566745556777766
123333123344122244125554116654666557677777
112222111223145533445333455677465677466677
111112313422333442553422564477566677556677
111222113422153442553644533664553766777776
111122131222334442536644533674566677555777
111111222233244333254366554446577776557766
123333122334122254111554666544665574677777
111122131222333244355444365547666557667777
112222111223415553455653446663477763477763
112333122223112433144455644555666757667777
111122311224333224335444655547655777666677
112222111322413333443566444556777556777566
111111222334222354663354673554677754667754
111222113422133442335446355466555666777777
111122113222433325466355446355466675477777
111111223333224453624453624555664577667777
111111222233242333445553446755466757666777
111222311242315244335544633554666657677777
111223122223114433556433556477556477666477
111233411223415223445263445763555766777766
111222131332133322455555444456476666777776
122334122234123334155544115664775566777766
122222133332111334551444556447556777666677
111222131242135442335444355556366666777777
122223112233144333114555664577644577666577
122222113323111333444566477556475556477766
111122314222314442333344555556757766777666
111111233334234444235466255766257766255777
112223411223411253465553465573467773466677
112222111122344555346775346675344675336677
122223122433111443551443566473566677556777
111233111233422233442555466575466577466777
111222133332143342144442555566576666577777
111222111232444233445336745366755556777766
111222311124333324566324556444566777556777
112222133332133452116455666445676445777775
122233122233111334551444564477566677556677
111222111222333333445566455556477766447776
111122113322443552433562435566475666477777
111222331112334442334442556777566677555667
111122333112433352466652467652467755447775
122223144423144423155533155536177666777766
122233124233144233154446155666155566777777
112233112334122334125544555674566674667777
111222122233133334155544657554677774666674
111122333112333442444452666552666755777775
122333122333122444111454667455677755666775
111223111223445223455333456667456677456777
111111223333244453246453246655266655777777
111223111223452233455553466573466777446677
122333112233112243515644555664576664777774
112333122223111233455555444665474766777766
122233122233114433114445666645665555777777
123333123444123455124465126665126765777775
111222131142334442334552634557666557667777
112223122233114435144335446665776665777755
111233122233122334154444655477665577666577
111112132222332455333455666457644457667777
112233122233111243555443564447566677566777
111222331242331142335544555564666664777777
122223124423144533144533116557666557667777
122223111223143333144455666455666455777777
122222133244113344153346155746557776577666
112223411223411253466653447653747653777655
112233111233142223544463554466555776777766
122233111233114235644235644555647775666777
111122112223444233544336547736557666557776
111222131122333324555344665447665747665777
111122313122333224553644555664566674777774
111111233334235444235544255666257676277776
112222111332415332455533455666477776447766
111222131242133342334444556677566677555677
111112344412354442355622335662355666777777
111122311422333422533444555466557766777766
111222131122333332444455666455667455677777
111112341222344425344525367555367777366667
122222133342133444113546175546775566777566
112333112333112224566244556444556777566777
111222131222134444534664533366557766557777
122223112333142553146653146555446667477777
111112331422354422354442356677356677556677
111123411223422253445553466653467753667777
122233122233111143556443556477566447566777
112223111233144235444235664735667775667755
112222312244311154335554366754366754667777
112233111233441253446253466257465557667777
122222111123441333455663445663455566777777
111223112233412333442556455566456667477777
111122113222333342355644556664556644777777
111222113242513244533444536666536677557777
111112133222334442355442365547666557667777
123333122233122445114445166455667775667775
111123141223444523455523465723665773666777
111223112233412233455563445666475566477777
112222113425133425133445636455666475677777
111222111232444332444533655537666557667777
111122133332133422554462544766547766557776
122233122233114433115466555466554476777776
112333122334122434125444155556777756776666
111122312222314455366445336445366655777777
111222331224311244335444355555666666777777
122222111323143333145555446675466675467777
122222111112344455334445367775367675366675
111222133222143335144635446665476655777775
111123112223442233544436555436556666777777
122233121223111333455556444566474566777776
112222111322441333445533644555677775666677
111222311242331442335444365557665757666777
122233111223441123455553446553466677667777
122333122343112243511444556664566777556777
112223112423112443554433556473556777666677
112233112233411235446235466665477765477755
111111223344223344223544663555667775667775
111222131442133342533642566644556677557777
122333112233112443152444556647566667557777
111122133322134325644325664555644775667777
112223412223411133445336455666457667557777
122222112344111334556734556734566734566777
123333123453122455122455144456177776776666
111112314422334222334455634775667755666775
111222331122433152433555446557466667467777
122333112343122344152544155546757766777666
111111222223444423543333546677556677556677
111122311222344255344456377456337556777666
111233441233441223441223556677555677566677
112222111233414233444335664555667775667775
112222133322133455113445666745666745777745
112222311224311444333544355566557776777666
112333112333142222145556445566477566477776
112233142233142536142536147566447556777756
112222111322415333455633455666456677447777
112223112233114235664335664445664555777777
111223142223144233144433555666566677557777
112222112334152534155534657334667774666774
122222113323411333415556444556477756777666
111112312222333324535544555444666666777777
111233121233122233455666445556447576477776
112222133332143532145556147556447776477666
111123112223422433444433555567566667567777
122222112333111344566344556374566674557777
111222331122333124536664556644556744577777
122222111234133334135444555466566667577777
122333122233114235144445164775667755666775
111123414123444223554523655523666663777777
111222122233144443144333556666556677557777
111111233333244435246455246665266755277777
111112333312344322444422556667556667557777
111222113332415532445532445536747666777766
112223111123444223444553677753677753666655
111122333112344522344525344555666667677777
122233122433152443154463154666156677557777
112333112223122453144453645555647777666677
111222112232144333444353466655766655777775
123344122334125334125564127564177566777566
112333412253412253412553415566447766777766
111112334412354442355642356662355662777777
122222111324511334555344565344666377667777
123333123234122244115546715446755566777766
123444123354123554123654123655127666777776
111122314442314542333542636552666655777777
111122113322443325643325644555647757666777
112233122443122443154463155563777566777566
112333112243112243552443566644577666557777
112233112223142533145563445666445576777776
111112133322334552344652744652747655777666
112223412223415553411653466653446653777777
112222133332144332114444556666556776557777
122333122223111133445555446775466775466677
111233112233412233452666455556477566447777
122222112334115534155534665334666774677774
122333123345122345112645716645776645777645
123333122243112443512444516666556677557777
111111223333222233456666455567445767445777
111111222233444223454633456663557766557777
122222111234113334553364555564776664777764
111222311222314555334445633455666477667777
111233114223144253442253465553667757666777
111122133332133222444444555566755766777766
111122122223133333455666445677455677445677
111122314222314255344455333456777656777666
111122113332333222455555465677466667444777
122222133244133544113554613574665577666777
111111223334223344523664526664557764557777
111222131222133345634445637445667775667755
122222123333111343155544554446577776776666
111111233334255534225534265444266666777777
122222111332133344135644775664775564775566
111112133222433352443552444655777665777666
111111222333422353425553466657446757466777
111112314222344422334555334556777656777666
112222122333144335144635144665766655777775
122233142233144235114635144665776665777755
112222133224134444133546173556777566775566
111222311422314452334456374556377566777566
122223122443114443514333516677566667555777
122333123334122254111554677554667754666774
112222111132444332445366455336555666777777
111122331124355524335524366524667774667774
122222111123144553445553465773466733666777
112222112334512334513344556664566774567777
111122113442533342533442555542677777666667
112222112333142553145533445566447776777666
122223144223114433144335166755666755677775
112222312444312455311445366675366675377775
111222133322134442134544635555667757666777
111112312222334424355444356666355566777777
122222113332113433144445666475667775677555
111111223333422233445255465557466777466677
111112331442333452344452667752677752666755
111112331222344422333445666455676655777775
122222123334133544113564715564775564777666
122222133324113444153344155556757766777666
111111222222334445334445366675367775667755
122223111423114423555443566433566677567777
122222113442153344155344155336775666777766
111222113332415332455632445666475576477776
112222314442311142335544633557665577666777
111122133222133442334445666455676655777775
111111222233242433544433555466755666777776
112333112333112244522444556477566777556667
122223123333123455111445644455667757666777
111223122223145533145536444536477566777766
111111222333442223444433555566576666577777
112222111122333445633345677445677745666755
122344122334122344155334165577165577666677
122222123344133344113445617755666775667755
111122113222433332443556445566455766777776
111122331442331422355426355466557466777776
112222311242311544355554336754366774666777
111112334122334222344556374556774566777566
111222111233444233444233555566576666577777
111223111223442253455553466753466773466777
112222112324133334155344665547665747665777
122233112233411253461653466655447655477777
122222132444133344133554116555666577667777
111222111322333332455556457756477776444666
111222131232133332445556455566446667477777
112233112233114233544266554446555766777776
111111222223243333445536745556744566777766
112223114223114423444533665537665777665577
111111222333242333245666445766455776455777
122222111132143333444435664555667557667777
112333412233411235461225466665447655777775
111122134152334452334452636452666557677777
112222133442113442133344566666555767557777
111223111223444223444553555533666777666777
122222113332415536415336415766455766447777
112222111122344444334555633357666557667777
111122314225314225334655344655347666777776
112223112223411333445355445556477776776666
111122331122433225433555446655446666777777
111111222233442233544673544673555677566677
112223111233142233445553466577446577666577
123333122443122243155444156666156677557777
111111222334552334522344555344666667677777
111122133322134422334445666455666755777775
112222112233113334563664566644555774577774
111222311222331444533346555446556666777777
122333123344123554126544126554166757667777
111123141223442223445563455563757663777766
122334123334125354125554126574166674667777
111111223334223334254444256677555677566677
112233112243112243555443555443667777666677
111222314222314444315664355666357767355777
122222123333111334154444554667556677566777
111122333112334422344562745566747556777566
111123122223124553644533644537645577666777
123333123443124444125556122556177756777666
112222111122344455334655344665366675377777
112222311122331445333465744465777665776655
122222123333113434155444156664555766777776
111123141223444253442253666653677753677755
111112331222333242553644555664757764777664
112222111223414333444533466555665577667777
123333122234112234115554655574667774666774
111122133122333224355644555644757664777766
111222122233114433444335467755667755666775
111222111222344444354556355566337766377776
112223112223114433555436575436775466777466
111123441223441233442253666753666755777755
112222311122331444333445666645676755777755
111223411123444223455523465573666573667777
122223122443111443155433556437566667567777
122222112344133334156634156744556777556677
111111222334522234553334566674566774567774
112223144223114233514663554663554766577777
122222134425134455133465173465173665777766
111123412223412333442563455566457566777776
122333112233112234154444555564757766777666
122233124253114253114553644453667757666777
112222111322451333456633455666445567477777
111122334112344442345562335562755766777766
122223124233154336154366154766154767554777
112222111322143355443335444665666675777775
123333122344122345124445166665166555777777
112333122443112443512643552647556677566777
122233124223114443154433155555666777666777
111112312222334452364455367445367755666777
111122133222133324566344566674557674557774
123334122334152344152264155564157666777776
111122113324533624573624573624577664557764
111122331124533324536224556444566677567777
122223124233114443144563175563775566777566
112223122443124433114533664577655557666777
111222133332134532144552664555664477667777
111222311122333342355544666554666754777774
111111222333422233444435467755666775667755
122222111132133334555344555664777764776664
111122133442135442335422355466556666777777
112222112323411333444453666455676555677777
122222123334133354166554116654766554777774
122222133332133445144445166655167755667777
111122133332143532444552466552466577667777
112222111223144553446653446653777653777653
112222112233113334555344566444566667577777
111233112233122233445666455667455767445777
111122113224333324535624555644757664777766
122333122433122443111444566677556667555777
122223111223144333154443554677566677556677
111112133452333452634452644552677752666777
111233111223444223445253465553667757666777
111112331452344452344552336522666577667777
111122133422134422533446553646557666577777
122333122343122344155674156674156674556777
112222133244153244153334155664557666777776
112233122243115243155443665543666547677777
111122113222443255433355443655466666777777
122223111223114433444536774536755566777566
122233111223441123455663456663455677457777
122223111223144433144433556666555667577777
111122113222443352444355643357666557667777
111222122233133334156644556664557764577774
111112334122334522334552644455666675677777
111111222333233345244445245555677777666667
123333122223111423514466557466577446557776
122223121233111433544463544766577766555776
111222133222133445133445666745676745677755
111233122223112453644453645553647757666777
111122341122344442354552355566376666377777
111222122233144433144453665553677755666777
111222331242331142335544555544666677667777
122222111323113333444566744556747556777566
122223122443111443155443655773665573666777
122223124233114443154433156666555676577777
111233411233441233444222555556757766777666
112222133342133442113445666545676555677777
112333122333112244152544655547666547667777
111222311422351462355466375446375546377776
111222122234113334553664553764557764777664
112222112324115334665334655534657774667774
112333122333112455612455662455666444777777
122233114223114253614453644553666655777777
112222111232145333645553645573644477666777
122334112334122344125346155546557766777766
111222133332144352144352644555677775666677
111233112233142233442556475566475566477776
111112333312435362445562445562475762777766
111122113322333422354446554746557776577666
122222123344133344155344156666156777556777
122222112333113345163445666445766745777755
111222133342135342135442665744665777665577
112222133322113334154444555466755666777776
123344123334123544126547126577126557666577
111222113232143332444355644557665577666777
112222111233414233444533455566775566777766
111122331122333342555542566444567774666777
111222311142333342555342556444566777666777
122233142335142235144435146775166775666775
111122131322433352446352466755466775467775
112222112323113333444555467775467675466675
112233122223111433555436557446757466777466
122222111233413335416375446775466775466755
111122312224312444335554633574665577666777
112222113422113444553446553336556666777777
112334122344122334125634155664557766577776
112222112233144335146335446555466775667777
112223111123444223544633564637566677555777
111222311422314442334546377566375556777566
112334122334112334122544655574656577666777
111222311442331442534462533766557776557766
112333112333112244556224576664577664557774
111112133322443222433555444565777665777666
111222111222334555344455366445336777666777
111222132244135254135554333564666664777777
111111223333222234555634556664757664777744
111122333142333142566642567742566744555777
111223122233112334555534554444666667677777
111111234445233445223345223665666655777777
111112313222333322444445465555666665777777
112333122233112243144444566667565677555777
111122113322333322444555466557446757666777
122222123344113334115534555664757664777766
111222113242513442533446553746573766577766
112222111223145333445533455666456667477777
122333112233112243515446555466757446777766
112222314242314445311455366665367755367777
111233111233442223444523664555666575677777
111222111222333344335544555674566674667777
122222112333144335164355164455666475677777
122223112333112433514466544466557766557777
122233122443124443156743156773156677555667
111111233333244435246465246665226775777755
122222111233411333444356474556777566775566
111222311244351224356644357664357766355777
112223112333112233444555444655666675677777
111222113332133322445556445776455766477766
123333122443112243115244555554677777666667
122222113442113344133345667745667775667555
122333123334124444125466125666155677557777
123333122233122444111544655554657777666677
111112344412334442355522365552366666777777
112222132442133444133554136755666755667777
123334123344122345122445166555167775666777
112223112323112333444445466665777655777655
111111233334235534225644255644256666777777
112223411223441233441553466653667555677777
122223111233114235444435666435667555677777
111233141223441223444233555566557666777776
111222133244133224133554667754666754677755
112222111223144443566643566643577773555773
111111222334222334556634566634555674777774
112222311122314556334556344456347756777766
111233411223441233442235466665766755777755
112233122223144443154433155555667777666677
112222122333114333514446544776557776557666
111112133322443225443325446555776665777766
111122312224312554335554336654666644777777
111111233344233444235664225566255576777776
111112313322333422555442565744665747666777
122223114223114433155433554466576666577777
111112312222333332455555445667466667447777
111123114423554423544623566623567723567777
112222111233441253444553455533677777666667
111222133224153324155334556664757764777664
111223114423514423554423555623666673677777
111122113224533224553334556644757664777766
112222314242314445316475316775366755366775
111123122223124433554663544763547766557776
111122131222433325433555446655446777666777
111122311442333442533442555672556677666777
111222131242331442355444356677356677556677
122344112334112334512634552664557666577777
122233122433124433111444556666557766557777
112223111123455223445533466553446777666777
111122133332133222455555466665466777444777
111111222233223334555634565644566674777774
111111222223442333544336554466557776577766
111122331122433322434555444555677777666667
122223112423114433514443555563577666777766
122234123334122334155444155666155776777766
122222111233143333145556444566774556777766
122222112344113334153344655554666657677777
111112331222333224534444566477566677555677
111122311222334452334556344456777556777666
122222111233144433145553446653666557677777
122333122334122344111445666645767655777755
122223142233144333145555145666145776777766
122333122233111243155544655774656774666774
111122113322333224563644566644567747555777
111111222333222443544443555663556666777777
111112334412335442635442635572655772666777
122222111123455153445553446333466777666777
112233122443122433154443155566777566777566
111112133322443552443352445552666667677777
122222111332143355144365446365476665777775
111122133122334422533444556664556766577777
111233141223441223445523455553667777666677
111122333124533124553624566624567744567777
