111122333122334122354466555446575746777766
122222111324511334553334566674567674567774
111112122222344444333354666357655557667777
112333122243111243556243566447556747566777
111222134225134245134445633375667775666775
112222133224134444133455136655777665777665
112222113332133442135444555466575666777776
111222122233113333444444556666556777556777
111122331142333442354422654577655577666677
122233122334112334511644555664577764577766
112222311242314444315564355566335776777766
111222131232133332444555465557466777466677
111112334412344222354462357766355776557766
111111222334225334265534665534677574667774
112223122233114435164335664555664457677777
111222131422331442333455667445677755666775
112222111122333334534444555546757766777666
112222311122314444333344556777556667556677
122223122433144433155443115666755566777776
111222112223144433445533466553666557677777
122222123333111443155463554466554666777777
122234125334125534125334115664775664777766
111112134222334442536442536666537776555777
111112331222433552433562445566445776777766
111122134442134442333322566677556677555677
112223111223441233444433555666557776577766
111223142223142533144553445553666777666777
111122133422133422533444556774556777566667
111122113222433562433566435566477556447777
111122113222433332435666455666455577447777
111233122233122334155544556774656774666774
122222111112334555344445336455366666777777
122222113244113344153334556774566777556667
111122334122344152334552634557664757666777
122333112223411123445553446557646577666777
112222111232415333455363455566477666447777
112223112223113333444444555566575666777776
122233112223114443155543666543665547677777
111122131222333442353544555564666664777777
122222111112333333455567455567446667446777
111222133342134342134442566677555677556677
111112312222333342555344565664566644777777
111111233334222534225534555664777644777666
112233122333122344154446154776557766557766
111112344212344222345556345666355667377777
112222133332134552134455144465777765776666
111122134222134442534466537766533766555777
112333142223144423144523155555667777666677
122222111112333344355664355664557764777764
111112122222334444333546355546557666777776
122222112334111344553334556664755764777766
122222111132144333444453665553666755677777
112333112333122244152446557746557746577666
111111222333222343566443556644555664777777
112222111123445523645553644453667773667773
111122133122334522334555444657466657667777
111122133222133324553444555564777664777666
112233122333112234155644556674566674577774
112222112233114333554673554677544677546667
122233142223144333154446155566155766777776
111123441123422223455533456553476666777776
112222122344133344113354666554677555667777
111122134222134255634445633455637775666777
122233122233144453144653114655776665777765
122334112344122334125364175564775566777566
111122134442134442533332566672556777556677
111122133332145332445662455662455766477777
111112331222433225443355466665467765477775
111112331222433255463275463675466675447775
111112133222334522364555364455666447677777
122222111342511346533346557346557446777766
112222112233133334155544554446577766777666
122233122433112443154443156777556767556667
122223122443115443165443165553666753677777
112233122234123334155554166654667654777774
112222133232113334155644556664557664777774
111222131332133322445566445776455766457776
111233111233222234555534655774667774666744
122333122233111234154444556664577766557776
112233112233114223554443566644557666577777
112233112334112334522644577644557666557776
122233144233142233144455167555167775666677
111223122233124333154444556646555666777777
111111233444233334222244556677556677556677
112333112233122243144444555566577566777766
111122113332333222444566445566475556777776
111111233333223445244455264755266757666777
112222111122333445633455634445666655777777
111123112223442253444553664533665577667777
122222111123144453445553467553667733666777
111222311442314452364452367755366755366777
111222111222334455336455336455666447677777
111222111324555324565324566344666334777777
122222112333144333114455667455667455667777
111223122233123334144444555555666677667777
112222113332144332154436555446557666777776
111222113224513424553444553336577766777666
111222112233142333445563744566774556777566
122223142243144443115333155556777656777666
122233122443112433511436554466556667577777
112333112333112224555264557664757644777664
111112312222334424333444556777566667555677
112333412223411123455523466557446757666777
111122333112453662453362455562445667477777
123333122223111243155444555464576666777776
111122331122333452344452644755667775666775
111111222333242333442555444566777556777666
112233122223114443144453666753677755667755
111222134522134525134555334446377666777766
112222113332114432544336554766554766577776
111112314422344225344255333555666666777777
111111233334225534265534266554266644777777
111122131322433352466352465555466677447777
111111223345233445234445236775266675667775
111111222234233334255344555674566674667777
112222133342113342153544555564777764776666
122233122243155443115433165447665577666777
122222133324133444135554165574165777666677
122223122333113344114445664775666755677755
111222113332414532444532466537665557667777
111112313222333244553244566644556667577777
111112333142533342554442555422667777666677
111112333312334222444525445555677777666667
111122341122344422334455366655367775667775
111122131422333442353462554467566667557777
111222113332133322455566445566445766477777
122233123334123444125544166555167775666777
111112133322444322454326455366555666777777
111223142233142533142553445556477766777666
111112132222433332444435664555666675777775
111111233333223455224445264645666655777777
123333122334152224155544156574166774666777
112233412253412253415553416653477666477776
111111222223233333455666455667445767445777
112222113322133445133445666445667555677777
111222113322133332444456455556477566777766
122333122433122443155446157466157666557777
122223111123415523445333455677456677466677
111111223333222243566643556644557644577777
112333112323142223145555444565477666777766
111122131322333322455556444756477756477666
111112132222333452363455664455664457677777
122223122333111433144445667745666755677755
123333122334122244115554615744655777666677
122223112443112453166453667453667453777755
122223122333144435144435116555776665777766
112222112233114333554443555546777646777666
111222311122344442354466355776357766355776
122333112223411233441566475556475566477776
112222122344111345633345636445666755777775
122223124423114443115543666553677553667777
122223111233441235441335446665766655777775
122333122333112244114444556666557667557777
111111222334233334225544655547656747666777
122333124333124444122455167555167775666677
112233122233112433514444566664556777556777
111122344112334222334445366555667755667777
122223124423114433114453665553665777665777
111233112223142243544443555663576666577777
112222311242351644351644355664335566777777
111112333312443222443255446557666557667777
111122112222334556344556334756344756777766
111222131242331442533644536674566677555777
111112344412356442356642356622356777355777
112223122333112433154444555646576666577777
112222133332114352144355644775647775666675
111222133232113332455556447756447756477666
123333122334152224155544156574166674667777
112223112223411333445535466555466677467777
111112313222333322444445677745666755667755
111112312222333442334444566666567777555577
122223124333124435114435617455677775666675
122222134442133445133545163555167777666677
122223112233114443154543655543657777666677
111123144223154223554623544633576666577777
111111222333224433256443556644557666577777
122222111123415333445536455736475766477766
112333112344512334512444522677556667566777
122222111332141333544436547466577766555776
122223111223114433544673546673546677555677
123344122334122234111534555554667777666677
112333112343512443512246552446557766777766
112222112332113344533446554466557766577776
122234152234155234115334155344666677667777
122233144233144223114453166655667755677775
122222123333114355144356144556747566777766
122222112345111345633345636445666455777777
111223144223144223145333645555666577667777
111122113322333442563442564477566677555677
122222123333111133444555444555677777666667
123444123344123554123555123566127766777766
111122311442333342563442566472566677555777
111112313342333442555422564427566777566677
112222113223113333444444566667555667557777
122333122333124445124645177645176665777655
111222311242331442354446356666357767555777
111222111223444423554433566337566667557777
122333122343112243115544665554667574667777
111112333312344222344526774566774566775556
111112133332334422444422556666555676577777
112222111223441533455553445633466666777777
111233112223412333452677455667455667445677
111112344412344422355526335726355766777766
112233112223144423144533645555665777666777
111122133122433322435555445677445677666677
111112312222333342534444564667566677555777
112223112233112433444435466755667755667775
111222331112334442334452664555666557677777
111122131224533324553324566444567777566677
111223114233514263554263554263574466777776
111222311222314445366445367745366775367755
122333123343122244111546775546755546777666
123444123344123554123555123656126666777777
111233122223112333445556455756447776477666
112233122333112453612455644455647775666777
111111222223244333443356445556775566777766
122222123444133444133555136775166775666775
111112313222333322444556455556447766777766
122222111112333444333445666645777655777655
111122132222133344334445667455667755667775
123334123334122244111245677745676755666755
122223111223113333455666445676455677445777
112222311112333332444444555566757566777766
111122133332133442556442556742556747666777
112223112233411235444335647775646775666755
111122134142334442355542335552677777666667
112344122344112345122345663355666655777777
123333123444123444122255116665666775777755
111222331222331444351466355446555766777776
122333112343122243114445666645766555777775
111222111232333332445555444556476666777776
112222311122331444534464536667536767555777
112223112333122433154466554446557666577777
111233411233451263452263452666457767455777
112222312245314445316455316455336777666777
123334123344122354122554166654167557667777
111123411223444233445223655553667757666777
111122112222333333455555444656474666777776
111222331112344422344456335556777566777566
112222133224133444133445166655666755777775
111122131222333324355664556664576774577744
122233144223114423115433655477655577666677
122222111123415333445663475563475566477776
111112333312342222345677445667455667455677
112233112233142233145555446665744765777766
122222123344133354163654166654177654777755
111112134442534222534426533366577766557776
112222311112333332455566447566447556477776
111122331124335524355224355664777644777666
111233142233142223144443566666555576577777
111222113244313224333554666544665557677777
111222113322133332455556444556474666777776
112333122233112443152444655477665557666777
122223142333142335144555164557164777666677
122333112343112344122444555566557766777766
112223122233114333514666544766544776555777
111223122233114253444553645573645777666677
112222122334111334553364555564776664777764
122222111233114453444653774653776653776655
122233124333124355124555144566147776777666
122223122333144553114553144455666777666777
112233111233142233442555466665477665477775
111112134222334225334455634455667757666777
122222134442133544133554163555167777666677
112222311142331442354466354566355566777777
122222132444133554133544136577166557666777
123333122233124255144455164455167777666677
112222133322111333455677455667455677444667
112222112332113334566344556744566774556777
112222111332144532445533644573665577666777
122233124243124443115543155663755666777776
111112313222333422535446555466574466777776
112233111233414223444523455555666666777777
111122113332333222445555444556746666777776
122222123334133534165554165754166744667777
111122113322333224355644555644775664777766
112223412223411533415533455666475776477766
111233122223124433154443555466557666777776
111122122223145533444553664453667753667777
111122131222433332444356455556457766777766
111112344412333422354422356777556767556667
122223122433114433114453664755677755666775
111222122234155534155534663334766664777774
122223112423154433154436155436557766777766
112222122333133344115544555647566647667777
111222112223133333444556774556774556774666
122223112423154433154463154663755566777776
112233412223415523411563477563475566477766
111222112233412333456663455666445777455777
122333122223111133445566477556447556477766
122223124423111433551443556643576666577777
111233441233411223442253455556757666777766
111123112223442233444453555553667777666677
111122112222334444333454366555666755677777
111111222333242353244355446675466775667775
111222131122433525433555436757446777466667
122222112334113354133554665574667574667774
111223122233124443156643556443566677557777
122333123344122344112544616555666675777775
122222123333114553114453444655666657677777
112222311442311442334455633555667757666777
122223111233441233441536475566477566777556
111233142233142235144235647755646775666775
112233122223111333444455466657465557667777
111112314422333452334452664752677755666775
122233112233111233444455445556777566777666
112222311442311442333344555556757766777666
111122334122334122334555444665777665777665
112222311224311554355544333544666666777777
111122113322443225443555463365466665777777
111112133342536342556342566442567472567777
112233111234152234652334655554666674777774
122223124333124433144566145556155776777766
111112133222432256433556437556447566477776
111222133322113332445555455666477676447776
111112314222344225346665344655336675777775
111122132224133524335544355446757666777766
111112132222433332435556445766455776477766
112222113322113444533444536777556777556666
122233124233124435144635146655166655777777
111112314422344422334552633577666577665577
111111234444233445263335266655267655277777
111233411223441223445523645773665577666577
111122333112343442344422555677566677556677
111222311422313442333455666445677755667775
122222112334113334155534667554677754666774
111222131422331442335466535446555666777777
111222111322433325436375446775466755466775
112222112342133344135344655574655777666677
122223111233114233564443566644555667577777
111112312222333332444444555566556666777777
111233114233144223444223556666555776577776
112333112223412233415555446665466775467777
111111222233223334556634577664557664577744
111233141223541223544263544663555766777776
111123141423444423555623755623775623777666
112333112443112433222444567777566667555567
111112132222433562433566443566445556777777
111222311222314445333445636645666775777755
122233111233145223145563445566445776777766
111122112222334555334565344566344766777776
111222311422314442344556377566377556377566
123333122243112443112444566666555776557777
122223112233114335144355664775644775666775
111122132224133324536344556744556777566677
111122113224333224553344655554666774667777
122222132344133345113445166645667655777775
112223112223145553145333445566447776777666
111122113322444325433325446665776665777755
111123141223444223445523655533656777666777
122233124433122443155443115566777556777666
111122134142334442356472356672356677555677
111122133122443322433555455566447766777766
112222112332144333144553644755666755667777
111112333122435222435666435556477566447777
111222311442331442356442356677356677555677
122222112333113334516664555664557764777744
112333122223111423544463547766547766555776
111112314422334442533462553662566677557777
111222113322143325444355466355466665777777
122233111243512243514443554663577766577766
112223122233111333455555456666477766444777
111222133242133342135444555564577766777666
122222133342113544133554166574665574667777
122233112223111443556433566447556477566777
111122333112334222344455445555666666777777
122222123333144433144456175556175566777766
111222122234113334566334556774556774566774
111123411223452233455233456666455766477777
111223141223142253445553445653776663777766
112222122333143353144556174556774456777666
111122133122433322444355466655467557667777
111111222233422333455553455666444776777766
111223112223142333444553455566457666777776
122222111332411333445536444556777566777566
111223114223144223445533455673556677666777
122233111223411233445536455566457776477766
111222133332133422144455664455667775667775
122222113332413533415556415566444766777776
122222134442134445135555135677133677666677
111112132222333332455666445566445567477777
122222111132413333445636445666455776557777
112222311422314455314445366675366775367775
111112122222333344553344556674566674567777
111122113222333342355644775664775664775564
111233112223415223455533445666475676477776
111223112233122333445555455667466677446777
122334123344123344125554125666155776777766
112233114223114423554423554663576666577777
111112333122343322544662544466577776555776
111233142233142335142665442655747665777765
111111222344223344255334555364756666777776
111123411223422233455533456577456777466667
112223122333112443144453645555665777666777
111233121233122233444566474556477556777566
111223441233411253446253466253665557677777
112222111233441233444433566667555667557777
111111222223244443443333556666557766557777
111122333112334442344522645577665557666777
112233111233122233444455445556777756776666
112222134425133425133445163645666655777777
111233144233114233554222544677556677566677
112222111332143332445356445556475766777766
111222311222314455334445334665766665777775
111223122233123334155664555564777664777644
111122131422334422333445667455667775667755
111222111332445532445332645537646577666777
123333123444123444122555126575166675667777
111233112233142223444553464555666657677777
111222111222334555334445344665366665777777
111233122223144233144435666455666755777775
122222123334133434111444555566575666777776
111222311224331244335644355664755566777776
112222112234115334665334675534677554667774
111123114223544223544233546663577666557777
112234122234123334115344665554665577667777
122223111223441133445533465777465557666677
122222111342133344133444555566566667577777
122233121233111233445555445665744766777766
111223411123444223564423566673556673557777
111222111222333334355644555664577664777764
111122333112334222534677544677554667554667
111122133122333224354444555466576666577777
122223111243511243554443566643556663777777
122333112343112344152444652777655557666677
111222312242311444335454355556366666777777
112222134442133342135445135555666677667777
111112331222435622435666435566435577447777
112334122334122234115534665544665577667777
111222113324513624553624533644556664777777
111222311242331442533344566664556677557777
111123144223144233544263557263557766577766
111233112233412223455553445656477666477776
111222331242311442335544366574665577665777
123333122233122444155444155566175666777776
111122131222433552433566435576445776477766
111122133222133244563347566447556647556777
122222111132455136445336445536747536777766
122223142233144433111443556666557776557776
122233121233111234566634566644577774555774
111112134442334542633542635522665777665777
111111223333422253425553466577466577446677
122222133244133354135554155644177666777766
111222113322133324534444556664577666557777
111123142223142233444453666753677755667755
122233112223415663415663415673455677445777
111233111233422223455553444455666667677777
112222111122333455363445663455664457677777
122223111223114433554443554673556677666777
111122341225341225345555346666346776347777
122222111324115334665534665334675574677774
122223144223144333145663145566155576777776
122222112333411333441566447566477556777556
112333122233144223114555644775664755666777
111112333122433322444442566667565677555777
122222111123444133544433556663556777566777
122222111332144435146335446635766655777775
112333142355142335142255146265446666777777
122222111323114333544443554667556677566777
112222112233114433554443655543666577667777
111122311222333324563444564477566677555677
112222113442133442133445637775677755666655
111111222222334444333344566666556777555777
111122133322133442553462544467566667557777
111122133122433552436652436555466677447777
111222131142333342536442566447556667557777
122222123333114443154463157466557766557776
122344122334122344113345165555666775667777
112333122343112344122564555564757764777666
111233112233122233445555446557446677666777
111112133322445332445322445666755566777776
122222113332413566413556413756477756447756
111222331224331244351446355646557666577777
122222111112334555344565344566347766377776
112333112333122444124454627555677775666675
111112122222344455344665374665377665337775
111123122223124433554433554666574776577766
111112134422333442335542555542667777666677
112222311422331444331546355546556666777777
111111233333244355224455264755264777666677
112223112333142235144435664775664755667775
112233111223412233445553446577466577666577
122223122333114443114443555566566667577777
122233124433122435111435666455677475667775
122233122233111133444455664455677755666777
111223122233112453666453644453667455777775
111122131222334425333445664455677775666775
111222122234113334555334556744566774666777
112223144423154223154433155636557666777776
122222111112344455344556347756337756377666
122222113324113344133444566677555677556677
111111223344223444233354255555666666777777
122222112334511134563334566664556774577774
111111222333223344256344556644556777566777
111122344112334442334522366555666557677777
122222111332141335444635746635747655777665
122222113324133444133445166655667755677775
112222132244133354113354666554677554667777
111112314442354442355552356672336772666777
111122311422334452633452634455666775677775
112233122243115243615443665543665547677777
111222331112333452364452666455677445677775
111112133222433325444325464555667775666777
122233111243152243155543666543666544777777
122334122334123344125544115556777566777666
111122334122354142354442356667356767556777
112222133224133444133445166775667775667555
112333112223142423144443555556577766777666
122222123333114435166435164445667555677777
111112133332334222444255647775647775666655
111111222333422233455563455566477766447776
122222123333111443155443655547666547667777
111112333412553422553422653477654477666677
122222112333143353145556145656444666777777
122223112233114335164355664445766645777775
112223112243516243516443556443566673577777
111122341225341265344265374665374665377775
111111223333423555423655422665446667477777
111222131422331442344455365557366757666777
122222133332111433144445646655666775777755
111111233334255534255534226444266666777777
112222112233415333415366445766455776457776
112222133332113342515444555544666667677777
111222341152344152345552344657336677666777
111223112233142253444653474653777655776665
111222331124331224354444355556775666777766
111222311224331244355544355546377776776666
111222311122334442334555364577664557666777
111122113322444332444332555666775556777766
112222112333142453144453666453676655777775
111122314152344552346652344652366657377777
111111233333222443526447526447556677556677
122333112233114253144255446555466677667777
111112133442534442534622533662577766557776
111122131222334442355644357646357666557777
111222111332444352464352664355666355777777
111122312224312444355554365774365677366677
122222133332134355144445114555677777666667
111111222234223334533664566644557674557777
111122344112344222344566355556357666377777
111123144223142233544236547736557776557666
112222133342133442113544555554666777666777
122222111233113333444444556667566767555777
111122122223144453677453667453677453667553
111222131242331542633544663547655547667777
112222113322413335413665446655466755477777
122223124233144433111443566667556767555777
111112333412334422535442555462757666777766
111222311222341455344455346675366675367777
111122113224333324356624556644556674577777
111222131242331442354446355666355576777776
112333122343125543122544166574665574667777
111223114223144423554423556633566677567777
112233122233111243564443564477566667555777
112222122344111334566634566634557734557777
111123411223442223544633546663566777555777
111112314422334222334555634455666657677777
111222311122344425336445336645776665777755
111111223444223445223545663555663777663777
112223112333122334155544555664777664777664
122334112344112334512364552664577666557777
111111233444233544233545226555266777666777
123333122233124245114445166645776665777755
122233124233124433111445666645675555677777
111122312224313254333654666654767754777554
112233122233112433514466544666554767557777
111222133232143332144444555556577766777666
112333122223112433514446554666554676577777
111222131122333442355544365447665577666777
111123122223142553444533465537465777666677
111122131324533324563224566674556674577774
111122134442134422334552335566777566777566
111222131222133333444455446555666757667777
112233111233144233445225445555677777666667
111122131222433332443555444655777665777666
112222111322441333544433546666577766555777
111111222344233344255344255366556666777777
111111222333244433254436255466557766577776
112333112334112234552644552647566647567777
111122112222344444345666355566335567377777
112222132234133334155664156644555664777777
111222331112433332444452666455667755677775
111233411223415233445236455266455766777776
123333122334112444122455166475667775667755
111233122233144253144253644755667755666777
111122133342153442553442563472566677566777
112222122333113345166345667745677445677455
111223122233144233145536447556477556777666
112222111322133345336445666445676455777775
112222111322415333455553444563477766777666
122222112333145333145555145666447776477766
122233112333122345114445677745677745666655
111112331222333322445666455556447756477776
122222111112345555344565347766344766337776
122222133332111133455556457756444766477766
122333142223142533145555144656147666777776
111111234445234345233345266655266675277777
112222112323143333145556445656445666777777
111222131222133333444556447556477566777566
111223122223144333144435666455666555777777
112333112233142235142665446665476775477755
123334122334112354162554162554667574667777
111111222233423335423555446556476666477777
112222112332143335143555446575446777666677
111222133342133342155542655544666664777777
111112334142334442335642555622557666777776
122222123444113444113333555666556667577777
111111233444233444235666235566255567277777
111222122233144453145553644653666653777777
112333122333122444125464155764555766777766
111122112223444323544333546666555667577777
122233122234111134555534565734667774666774
122223111223413333415666445556455766477777
122233121223111333455556455766477766444776
111122113222333332444455466557466557667777
122222111323113333455677455677455677444666
122223114423114523614533644537665557667777
112223411123441223456673455673456673556777
111122112222334444335464335566555766777776
122222113342113444513346577346577776555666
112333112453122453162453662455677445667777
111111222223444253466553466553476653777773
111122311222333425633445664455666475777775
111111222333223343255644556664557664777774
111233122234122334155534655744665747666777
111122113222443255433335466665447765777765
111123114223444233454233655277655577666677
111112333122432225435555436775446777466667
111111222334252334552334566744566747566777
111122113332445532455332445662745766777766
111223112233122333455555445666446676477777
111222113242133442333456774456775556775666
111112133222333242534444556664557666577777
122222133244113445113345666345666775777755
112222312442311544331544635555637777666677
111223411123442223444553555533667777666677
122233112234512334511364566664555764777774
111123455123456123456723456723456723466777
122333142223144423114553164755667755666777
111222331222331444331444566667556677555777
111122131222334245334445637455667775666775
111222311142333342355542656544666547677777
111222133222133445134455637445667775666775
111112344122334222334445636655666755777775
112333122333112224155444556774556774666677
111233112223144223444553466553665577667777
112222314422311444331554365577365577666677
112222311142315542333544365574665774666777
111111222334522334523364557764577664577664
111222311222314456344556347566347556377776
112222113322145333145366445566445576777776
111111222234223334556334566644567647557777
111122313124333324556224556744566774566777
112223112223114433556433566477556447566777
123344123334122234156244156677156677555677
111112333312433522445522455666457676477776
111222112223415533445336455636475666477777
111222311422314442355546357546357666377776
111111233333234444222546752546755566777766
111112333312444322444325666625677755677755
111222111232433332443555644577664577666577
111222112223143333544443546666556776557777
111122113322333422356447556447556647566777
111122133224132244335644355664557766577776
111111222333422233455536455566444776777766
111111222223444423556443566673567673557773
122222111332144355143355643775644775666677
111222311425331425344425346775366755666777
111233144235142235142235446635666655777777
111222131342133342536642566447566477555777
111233112233122243564443566644566777555777
111122133332144332444522646577666577655577
111233411223412223444433555556576666777776
112222113332415332415636445666455767457777
112222112234153334155334556644566774667777
111222112233412333444435666455766655777775
123344122334112534122534155564775666777766
111222113224313244333554666544655577667777
111122122223144443443333566777556667555677
112333112223122443144443555667566677556777
112233122223114333154444556466556667577777
111122331142355442354442355662357666777776
112222311224331554361544366547365547667777
111222111332443322443355644655666655777777
112222113332143432144435664775666755677755
111222111232444233554333554666554676777776
122222111132413333443555644755646775666777
111112331222433325434525444555666666777777
112223111233142233444553644577665577666577
111222133232143332144555644577646557666777
111122311224333224356664356644555674577777
111122112223442533445553455633476666777776
122233124443122433115443615555667775666777
111222331124351224355664356664355644777777
112333122223124433155466154446555776777766
111122333122435122435555436657466777446677
111111223344222344256334556374566677556777
122222113332114333144444556777556677556667
112222122333143355143555146665447666477777
111222113322143325446335446655746665777775
123333124343124445126455126665127765777765
111111222223445523644553644533666537677777
122222132444133334135554165754166757666777
112223112233144233154636554666544776557777
111122134422134442333452637555667755666777
112222113322133344134444555566777556777666
111122331422531422534444533666555676777776
111222133442113422533446537746577776555666
111122311222344442355644355666355766377777
111223144223114423555423565433566677667777
111112333122333422444425664775666755677755
122333124353124355124556124566174466777776
111222133322113332444455674475677775666655
112222111122333334556344556644576664577777
111112133322334225634255644445677775666775
111222111342333342536642556447556477566777
122222111112333334355554665544666674777774
122233144223114423154433155555677777666667
111222331122334125634445634455677775666775
111122333112343222344445646655666775777755
112222111122333334355644555644577664777766
122233111234112234555334556644566774667777
111112134422534442533342536772556677566677
122223112323111333445555445665477766477766
112223111123444223444533655553666757667777
111222314425314225314665344665376675377775
112222133324155324115334555664777764776664
122223112233411333451556455566477666447777
111223142223142533145533644577645577666677
111223122223144533145533644577646577666577
111122131442335442635422635477635557666777
122233112223144533114553664577664577664577
122223144423145423155463115663755763777766
111122132222133334555344566664557764777764
111122311324333324555224665544667547667777
111111223344223345623345627445667555667777
111112331222332244334444555567566667567777
112222312245311445314465377465377665377665
111233412233411233455226455766455766477776
111233122233112243555443564447566677566777
111111223333223443224445666455666775777755
111112333122333224566624577664557764557744
122334152334152234155234155664166664777777
111233111233444233442225646555666575677777
111111222233244443244333555566755766777766
112233112223112443554463574463577666557776
111222314442315542315442335556376666777776
112222113342133442134445635555666675677777
112223142333142233144445166675667775677555
111222133224135524135554336564776664777764
112233122433122435144435164755667755666777
122223122333144353164555164445166665777777
112222311122331455364445364475367775666775
112233114233514223514423555466775466777766
111222133222133344135444655554667757666777
122233122443124443155543166573165577666777
112233112223114233444453646555666675777775
111111233333244355244555244657266677266777
122222133342113344511344555664575666777776
112222111322143335443535444555666777666777
122222111332141333444553644557665577666777
112344122334112334512634552664557766577776
111111233333224443222445677455677775666655
111112333412334452364552664452667552677777
111122133322133425634425644555664757667777
111112333312344352444452666552666552777777
112222111232143333444443555566777566777566
111112331222334422334445667455677775666755
112223112233142333144445666455676655777775
111122112222333444355444356777356667556677
122233122233114433115444555664575766777766
122223111123444123554663544633577666557777
111233112223412253445553455673466677466777
111233112223144223544433555466557776777666
111112133322334222534444555664755666777776
122222111233413335416635444655774665777765
111222131422134442335446355776357766557766
111111223334253344255364225664755764777766
111111223445223345233345267445667755666777
122222111332114533644553644553664757667777
111112133322332224355554666554667774677744
111122314122344225344455336657366557667777
122222111132143335644435664435666755777775
122333122333122444111444566677565677555677
112222311242351144356444356666355776357777
111112331222332244334444555666755566777776
122222111123133333444555445566475766777766
111233144223142223144433556666555576777776
111223412233412335412355444556777566777666
111122314122354442356642355647356677356777
111122131222334255334555364445667747666777
112222111342551342563344563344567777566677
122223111233141233544443566477566667555777
111111233333244435222445662745666775677755
111112122222345555345566344466334776377776
122222123334133544163544166554165577667777
111123441123422223445333645555666657677777
111233122223142333145555445656446666777777
122223111223141333445553445666745566777776
112222111322414333444335466655767665777755
111122132224132444533466537466537766555777
111223114223514263544263544763577763557766
112222134422133455133445136455666665777777
111223112233415233455263445766455776477766
112223112423512433516473556473556477666477
111111233333222344522444556477566777556667
111223122233124433154443555646556666777777
112222314442314442311555335565737666777766
122222133332134444134564177566175566777556
111222331222331445331445667445677755666775
111122311442355542355442335642737666777766
111112313442333342564442566622556777556777
112233112233122443154443554666556676577777
123444123434123334122256115556777556777666
111112333122333442444422555666575676577776
111112133322443222453366455556477566477776
111122314122354422354666354466357767355777
112223122233144443155443156663556777566777
111222113222133334553544655574666774667774
111112313222333442534462554666554667577777
112222134422134455134455136755336777666677
111222131124333224334444555666556667577777
111222314425314425314425336775366755666777
111112314422334425333425666425676555677777
123345122345122345123345166445166775667777
111112312222333442353544655554667774666777
111122113332433532455522444556747666777766
122223122433144443111433566677556677555677
111111223344223444223345666355776665777755
111112132222433325443365446665746765777755
111222113244133224333544655547655777666677
111222314225314255314455336445376666777776
111222131122333324553664557664557664777744
111122112222333445344465377465377665776655
122222111123144443545463555663577763777663
111233112223415223455553444563476666777776
111112122222333334555634566644556644777777
112222111322133334536444566447556777556677
111122133322143325644325664755644775667775
112222111123444423454333555637566677566777
111112122222333344555334566664576644577777
112233111223412253445553465573467777466667
112222133224133334115554655574666774667774
112222112333112433544436547466577776555766
122333142253142253144553164455166666777777
111233122223112433544463547766547766555776
112333122333122455112445666745666745777745
122333112233111223444456774556774566775566
122222111332141335644335647755644755666777
122333112333122244115544665554667754667777
112333112233412223415566445776455766457776
122222112344511344551346553346753766777766
111112133322444352643352644552666755677777
111111222234225334555334556364766664777774
112222311122331444334445366555766665777775
111222341552341522341566347566347576347776
122333124443124553124453126557166577666777
111122112222334444335467355467356667556777
111122133122334224334444566667556767555777
122222113332111333444455467775467775666655
111222311244312244333546355546557776777666
122233112223411133455536444566475566777776
112222111132444432445633555633556666777777
111112133222333224356664556764556744577774
112222113322114333444553647555647775666677
111111234444233455263475263375266675267775
111122112222333444334445366655777665777655
111122311222344442333544663557655577666777
111122314422313422333444555566557666777776
111122113222443332444335646655666755777775
111122334122344125364425364655366675777775
111222331224531124533664536674566774557774
111122312224313254333654666654765554777774
111222311142344442355542366555376666377777
111112314222344422344566375566377556377756
122333122234112534611534677554667554667774
111122333112334222344455446555666757667777
111123114423444223554223655553677773666677
111111222333442233444235466655666555777777
122233122333142535146555146657146777446677
111222112223415333445533445556747666777766
111122132224132444335544365577366577666577
122222133324155344115346715346775546777666
112223122333123344155546155546777446777666
111112333312344322554226554466554766777776
122233122234111334551534655544666664777777
122233112334112234155534556574666674677774
112222133232113334515644555644775664777766
111112133442534442536642536722536777556677
111222111222344455334555344656336666777777
111122131222333324355664556664556774777744
111122331122333224553444566474566677556777
111122131222334256344456345556345776777766
111222311222331445364455366445367775667775
112223111233412233455553456577446667466777
111222113332133342544442546777556777556666
111222311242331442533644553664577766557776
122334122334112354112354666554676554677777
111222341112344442355462356666355767357777
111122331122344225345555344665346666777777
112223122333112433144455664455666675777775
111111223333422233425666455677455667445777
123334122334112234112564555564757664777766
111112122222334444335664355564375566777776
112222113322113444333444555566577766577766
111122314122354422355444356777356767356667
111112133332334222444255647775647775666655
112222112324113334553634566664577674557774
122334123334125534125554125644177666777766
122222121333111343555643575644775664777664
122233114223144233144553164655766665777775
111222131122433325434355444555667777666677
111222131222133333445555444456777756776666
122233121233111234566634556774566744557774
112333122233124235114555644475646775666777
111122311224352244354446355576357776377666
112222111122334444534466533776553766557776
111223142223144423144533666537655557667777
122222111332411333444435465555665777666777
112233112243511243555243665743665744667777
111122131332433322444442556677566677555677
111112331222333242354444556774556777566667
112333122243152243156443156644557666577777
111222331142333142536642556447556477566777
111112314222344442334562375566377556777566
111112133222333224536664556764556744577774
112223411523411523445523445663775663777766
112222113322113333445556455566444666777777
111122331124332224335644555664575764777766
111122311222333424354444355566557776777666
122222123334111134566634566734556774557774
111112133332433222444425466555766665777775
111112334412344422354226357766357766555776
111123112223455223455333456667456777446677
122333112333122445162445167455667475667775
111233112223122333455556445566447776477766
122333112344122344125364175564777566775566
122222121334111344553344555346577666777766
111111233333222345224445666455666455777777
111222131222133333444556774556774556774666
111112314442333342356642556742566772556777
122233122233111143554443554466557776777666
112333122333142225146655146557446757466777
111222112223133333455666455556444476777776
111122133322133322444455446555666675677777
111222111322443352433556437566447556777766
112222111322413335444435666435766655777775
111112122222334444355564357764355766377766
111222113332133432566442556444556777566777
111222131222133334566634567644557674557774
112223111233412235444335446555666657677777
111222311422331442334455634555666775667777
122222111332114355444355466335466665777777
111123411223444223554263554663557763777766
112222112324516344516344556334566637577777
111223141223142233445553644573665577666777
111223114233144233442253466555666575677777
111223122223114333444535466555467757666777
111223112233414223444533645555665777666777
112233111223415223445533445556476666777776
122333122223111133455555444656477666477776
111111222223442333445353465555466777666777
123333122223111423144444566667555667557777
122344122334122354163354167754166755667775
111122313122333322444444555666575676577776
111222111223445523445333445663755766777766
123333122233112245614445614455666655777777
111112333212333222455566444566744556777776
111112133332332222444555455566477666477776
122233112233112433154444556664556667577777
111222112232413333445536455576457776477666
111222131124333324355524556444756666777776
112333122223124453114553664755664757664777
111122133332143432444422556666577766555777
112223122233111333444556447556747566777566
112223122333124335114445667445667555667777
111112312222333342344444556777566667555677
111112341422344442355522366577336577666577
122222111112344555345556344666347676337777
112222311112334442333455666445677775667755
111222341112344422345566345666355567377777
122223144233114235144635146635666775777755
122223111223141433544463545663555766777776
111111233344233345222645266645776645777755
111112133322443332445552645572645777666677
111122131222435255435556433766443776477766
111112331222344452344552334555666677667777
112223111223145523446553466753466753467777
111222111332444432455432556733556777666677
112222111322144335444355466375667375667775
112233411223412233415563455666455766477777
111112334122534622534662534667534677554777
111112312222333342356444556664577664557777
112222111122333444553464533764577766557766
112222113322114335444335647775647775666655
112222111223413333455553444455666666777777
111111222334252344255334556344756666777776
122233121233111233455555456667466767444777
111223112233122333444455466555467757666777
112233111233415223455523445566744766777766
