111122133122334522334555644475664775666777
111122131222433332435555445666475766477776
112222122333144353164355164457664557667777
111111223333422223445553455666457776477766
111112334412333442536422566427566677555777
111112134422334222334455366455666557677777
122223112423144443114533555563577666777766
111122134125334225364255364455366477667777
111222112223413333444355664557664557667777
111112333122333224555244564447567777566667
111223122223143333144456745556747566777566
111222311442331422333445677745666755667755
111112312222334425364445366645366555777777
111111223334223344522346577446577766555766
111222311122344552345556344566374766377776
111112132222334552344455346557346777666677
112223112233142335144635744655747655777666
111112331222433522433566445566447556777776
111223122233124533164553664755644775664777
122223111223141333444536477566477566775556
122233112243155243155443156743656747666777
111112331422334442354672354672555677566677
111122113322443325433625444655666655777777
111112312222333324355554665754677744666774
111111233333222234555244555664777764776664
111112341552345552345662344662347662377777
122222121334111344553334655554677774666677
111112133332444332546772546672546672555677
111123144123444223456233556237556677566777
122222113342133444113344566667565767555777
122222113324155334115334655544677774666677
111111222234252334555344655334667774666777
122223122333144353114555614445667775666777
112234122334122344113344555566576666577777
111111222223244453644453665553665773677773
122234122234111534651534655534666734677777
112222112233411533455533465577466777446667
111222131322133332444556444566777566777556
122222113324115334155534556734666744667777
111122133332134322554426554666544766577777
111122131222333332444445667455667555667777
111222312245312445314445367775366675366775
111222133222113344533664555664577664577774
111222314222314455314465377465377665377665
111111234445233345233445267755266775266677
111111223333223444223554555544677777666667
111123114423444223452233556773556777566667
112333112233112223444566455566457776457776
112233111233144233544226544776555766577766
122222113332113435163445766445766645777755
122233112443122433114435664555677775666775
111222112232414433444333556677555677566677
111122112223444423454333555366576666577777
112333122443112443122443555667566667557777
122333124353124453124556124456177756777666
111233141223144233546223546666547767555777
111223411223441223544663547663557663557777
111233112223412233444435466665766555777775
122223111223144443144533665537655577666777
111222113242313245333445666745667745677755
122334123334122234155544156547166577666777
111111223333422253442553444555677777666667
122222133324153334156444156664157667557777
112333112223122433144456744556775566777566
112333122233144223144555164455667775666777
111112333122433522443552466655466657477777
112222111342513342553446533446577776577666
122223122333114353144555146556446666777777
112333112223114423554423544666557766577776
122233124223144333144455155556177776776666
112222133332111342566344566744556774556777
111112344122334422355442356666357676557777
112222122334111534665534665334675544677777
122223124233114443511443555663577666577776
112222311124333124356664356644556774557777
111222311122344442345467355667355677356677
111222122233143333144566444566555566777777
111122314122344422355446357776357776355666
111122133332145332445522455677465677466677
112333112333112224566624565644555674777774
111111222333222333445666445667445767555777
112233111223415223455553466653477666447777
111223411233451223455233465557466777466677
111123122223124333444553644555666657677777
111222131122333324344444555677555677666677
111112132222432555436665433365447665477777
112222133242113444153344553667566677556777
111222131422134425634455634755633757666777
111112314422334425364425366625366555777777
123333122223124443155444115555666667677777
122222113342155344155344156334756666777776
112333112233112443552244556664577764577766
111112133332435352455552446662744762777766
112222112332144433144533645555665777666777
122222123344133445113345617745666775667755
122222123444113334153634156664556677557777
111112134442334452333452665552667752667777
111111234445233455233445236675266675267777
112222311245316245316445366455366457377777
122223122333144453144453115556775666777766
111122134442133442533422536777556767556667
111222113242133244333444555666577666557777
122222111123441333444453677753677755666655
112222111322133334535544555444666666777777
123333122223124553144455114465776665777766
111122134122534442533342553646576666577777
112222112332133344134444566666555776557777
122223111223141553446653466653467553477777
111233411223441223544263547663577766555776
111122311222334552344555334566744666777776
122233122233111433144455445556777756776666
111122112223444523445553646553666673777773
111112122222344444334555366665336675777775
111111222234223334533644557644557666577776
111123145523145523645523644423677723666777
112333112233122243155546555446777446777666
111122133322134442334542664555666557677777
122222123333111343155544657554667774666774
111233121243122243554443566643577666557777
122333122333122444155644156647156667557777
111111222222333444355454365554366666777777
122222113332413355411356445556477766477766
112222112323411333444435647775677755666655
111112333122334522344525444555666677667777
112333122433112443512246557746557746577666
122223122333111435144435666445666555777777
112233111233122243556643556644576674577774
111123112223444233544233546667556777556677
111111222333244353224356774556744566777566
122222133324115334155534166544667547667777
112334112234122534125534665534666574677777
122222121333111344566334556774566774556774
122333112334122234155444165554666757667777
111122133332133452664452644452667555677777
111111233333222443522544555564777764776666
122222112334113334155534665744655774666777
111111222233244443244333555566557776777666
122222111132441333455533455666475666477777
122344122344122334155364155366155776777766
111112132222333442344455366475666775677755
122222111332113333444566445556455776777766
122223111223441133544463555463577666577776
112233144223144233144253166555667755667777
111122113322433225443355466665447765777765
112223112333122334154444555554666666777777
111223122233112443555543556643666447677777
111122311224333524335524666554677544667777
112222312425311445316445336645377665777765
111123112223422453444453666553666553777777
111222134422134452136455336457366557667777
111222311222314444356644355666355776357777
122233111223451233451637455677455677446667
111122112222344455334465334665377665777765
111122314422314225344455366775366755366777
122222111123144333444553664553667755667777
111111222333224335244355446555466666777777
122344122344123354123354166655166655777777
122222112334156334156634156634555674777774
111222314442314422315466335556355766777776
122233111223411233445553466657466557467777
112333112443122243152543555544677777666667
111222112223133333444445466555666775677775
111122113332443222433555455566447766777766
111234111234522234523334566774566774556677
112334122234112334152344555564777566777666
122333122344112344512364517664557666557777
111112133332443222443525445555677777666667
111111222233242533445533444566775566777766
111111233344235444235456235556277776277666
111123412223412523444533645573655777666677
122223122433111433155443555446757766777666
111111222234252334553334566664577664577774
111233111233422233452666455676455776445777
111122131222433325443355466555446666777777
122223142233145553145533144566174766777766
111111222234253334253534655574667774666774
111222131342133342553442654477655577666677
122223112243154443156433156473556777566677
112223411233415223415563455763445766777766
111222311124333224334444555566575766777766
111122134125334425344225346655366775667777
112333112243122243155443554466577666577776
111222122233144443144333556666557676557777
111111233344223334522264555664755764777766
111122333112453332455522446557446777666677
122222111132144433556443556433566667577777
112223122233114443514443556673556777566677
122333112333112224515544555644777646777666
112222312442311546315546375546375746377766
112222133242133444135454135556777656777666
122233122233111453661453644455647755667777
111122133222133332444566444566555576777776
111112333312433222445266455566457766457777
111112334412344422355422356666356677557777
112233114233114253444253467255667755666777
111223112223142333445553466557466657467777
112222113322411333444443566667565677555777
122222113342113344133544555554666677667777
112222111233144235644435664335666755777775
111222111222333455334445634455677775666677
122223111223143333144445677455677775666655
111222113452133452663452633455677445667777
111111223334233444223544255566557666777776
112222113332113332444566774556774556774566
122223111223411553445533644553646777666777
122223112233411333415555467775466675446677
112233112233144233144255644555666657677777
111122314152364452366452364452366755377777
111222112223144553644533644533667557667777
112333112333412222415556455666445667477777
112333122233122434114444555566577566777766
122233111233411223444563455566475566777776
112223122333112433514444555466557666777776
122222111123441553446553746553746663777763
122222112344111345633345637445677755666775
111112313422333442356422556447566777556677
111122113222333324355444555446775666777766
111222111223444423556443556333556777666777
122223122443115443115433665473665777665577
122222111342113344555334556634566664777777
111222132224135444135454335556737666777766
112233111233144223444523645555667775666777
111111233344233345264445267755266755266777
111122131222334442334566734556774566777556
111122314222314442355544366555336666777777
111122312222314444333344555566775566777766
112333112233412253416255446655466657477777
123333122223114253144455146665747765777665
112222111232143333546663546667544477555777
111222133242133342153644555664575764777766
111222111322444332544433556637566667557777
112233122223111443544433546777556667556677
112233122333122453144455164455667775666777
111111222233243335244355444556777756776666
111222111222344455333455663455663477667777
111111222333442233544263547766547776555766
112333122443112243512643557644557666577776
122222133342133444135546175546177566777566
111222111332433352443552466555467777466677
122222133332133444114445166555776665777765
112222311224315544316554366574366574367777
112223111223144233444335645555667775666777
111112314222334225364445364555366665777777
111222112233142533444563744563777566775566
123333122344122344152446155566175566777776
111112333312435322455562455762447766477766
111223122233114233444453647555667755666777
111112333122343522443526477566447556777566
111123122223144423566443556743566773556777
122222111234133334155364557764557664777664
112333112433512443512466552446572766577776
111112132222333442334444556677566677555677
112223122333123344114444555566566667577777
111233411223451223456263456663455567477777
111112133222333242553644756664755564777764
111222122233145533145536445536477776477666
111222133244135224135544335564777566777666
112333142233142235142555146755446777666677
112222112332413355413356445556744766777766
111111223333233444255464255564277566777766
112222112333142353146355446665744665777775
112223111233412233444535466555466757667777
111122313142333542355542556642777644777666
111111234444233544233555223565266666777777
111112312222333245673345674445677745666755
122222111332144435143335644775667755666775
111233112243122543626543666543655544777777
111111222223442553444653477653776653776653
122222123334111134566334556744566774556777
111222131142534442536442536666533767557777
112222311422314444314566355556377566377776
112222311242311544366554366554336654777777
111111233344235554233544225564726666777776
112333122243115243155243665447665477665777
111222111322433325466335466655477655447777
111111222223442553444553465533666637677777
122222121333111343566443556447566747556777
122233124223114443114453666653677655777755
111122333112344452334452666452676755677775
122333122344112334152444155556757766777666
111111222233242333544663554466554667577777
122233112223111333445556477566447556477766
112223112223411553455563445663477763477766
111111233333222223445555444655747666777766
111222331422311425333455644475677775666675
111122333112333422556442566644557664577777
122233112223114533614535664555644777664777
111122333122433122435555455677466667446777
122222113234113334153644555647566647567777
111123144123554223554263544263566663777777
112222311122314555334456734556734466777766
112222111232133334536664557664557644577774
122223112433152443154433154666555676777776
123333124343124444122555112665766665777775
122223112233411533415536455576477776447666
122233122243144443145553116553666577667777
111122314222314245334445366655366675777775
111222111232333332444556474566475556777766
123333122334112444122564155564777566777566
111222111322433325433675466675466775447755
122333122334122344115446515646555666777777
122222112333144355144356174356774556777666
112223112233411233445536744566747556777566
111112314422354442355542356662356766377777
122222132344133334111544667554667555667777
122222113332143335144455144665666675777775
122222111123145553445653466653476673477773
111112133422334422533462554466577776557766
112223112223114533444533466557465577666777
111112334412534422533442536662555766777776
122233111233114223544673544677546677555667
111112331222344422345446355566355766777776
111111222233442533442533455556477776776666
111123141223544223554233564437566677566777
112233111233412223444453674555677775666675
112233122233112433515444555674566674667777
111112333122344222334455644775667775666755
111122113422333422334455644557665577666777
123344123344125344125366125566127556777776
112223112323112333445556455666457776447776
122222133442133344135445165555166777666777
111222131244132245334445336555666577667777
122223111233411233444435647775666755667755
111112344512345552345622345662347666377777
122222113324133554133564155564777664777664
111111222222334556334566344566344556777777
111222122233143335146635446665477765477755
122222111123145553445553466673467773466773
112233111233441233455226445666455576777776
123333122233124444125554165554166677667777
112223122423144443114333555556777566777666
111222133222113345677345667345667445677455
112223142223144433145433155556756666777776
111222111322443332443535445555667777666677
111123142223142233445533446555666775667777
111223141223144223544433566663567767555777
112222113332133342155444665447665557667777
111122133422134422533444536667556677556777
111112345122345662345562345662345767347777
111112331222334442344452365555666577667777
122222112333114435164335664445666555777777
112222311122331445344445336755666755667777
112222122333144335144355146665746765777765
111112133442533442536422536472566677556777
112222111322441333444335466655767665777755
112222113223113333445555444657466657667777
111112134442333342355442665772665772665577
122222123333113443514466514466555667577777
112222111223415553444563475563477663777663
122223112433112433154436557446577766557766
112234112234122334156734556734556774566677
112333122223114233144455644775666775667755
111111233333224434222444556677566667555777
112222122333113343516644566644555674577777
111222331242311245333445677445677775666655
122333124533124535124555124446177766777666
123333123344122224156664156764155764557777
111222112233415253445553444533677777666667
122222133234113334115544665574665774665777
111111222233422333455536477556447756477666
122233124223144433144553155566177566777766
112333112223114253444253466555467775666777
111233141223144233444223555556577766777666
122222111323113333445556455666445776477776
122333122223111133444555444556777756776666
122233112223111333455556455776477776444666
122222134424133444113335166655767665777755
112222112332114355444355446335666775667777
123333122435112435612455612445667475667777
112333112344122334125554625554666774667777
122222112333411133455636456666455577447777
111233144223142223144433555556577766777666
123334122234112334152444155666557766577776
111222133332113432444452645557655777666677
122223112233144443145533146555666757667777
112233111233142235442635446665466555777777
111122131222334552344455334455666667677777
111223141223142233546663546663544777555777
122222111233113334566364556664577444557777
111123122223142533445553466653467657467777
111112333412553422533426577426577466577466
122333112234122334115544666554666554777777
122333112223111423556443566644567674557777
111222311122334442335546355446755766777766
111222112232133334534444555546777566777666
112222112234511334555534566334666744677777
111123411223422233444433556777556667556677
112222133422133455113445663445677755666777
111222314522314552314566344566334576777776
111222131244331224335564735564755664777766
111223112233412233444453467755667755666775
122222113332113344513644556674566674557777
111222311124333224533444555564566666777777
112333122344112334122544665554677755666777
112333112334112234556224556664577764577764
112222122333114435164335664455667455677777
112222113322143333144445646655666775777755
122222111112333344335644555664566674577777
112233112334112344522346577446577776555666
112222112233145533144553644553647777666677
111111222233223333455555446665446667477777
111122312224315524355644335644375666777776
111123122223142533446533466555466577467777
111112313322333222444555466665476765477775
112222112233144433155463775463775466775566
112222311142333142354444356666556677557777
112222314442311452314456337556737566777566
112222133322144335114435644755666755667777
111111233334223534266554267754267554667774
112223112223415663415663445563475563477777
111112331222333224553664556664556444777777
111223122223114433566443566643567747555777
122333122433122434111444555555677777666667
111112334122334222334566444556777566777556
123344122344123344125366125566177556777756
112222133324133324154444155666555766777776
111122344112334422533462553466555766777776
111222134442134452134552333655666675677777
122223111223114443555643575643775643777666
112223112333122433154444555564757766777666
111122331142334442334422555566577766577766
111122133322134422534444536677556677556677
112333122223111233456667455667445567445777
111112341422344422345626355666335556777777
122233122333112443156444156467556667557777
111122133132443332444422556666555566777777
123333122233122444115454615554666577667777
112333122223111423566473556477566447556477
111122314225314255344256344556337776777666
111222111322433352443555463575467777466667
111222113322133342553544655574677774666674
111112312222334452364555364445367775666777
122222112333111333444555466675466775467775
111223112233144223445533644555667775666777
111111233334253434255444225556277666777766
112222113324113324533664556664577674557774
111222133332143352144452445555666667677777
111222311222314445344455366665366775377775
122222123333111133455555456677446667446777
111222131422331425364445366455376665777775
112222111223143333546637544677554677554667
112222133332133442114444555555666667677777
111112333122435226435726435776445776455766
111123441223451223455523456563466663777777
122222123333111343156444556674566674557777
111222341225341125344445366655367665377777
111111233333223455266445264475267475667775
111122134442135442335422355666355776777766
112222122334111334563374566774566674555774
111111233344253344255344256677255677266677
111122133332133222456667455677445667445577
112223411233411253446253466753467755667775
111122333124553124533224566444566667577777
111222111232444432445333665553665757667777
111222131242133245633445634455666675777775
111112333312445332455222445556747666777766
111112333412344422344526355526557766777766
111222112232413333444453664555666755677777
111222111222344444343555333555666667677777
122334123334122234111444555677556677566677
112222112233411533445533466557466657467777
111222133242113342553346554446577666577776
111222131122433325443555463565466667477777
111222113232143332444435647755677775666655
111122122223144553444563774563775563776663
122333112334112344512244555546775666777766
122233144223154423156443156673156677556777
111233122233142533142556445566475766477776
111222131422133442333544655554666577667777
112223112423144423144553665573665773665777
112222113342115342665344665334665554777777
122233111223415233415553445566447766777766
112222311112344442333445366655776665777755
111222311122334442355446355646355666777777
111122311222333342553644566664555644777777
112333122343112243152444555646556666777777
122234125534125334125634155634177664777766
111122333112443332445562455662475566777776
111222112223144443443333566666555567577777
111223122223114433555436755436757446777666
111222311242351244354446355556377666377776
111112333312345222345552644455666477667777
112222122333145363145563147566447556477776
111111233344222344252344555366775566777766
122233112243115243155443655543666747667777
111222314422314562314566344566355567377777
122333122333122444114445166555666655777777
112333112333112224555244565447665477666777
111111222223243333544463545466555776777766
111112333412344442355642356662557662577777
111222113224513324553334556664756764777764
111111233333244435244455266665266755277777
111233142233142253144253446655777655777666
112333112334122344122544666554666755777775
122233111233142253144553664557664457667777
112223111123455523445523444533666777666777
111111233334223434222444556667556677556777
112222311122333145366445364475664775677755
112333112333142222144444555666755566777776
112344112334112334552344522666557766577776
122333112334112344152444552666556667577777
111111233333222234555244655744656747666777
111233122223112433555436554446577746777666
122222123334113334115544665547655747666777
111122333112343222543666544667554767554777
112233112333112234552444556644566677567777
122333112223144233144555144565777765776666
111122132222133334566634556664755544777774
112222311122314455334455364775364775666677
111222122233145553145533444536747766777666
112333122334112234512664556644577664557777
111222131442134452334452366557365577666777
112222111223144443556443556333566677567777
111122113332444322445332455566557766777766
111122312224315264355564356664357644377777
111111234455234555234445236666233676277777
123333122234122534116544166554665574677777
111111233333222345244445266455666675777775
111222133222143333145555645775644477666677
122223112233114333514444555664557766777766
122333142333142225146665146765144765777755
112223122243114443155433556463556666777777
122233122443125443115433155466755666777776
122233114223514243514443516673566677556777
111122131224332244536644533647556667557777
112333122233112234155544556644757664777766
111222112232144335444435666635677635777755
112222133422113444513446533666557676557777
111223141123544623546623544623555663777777
122222111233143333144555446577646577666577
111223411123444223455233455663755666777776
112223142253142553145553144433666667677777
111223111243522243544443555673566673667777
111122132222133444553334555564776664777766
111222131122334442334555344655666665777777
111111222333242333244455667445667775667755
111223122233112334566634577664557764557744
122233124233124433144455167775166775666755
111112333312435552436652466652477652447777
112223112333142533142555644475664775666777
112223122333124433114566744556747556777566
111112334412344442355562375562377562777666
111112333312332222455566457776455766444776
112222311112333332455666455776445766445777
111233111233422223445553455566466667477777
111222111322455332445333445566745766777766
111223412223411233456633455666455567477777
122222123344113334155344155546757766777666
122222112334133334154444156666557766557777
112233412333412223411566444566755556777776
112233122234123334114444555666556667577777
112233411235441235441235647235677775666675
111223142233144233144253645555666757667777
111222112233415233445633455666445576777776
111222314442314522314566374556375566377776
111222131244132245336445736645737665777655
111223122223114533444533464555666665777777
112222133224153344155334165554666674677777
122222111112344444345666335677335667555777
111123412223412233455553466653466757467777
112222122333133344156664155664557674577774
111122314422314442334552365577366577666577
112222113342153442153444553677563677566677
111112314422344425336425336625766655777775
112233111234152234652334655544667547667777
112222311112344552364555364457364777366677
112222112234513334513444553664577666577776
122222113332413355411365444665476665777775
111222311222331444333554665574665574667777
112222311242314445314455333655666657677777
111122132222134444333445366775667755667755
111111222233242435644435664735666735777755
122233122433124433154446157766157776555766
111222111233455233455236445736445766777766
112223122323144333114556444566755566777776
112223112233142333144455664455666775677775
111222311122333452344455367445667775666775
112233112333112345622445677445677745666755
112223122323111333444555446665747665777765
122222111112334444355554335664375766777766
122233112233111233444555445565477766777666
122333122443122453116453166455667475677775
111222122233114435444435666335677555667777
122222111233411533455536455736477766447766
111123441123422223455553465753467773666677
112222122334133344135544166554666557677777
112222112233113334556374566774566774556744
112333112233412223415555446655446666777777
122223112323415333415566415556477766447776
122334123344122344125364115566555666777777
111122333122433152435552445566744666777776
111122331122333422534466544466555776577776
122233112233114233144455666445676755677775
111122113222433352443355467775466775466675
111233121233122233456666455567455767444777
112223122333124443155643156644556777566777
111222122233113333455566455666445767447777
122222112333114333144445666645777655777655
122223112443112453144453666653767653777755
111123144123554223564423566423566673577777
111122131222333324563444566447556667557777
122222111123144433444533666553676655777775
111223441123451223456233456663455566777777
111233122234152234155534666534667544677777
111222131242133342553444563647566667557777
111222113222133444333445666645665555777777
111222133222133455134455634475664775666777
111112122222344455334655344665336665777777
111122112222334444355446335566355766777776
112334112334112234552234555544666677667777
112223112233112433544463544666555766577777
111222341122344125334465334665766655777775
122333122233112453611455674445677745666775
111222341122344152346555346755346777366677
111122313124333224536244566744556777556677
112222132332133345114445664745666775677755
112222111232415533455663456673456773446777
111222111332455532455532446337466777466677
112222311124355124335554635744636747666777
112222132445132455134456134556337766777766
111122311222344255334445336455666665777777
112233122223145333145566145556444666777777
111222113322144332544336554466556667577777
112222113223143333144444555677566677556677
122223112423154433154463154663556667577777
122233124233124443114453617555667755666777
111222111222333344355354665554677774666774
111222113244133254333254665554677754666777
111122134442133442333422556667566767555777
122222123344111334153344555647566667567777
122334122334125364125364155564156664777777
111222331112435552435552436666437776447776
111123141223442253462753467753467753666755
111112344412345442335522635527636577666777
122222112344133334153444156667556667557777
111233122233114223444443555666577676557776
111122134422134422534466533376577776555766
111123144123442223442553666553667553677777
122223122333143345144445167755167775666675
122222133332113435144465144665776665777755
112333122223111243444443555566575766777766
112333122223112433154446555446576666577777
112334152334152334152664152264556664777777
122222111332114433555443555643666647677777
111123142223142423544433555553666677667777
122222111323411333444553464755667755666777
111123122223124533664553644453667455677777
111222111322443332443556443566777556777566
122344122334125334125364115764555766777766
122333112223111233444444555666577776557766
122233111233412233415555445675466677466777
122223114223144453114453666553677553667777
111111222333245363245563245666445576477777
122333122223114433114445664755677775666755
111111233333223444222444555566575666777776
122222123333143555143555146677146677446677
111222113322133342553644566674567674557774
122222111233145553145533446573446777666677
111112132222333425363445664445666775777755
111122131442333342355442556472566677566777
112233122243125543155543154443677777666667
123333122334125644125644125664155566777777
111122334112344222344566347556377556777566
111122133124333524355524656524666674777774
111122311422344425346625346655366557377777
112223114233114223544433546666555676577777
111222122233114433544663547663547766555777
111123412123442223455663457763457763557766
111112133322444332455362457662457666557777
112334112334152344152346552746552766777766
122222111233114533664553644453666455777777
111122331422331422355444355674556677666777
111222133442134442133342555666555666777777
111112312222334442334544366555667575667777
112223112233142333144444556667556777556677
111222331224331124355564375564777564776664
111112314442333342535442555562666662777777
111222133222113344553444553466576666577777
122333112333112244512664555564757764777664
111112333312453322455226445566447566777776
111222111222334444335554355564376666777776
111112333312453222453266455556444776777766
111122113322433225433655444665477665777765
111111234444233354236354266657265557267777
112222133322113334516444566447556677556777
112222111223144443566443566733566737555777
111122132222133344335444655477665577666577
122223111223411333455366455666455677447777
111112331442534422533442563772566777556667
111111222223423333443556445556747566777766
111112133322334442354642557642557666577776
111222311242351442355444335566375766777766
123333122433122445112455167445667755666777
111112133222333442354442554666557666577777
112222132442133455133455134455667777666677
111222111232455532453336457376457776447666
111122341122344225364455366455366657377777
111122133222133442533446555746577746577666
122222112333114553614453644553664757667777
111111222233452633452633455667455667447777
112222133242134444135554136555636777666777
111123122223144233445533465555466677667777
112223112333112443552643555644757664777766
111111222233244435244435666735667735677755
112222133322134444134545135555666677667777
111111222222344455333445363745667755666777
111222133322133342155444665447665557667777
112222311244311254333354666654767654777755
111111222333244433224443555666577666557777
112222133322113344155344556774566674566777
122333112243512243511443556644566777566777
112223412233411233441553445566755666777776
111111233333222434522444566664556767557777
111222331244311244355244355556377666777766
111122311224355224335444355546377666777766
122222112344155364153364153664553664777777
111112344152345552344552346672366772366777
111122113342333342554442555462756666777776
122333112223142433144455146775666775667755
111111234445234445233335222665776665777765
111122314425314225344255346557336777666677
111112331442333342554442655552666662777777
122223112333112343156447556477566447556677
111122311442344442355562335562375666777776
112223412233412533411553446755646775666777
112223122423111433554463544763555766777766
111111223344223345263345266445666775777755
122223122433154436154336154466157766557777
122223111223441133455663455563477566477776
122222113342113445163445663345667755677775
112222134442133442113345663775677755666755
111112133322333222444455467755467775666675
123333123243122244155444156666155566777777
112222112323113333444445465555666757667777
111233144223144233144253666255676555677777
122222133332111334551444655474665577666777
111111233333232444222554655554666664777777
111122331122433325443625446665747665777755
111112331222344252345556344556347766777766
111122313122333422553444556644556777666777
122333122443122433154466154766157776555776
112222113244113244333344556677566677555677
123444123334122234111234556777556767556667
122223122333111443156643556644557664577777
122233112223144333114555444655777656777666
111222133322143332144555664455664757667777
122222111332413333415666445666445777555777
111123114223444223544523555533666667677777
111112331222433322435667455667455677445677
111222331224311254335554366554766664777774
112222311122331444355544356554366666777777
111112134442334442533222536677556667556777
122223112423115443155443655473656773666777
111222113332143322544366554667544667557777
111122113322443225433555443655746666777776
111222311242331542355544365574366774666777
122223124323144333144555146657166557667777
111112344142354442355552335622737666777766
122223122333111344155344665544665577667777
111222314442311442333452663555666755677777
111111222233244253664453764453766653777755
122223122443144443155633115663555766777776
112222133422134445133445163555666775667777
111222111322445332455633455673456677466777
111123411223422233445563477563477566775566
112222314452314552314455316456376666377777
111111233334255364225364225664755664777774
122233112243511243551443566443566667577777
122222111233145553144533664553664777664777
111112314442344422335526355626355666777777
111112133322334322544442554666577776557766
112333412223411123445623445666775556777756
122333122333112445112455664445766665777775
111222311244331244333244555556577766777666
111112331222333422534466544476557776557766
111222112232143335444335664775664755667775
111112122222333333444444566666555767557777
111122131422334442355542355647356677666777
122334122344112334112344566666567777555577
111122131452334452344452366652367557667777
112334122334152334152444152666555676777776
122233112333112234155554667754677754666744
112223412223411553441553645533646777666777
112233112334112334522444555546577666777766
112223112233114233544436554776554766577766
111112344122354222354446355556377766377766
111112133442553422533426573426577466577766
111111223455233455263445263745263747666777
122223122333111453144453644555666675677777
112222112323113333455566455566447776447776
112222111132443332444533646555666755677777
122222113332114333514444566774556777556667
112222113224133344133554555564777664777666
122223112233144433114453666455667555677777
122344122344122344113335617755677775666655
111122113422553422533444563477563677566677
111123114223554223544423556433576666777776
111222111233445223445633455663455666777777
112223111223441523455533456637456777466677
111222131122334442355466354466355566777777
111233122223114233444453466555666675777775
111222113222143335443355446655747665777766
122222111112333334556634566644567744557777
122234122234133334156664155644156677557777
111122133222133425334445664455666557677777
111122112222345555345666345676344476337777
112222111232145533445536455736447736777666
112222112324113334563634566664555774577774
111222113242133244335544635574665577666777
111222113222143333544436555466577466577776
112233122234123334155564156664556764777774
111112344412344552334522335562777566777666
122233122333112435144445146675666775677755
122233111233142253144453644555666665777777
111222134422134452133455633455667775666777
122222111132451333453366455566445766477777
111122311222344245334445633755666755667777
111111233334232354222554655574667774666774
111222112233412433444453666653667555777775
122333122234155234115534615544666674677777
112334112344122344122354677355677775666655
111111233333224434255444225556777656777666
111223141223441253444253665553666753677777
112222133322133344115444665554666655777777
111112133422334442534622534666555667577777
111122311222333424353444556477556677566677
122223122443111443156643556743556773566777
111222312244315246315546355446357666377777
122222113332113445613455663445667745677775
111122134422134442533342555366557776777666
111112313222333224356664556644556774577774
111222133422113425333445666445667755677775
112222111122333344555364575364576664777764
111223112223144423445433555563756666777776
111222111332443332546362546667544767555777
111222111342563342566342566344567374557777
111112313442333442553442555622757666777766
111122131322433352443552444655777665777666
123333122233112444112444555666577676557776
111233144253142253142553442563777566777666
111122311322333322445555445666475776477766
111122113222433255436655436655436677447777
112333112223412253416653446555446665777777
111222131242133244335664375564777564775566
111112333122343552344562744562747566777566
111112133442334452634452635552666572677777
112333122334122344112554666654677654777755
111233122233144223144553644555666675677777
122223112423114443155543556543666773667777
122333112223411253416653444655747665777765
111223441233411233444223555556757666777766
111222131242133342334444555566755766777766
111122331122334422354444355556777656777666
111222131224331524333554666544677554667777
111222111222334445634475634775633775666755
122223121233111435644435664435667755677775
112233112233112243554443655544656777666777
112222112342113344333444555555666777666777
111222311425314425344625346665336655777777
111222122233114433554443555643566677667777
111122112223442533455533445536477666777766
111233114223144223554263554463577666577776
122333122344152334152444156666156767557777
112222122344133344115334655554657777666677
111111223444233334223544266557665577665777
111223122243112443544463577763577763555666
111112333312453222453526455566477666447777
112222111322441333544633544677566677555677
111122112222344445336445366655367755367777
112233411223412233415563455766457766457776
111112341522344522344552334655736666777776
111222111322333324556344556444556666777777
122222111332113344533647566647566447555777
122222133342133544136544166547165557667777
122222111123143333443555466665447765777765
122333112233122443114444555666575666577777
111122133224135224335664355564756664777774
111112334122334552344552346552746666777776
112223122243114443144333566666555767557777
122233144223114233144553164555666657677777
112333112223411223444553645557646577666777
122233111243112243554443556463566667577777
111122341125346225346625344665374675377775
111112133332334442544422555562577666777766
122233124223114433511463554466577666557777
122223112323411333441566444566555576777776
111223142233142233144535446555776665777766
111111233333222345244445246665666775777755
122223142533142553144453114653777656777666
112223411123444123554423556673566673567777
111111234444234554236555236657236677236777
122223122333111343551644566644566774557777
111233142223142523144533664555664757667777
111222112232133334536664566674557774557744
112333122234122534167534167554667754667754
122223111123144423445333645577666577665577
111222111223444423445663555763577763577663
112222111132453332453366455566445766477777
122333122233112443154446155546556666777777
111222131422331424355444355556377666777766
111222111222344444334555365557367777366667
112222311112334442333444555555666666777777
111111223333222433256444556774556774566677
111122133124533324536224566664555644777777
111112134422334225344255346665366655777777
111112331222333322444455466557466557667777
111222131442331452334452364655666675777775
111222133224113244553444553666553666777777
123333124443122443122546117566777556775566
112222311242351144355544356647356677366777
111222311222314444335446355666357676557777
111112331322433322455552455666444776777766
111111222223244433544663546633556777556777
112222132332133344115664755664775564777564
111222132224133344135346555446575666777776
122222111233114443555433554436577666777766
122222134452134455133445133655177666777766
112222132452133455133445134465777665777666
111222341112344422344556333566755566777776
111112134222334425333425666445677555667777
111122112223455253445553446663477763777663
122334112334112334122544655547665577666777
123334123444123344122256155556157666777776
123444123454123554123355126375126777666677
111122133122334442354462354766557776557766
112333112233112223455555446577446777466667
112222111322143335446335466775467755466775
122223123333123444155546155446157766777766
122222133332113444153664156644555667577777
122223112233111333455555466665444667477777
111111223333222433526477556447556447566677
112222122333133344115554655544667747666777
111112133222433352444352644555667775666777
122334122234123334115644155664557766577776
111222111222333333444555465557466777466677
122222111123133333445666455566455776447777
111111233444233454223455223556777656777666
122333124433122435124445116655776665777765
112223112433122433154436555446577666577776
112222113224153334155334556444566666777777
111122312222314444355464356666356777355777
111122133322144322443356445556777566777566
122222121333111343555346554446757746777666
112222132444132454133455163755663775666777
111122133122333324555524567574667774666744
111111222333222343566344566647556447557777
111112334122334222334555664775664775664775
111112122222333333445555446775446675666777
122222123333111133444445466775666755677755
112222112332113333455555446577446777466667
112223112223113333444555466577466577466577
123333122223111423514446544666555676577777
111122133422134442335542355546756666777776
111111222333223343244444556666556677557777
112223122333124343114444566667556767555777
122222111112333333444555664445666655777777
122222123344113444133455136557666557667777
122333112223111233444445666645676755777755
111123114223544423544623566623566773557777
111111233333222234555244565444567777666677
111122311222344442335544633577666577665577
112222113322144333145553445566745766777766
111122133324153224553324655744665774666777
111222112233415233455533465567466667447777
112233122223111433544436577446577766555766
111122311224355224355564333564777664777664
112222112324153364153364555364775664777764
111112314442344522354522355566366667377777
111112333122433322445526455666457766457777
122222111332144335143355446557646577666777
111122133222133342553446554446755766777766
122222133324113334155664155564757764777664
123333122343122444112546155546777566777566
112222311224311444333554635554666577667777
112223142533142533142553144556747666777766
122333142333142225144445116655766665777775
112222113224113444553334553664557666777776
111233141223144233445223455556777656777666
122222111112333334555434556444656777666777
112222311112333452634455634445666675777775
123333122344152344152244156666156677557777
111233411233441233442225647775667775666555
112222113322113444553334566644566777556777
111112331222334422344455346665777655777665
111233112234512334522364566664567744557777
111111233333223444222564755564755664777766
122223142523144553144553146753166773666777
112333122223111233444566447556747556777566
112223122233114443144433555666555676777776
112222122344133345136345166445667775677755
111122333112344442354622354666555766577777
123333124435122435112445612455666665777777
111122112222344555344445333355666777666777
122222111323144333144453666455677555667777
111222111322444323544333546666577766555777
122223111223144433144453665553655777666777
112223122233111443544433546677556677556677
111111222333224443524433554666556667577777
122223122433114443144533166557665557667777
122233111233142253145553445566477766477766
