111112314222344442333452366555665577667777
111122311224355224354444356667356677356777
122222121333111333445555465775466777446667
122223121423111443555433554463577766777666
111122113322433352434552444566777556777666
112333112333112222455677455667445677445667
122233111223114233544637554677544677556667
111223112223414423444553666753666753777755
111222131422331442533444536667556777556677
122333122333122444155544156547166577666777
123333122233114225114445666445677755667775
112222112234155534153334657734657774666674
122223124423155433115443165543665777666777
122222111132145333445336445556745666777776
112222113442133342133445666545667555677777
111122131222334552334456374456774556777666
111223122223143333145555444565747666777766
112222314422314444311555333555666677667777
111123441123455523455223465623466663777777
111111222223444423455333455366755766777766
111222122233114333444453467755667755666775
111112333412354442355422356427556677666777
122222111234133334135644755664775564777566
112223112233411233444453664755667755667775
111111222333242333442566445556747556777766
122233111233112234555634556664577664777744
111111222222334444354664355566357566377777
122222112344113344515334555364566666777777
112223122233111443554443566743556777566677
111123412223412233455663455563457666477777
122222111112344445366445366655336775377775
112344112334112334552344522666557676577776
112222113322113333455566444566445566777777
111222311124355224354444356666356677357777
112222111332144432554333544667566677556777
112223411123451523455523456663466773467777
111222112232415536455336455336444666777777
112223112223114433444335466655766655777775
112223122233114553144533445556477666777766
111223441123445123455523455623776663777766
122333112334152234152444155564757766777666
112222112233114433444536455536777566777566
122222113332111435644435646435666775777755
111112132222334452334555344456777656777666
111111222344223334233444555666577666557777
122222113442133445133455136455666665777777
112333122333112244516244566644555667577777
112222132425134455134556134566334776777766
111222133242113244553444553366557766777766
122233122334123344111445666745677775667555
122222111112344444333455633755667775666775
111222111223455323455333445666445776777766
112333112443112433222445666545666555777777
111222113222143335443365446665477665777755
112344112334122344123345627775666755667755
111222131332133342444442556666557766557777
111233412233412233412555446655747665777766
111111222233425263455663445663475563477777
112333122433122434112444555666555676777776
111111233344233344222544626555666675777775
122222111132441333444435666635667755777755
111222133322113324566344556674556674577774
111233112233412223455553455677466677446677
112222133242113345163345666445676745777755
122222111332413335416635446655447665777775
111112333312334222544627544677554677556667
111222113442133342334442555555677777666667
112222113332133342144444555666555676777776
111112333212333222445556445666445566777777
111112132222333332444566445556455666777777
122223144423155423154433155536176666777776
111222112233142333444355446655666557677777
112222133232113334516444566447556777556677
112333122233111234555244554446577666777766
111112132222333324355664556644556674777774
112333112443152443152443552266755766777766
111122112223455233445533455636447666777776
111222131342133342553442555446775666777766
122233122233114443514443516666556677557777
112223122423111433566433566477556447556777
122223124253144553145533144536177776776666
122222111123144333444553455563757766777666
111122133322134342534442555466577766577766
112223112333122435144435644555667757666777
111222111232333332444445667745666755677755
111112312222334255334555344566744666777776
111111222223444523645553645773645733666777
111112133222333422355446557446557746777666
122222111324511344553334556734656774666777
112222133324135324115364555664566674777774
111111223333422353426655427665477765447765
111222311242331442533446537746555766577766
111111233344233345222445267745666755667775
111122113322333224563644566664557744557777
112333112223112243555543554446774666777766
112223111423154423554423655433665777666777
111223144423114423554223655573666573667777
111223141123542223546663544673546673557777
111222111233444223554443555633566677667777
111223111223444223454433555536777566777666
122233121223111333455566455566444667477777
122233122433124443154453155556177666777766
122223111223144533144563744563755566777766
111122133122433332455552466557466667447777
112233112333142223144556744566774556777566
111111222233224443544633545663555666777777
112222111122333444353644356664557766557777
112222122344133344153664153764555766577776
111223122243124443144333556666577776555776
111222131452133452334452364755664775666777
111233411233412223445523644577665557666777
111222113322133442533446555446577666577776
122223124423144443155663155633155666777777
112223122443112443156643555643556663777777
112222133342133342115444665547655577666777
122222111332441133544433545677555677666677
122223112233411133445553446555466677667777
112333112234152234155234665544667574667777
111111223333222243555443655544666664777777
111123441223441233542233546777556677556667
123333122234152434152444155556177776776666
111233411253441253444253666253676255677777
122233112223111333444445455555666667677777
111112313222333322445555446775466775466677
112222113244133244153364553764557766577766
111223122233114233444535664555664775667777
111111222223445233455533456563476666477777
122334123344123344125664125566155576777776
112333112234122534125534655544666674677777
111111223333222433552444556664577764577766
111111233333222344225544665554667574667777
112222111122333444533364577764557764557666
111223415223415233415233445566475766777766
111122131222333425633445666455674455677777
111222112223145533445553446573466673667777
122222133332114355614355614455664477667777
111112344412355442335462355662357762777766
112222112333142553145533444556747766777666
122222133332134444134455116655666655777777
112333122233144235144255146775646755666777
111223112223144423546673546673546673555777
111123144123542223542633544663556667577777
122222112333415333415566415776455776447766
122222113332413533416555416655444666777777
111222314225314425314665334665374665777775
122223111123144523444553455533666667677777
111112312222344425364455366455366775367777
122233112233142335144665146665446555777777
111223111223444223454333554666555676777776
112222314442311442315455335556377776776666
111112133422553422553442553344666666777777
111222111222344555344565334566334776777766
111112134222334252334455634557664757666777
122222111324133344133554665544655777666777
111112331422334452634452637452667755667775
122223111123445123455533445663745666777776
111222133332134432154442555466577666577776
112222113442113342555344556347566377666777
111123441123442223442333556666557676557777
111111234444233344222335662775677755666755
111111222222334555334555344466377466777766
122223112233111433556443566744566774556777
112222111232143333544443554677566677556677
111111223345223445623445623745663755667777
122223124243114443516643516633566777555777
111112133322333422444452645555666577667777
111122334112334452633452667452677455667775
112223111233412233444453466755667775667755
112222133322144333114444556777566677555667
111122313122333224356664555564757664777744
123333122233111224551664556664557644777774
111122113224533224553444533664566677567777
112223114523144523145523445533677777666667
111112134422334452334452366752666755677775
112222133422134444133455163555666665777777
111223111233444223544423566663555667577777
111112331442533422533462554462577666577776
111233412233412235416235466665467755477775
122233111233411223445553466655467675467777
122222133332144335114555144566774566777766
111111233333243555244565246665247667247777
111111223333223434522444566664556777556777
122233122234111134555334565774566674667774
111111222344223334523344555564775666777766
111111222233442233544433566477556677556677
111112333312334222444525644555677775666677
122223112333412533415555416567466667447777
112222133224133444133445167555667755666777
111222113322133425334445666445667755677775
122233112333122344155544166554666654777777
111123112223444223445333465777665577666557
122223122433154443156433156477156777556667
122222133332145633145666145556144456777777
111122311224333244533244566774566677555677
111112314222354242354446355666357667357777
112223112233114235444635744635766665777755
111111233445233455223445223645666665777777
111222111332333342544442554666557676577776
122222111112334444333544635555666657677777
111233112234122334562734566774566674555774
111222131122333332455666445556445776477776
111222111222333333455566445666455767447777
111112133222333422354466554466577466557777
112222112333412533416553466577466557446777
112233111233144233554226544466557666577777
111222113224133244553334567774566674556677
111111222233223333444445646555666575677777
112223112223113333455566445667455667447777
112223114233114223444553664553666557677777
111111222333422233444435645555666675677777
111222314422314442315546355566335766777776
122222113424113444133455663355666755677777
112233112243122443155463755463755466777766
122223122433114433155436154466755566777776
122233144233142233144555114655666675677777
122222121333111344553344556674566674567777
111122113322443332444432556666566777555777
112222112233113333445556455766457776447766
111111222223455523445533466537446737666777
111222122233114335644435644735666775677755
111223122223114333444435466665665555777777
111222311122344552334455336445666665777777
111222131422134442533346555346775566777766
111222112223143333444355466775467775666755
111112134442334422334522635557665577666777
112223112443512243516443556433566677567777
111222134222134444135546333556775566777766
122222121333111435664435667435677445677755
122333112223142553145553145677446667466777
111111223445223445223445633555636777666777
112222122333111333455666455676445776445777
111122132222133455334445366645766645777775
112222111232144333443355446655777655777666
111223122233144235144435667435667755667775
111122344112344222345555345665366677367777
112333122344112334152444552666557666577777
111112133342333442544462556662556672577777
111112341422344442355522355666335766777776
122222134442135544135554135666133766777776
111122133332145332445522444555666666777777
112233112223112433566443556477556447566777
111222331222331144356444356774556677556677
111112333312444332554442556772566772566677
122222111123441333455363475566477556477766
111111222233244233554433554466557666777776
112222314242314444311555366655367757366777
122233111223141233544673544677546667555677
111122112223444233455533446537666557667777
122333112223415523411553446655744666777776
111222111223445523444553664753667753667773
111111233333223444224454266555666557677777
122233111223411233445663455677456677455677
111122341122344425333425366475667775667755
122222133324113334511644555664566674577777
112233122333142253145556145756447766477766
111222111222344444333334555556566666777777
112222111122333344335564555664757664777764
111111222223444233444563555563757763777666
111222132242134445133465733465776665777655
122223114223144443114333555555666777666777
111112334412334442334552555522666777666777
122233111233411223445553455666445676777776
112223122423144443114563755563775563777666
111112314222334422356447356477356667555677
122223144223144433111453555553666777666777
122222133442113444113334556666556677557777
111222312244312554315564375564377664377766
111123441123546223546223546733546777556677
111233112223144223544663544663555566777777
111222133244132245133445663745677775666755
111111233333222453224455664755664757664777
111112314222334422344455335556777656777666
111122331122433225433655466665444675777775
111222133322133342156644556447566647557777
122233124223114443511443566663557766557777
111122333112343322544426547466577766555776
111122311422344452364452366555376665377777
111111233334235344255444255666225666777777
111122341125344225364725364775364775366675
111111233334223354622254677554667554667774
111222131142333342553442655544665777666777
111111233333222453224455666455664475677777
111111222333425553422553446653744666777776
122233111223411233456663455567455667447777
112222113244513264513764553764533764577766
111122311222344425346445366775367755366775
111111222333224435264435664435666755777775
111111234444233454233655236665226675777775
111222311222314444344555336665366765777775
122222113244133444153334156666755556777776
112223112423511423555443556433666477667777
111123114223444223544233555563577766777666
111233412223415223415553465563466667477777
122222123444133455113455133465666665777777
111222113224133244534446533666555766577777
111123142223144223445333455667556677566777
111222131122333425364445364745667755667775
111222133322134325134465444665777655777665
112223112223411333444435645555666775667777
111112133332433222445627445677455677556667
111111223333222334254444555664575666777776
111111222333222333444445646655666775777755
112223411233411233455263455566445666777777
111222111232445332455536447536477536777666
111112331422533442534422534666557776577766
111111223455223455233456237456737466777466
111112334412334442533422556772566677556677
112222133322111333445555644445666665777777
112222113324153324155334655444657777666677
111112333122453362455362445662445566777777
122223111223143333144455446665766655777775
112222112234113334555334565744567774666677
112223412233412533415536417556447756777666
111111233333234455222456244456777556777666
112223112333112433552444566477566477556677
111222133332144432144432555566557776777666
111112333122435552436552436652444666777777
112222111223441333544436574736577776555666
111222111322333342344444555666575776577766
123333123344124444122555162655166665777777
111222134422133425163445663745663755677775
111122134442133442335422365777665577666557
111122314442314422334526335556755666777776
122333122233112435144445166645777655777665
111122132224132554633354677354667754667754
111122133122333422535466555446577446777766
112222113324513324513344566664556674577777
122223123333124435114455166445666755677777
111111223333222334255444555564666664777777
112333112333122455122465444465777665777665
122333122223144443154543155556176666777776
111222113222133333445566445566445566777777
111112344412333422553426553426577666577776
111122133222134424333444555666575676577776
111112122222333455633455634455644777666777
122233112234155234156634155634756664777774
111112133332334442556442566642577662557777
111233111243555243665243665243665244777777
122222112344511334551634555634777634777666
123333122343124444122455166665176655777775
111111222233244333254436555446577666577776
122233111223441123544443556663555766777776
111112314522334552344562344562377566777766
122223122433111443514443556663555666777777
111222113322143325644335644555647757666777
122333122223114433516447516477556477556667
111222311422314442333544663555666755677777
112222311122333144355564377564775564776664
111222131224331244355544356547366577666777
112222113242113544633554663354677554667777
111112133332444432554432556622755666777776
122334122344122334155364157664157666557777
122223122453144453145553145633176666777776
122223112433112433154443555546577666777766
111111222344223334523634557644577666557776
122233124243124443155543166553166577667777
112233112333122443125544555544666677667777
111222111232444332544433556637566677556777
111122312222313444333444566677556677555677
122233122233145663145663145567145567447777
111222131122334442354466354666355776557777
112333112223144423144523646555666575677777
111222111233444233554236544636557666577777
111223144223144233144253667753667755667755
122223124423114443511433556637566777556677
123333122234115234615244615574665774665777
122223114223144443145553166553666573677777
112222112332144335144335644555666775667777
122223144423144423111533555563775666777766
111222312244311244335446355556377756777666
122233111233142235144435664555664775667777
111222112233415233445533466557466657467777
111111222333442335442235446755666775667775
111122131222333342555344564447566777566677
111222113222413555443565433665443666777777
111122334122354122354444355666355776777766
122223123333124355114445616745666745677775
111111233333222234255664556664577764577744
112333122223142553144563145566445666777777
112223114223114233554443555543666677667777
122223112423111443554463577463557663577766
122223114223114433154637554637554677566677
112223112323112333445555644457666457667777
112233112233411223444453667455667555667777
111112314422344222334555334655777656777666
111122122223133333455556444456477756777666
122344123334122334152644157666157766555777
111111233333223444225664525764555764777766
111222311122333442334455644555666657677777
122223122433115443155433154466755766777766
112333112233142223144556774556774566774566
111122333112334422344452664755677775666755
122222112333411153455553444563466666777777
122223124233144335164435164555166577667777
111112334212534222534446533746577776557666
111222112233412335444435664735666755677775
112222113232413335413555466655446777466777
111122313122333342554442564477566677556677
112222112323113333444455667445667755667775
111122314122334452633452634455667557667777
111222122233144443154463556663555663777777
111122132222134445333345666445677775667755
111112133322334452364552664452667455677777
111222133322133342144445664555666575677777
111122133122334452366452364455664557677777
111222112233412335443355466665447765777765
111222134422134442135466735556733556777766
111112133332433552465552466652444662777777
112222132244134445136645136655336655777777
111111223334523334526444526647526667557777
112223142223144533144536174536775556777666
122223124443124333144553115556777656777666
111111222233224333444355446665666755777775
111111233333224443222444566666577776555577
111222311222331445334455344655666675677777
111111222333223343255544555664766664777774
112333122334112234155244555446757766777666
123333123344122244112554165554665777666777
111122112223444233544433566673556777556677
111233121234122234556334566644577664557777
112222113324113324556334566444556777566777
112333412333412255411225446555466677667777
122222111332413333415566445556477566477776
122233142553142533142536144566147566777776
112222112334112334553364566664556774577774
112222122333114355614335644445666755677777
111233111233222233444455466555466775667777
111223122233142443144433556677566677555677
122222111123144433444563755563757563777666
112223112233114253444553466553466577667777
112222111223144453674453674753677753666553
111223111233455263455263455263444666777777
112222311142315442355544356664357666377777
111122133122433322443555446775466775666775
111222131122433352443356477556475566477766
112222111232133334534444556477556667566777
111222113442133422335446355546755766777766
111122314222314442334455366775366775667755
111112331442344442333222556677566677555677
111122311322333324555624556644566644777777
122222133442113444153334156666555667577777
122233114223114523144563744563775566777566
122223111423114423554443655553666673677777
111122131222433332453667456667455677445577
111111222233442233444335467755666755667775
122222123334113444113354666554655577667777
111122133224133224335554665544666547677777
122233112223411133444535645555646777666777
111222331222311444355564357564377564777666
122223111123444123445533465553666577667777
111112134442334522634522634557635577666777
122233122333112344155444155466755766777766
122333112223142453144453166455666775677775
112222132442134445133345136665776665777755
112222311242311445334445633775667755666775
111112133222443522433555443655477666777766
111222311224331424335444355566557666777776
122222111233113333455555456666477776444776
111222131244135244335244355666355676777776
122222111123445163455663456663455733477777
122223111233114233444553644655666675777775
112222113322114335444335464775666775667755
111112313422333442344452666552677555667777
111122312224315254355554336664366674777774
122223111243514243514443556663576663577777
111122113324333524365524665524666544777777
122233144233114223154443156777556777556666
111111233333244443245546227566727556777566
122223121323111333455666445566455767447777
111122112222334555364557364457366477366477
122334123334123444122545115555666677667777
112333112333112224552444566744556777566677
111222133222113333445555445657466667467777
112344122344112334122334555555666777666777
111122334112334422355426354466555776777766
111222134255134225134445633745636775666777
112222113322413555413655433656447666477777
111123144423154423554223555233666666777777
122333112443122433152444155566777556777666
112223111233412253444453664753667755667775
122333122343122344114445167555667775666775
111112314422344422334552336555666775667777
112222111122334455344655347665347765377766
123333123345124445122445162775166775666775
111223141223441223544433556663555666777777
111222113332133432544442546677566667555777
112333112333412256412256477556477556447766
111111233333234444254466255556257666277777
111234152234152234152334556634757664777766
112223122233114333154677554677554667544667
112233112333122234155544657774655774666674
111112333412334442355642556642566672577777
111122113332433532455552446752446777666677
122223112233144333114555664557644577666777
111122131224332244333445666745667775677555
111222132224134444134556733556735566777766
112233412233412233415666415766445767555777
111112122222333333444455644755666755667777
111222311422341425344465336665377665777755
122222113324113344133554655574666574667777
112223412223411333441563447566777566775556
111222112232413333455366445566455667477777
111111233344233444223564255566255766777776
111112122222333445633345666645677445777755
123333122343112245612445614455666775677775
112222111332133332455566457776455766444776
122333122343112344112546775546775546775666
111222131222134444335544335555666667677777
111222133322113342553446577466577446557766
111111233333224553244566244556247566777776
111223112233144233444253664555667775667775
112223412253412553411533444553677777666667
112222314422311445331445637775636775666755
111112333312443322544226554466557766577776
111222331112345552344452344655366666777777
111222111222333334555534556664776664777744
112333112345112345622345672745677745666745
122222111132144333444433555556757666777766
111122113222433552433355444465777665777666
111122112222333334354444555674556677666777
122223121323111333444555446555466666777777
111222112232414433444553666753676753677755
111122133124553224533244553644577666777766
111122113332443332455662455562445766777776
122223124433124443115463155563757566777766
111222331124531224533364566664577764557774
112233122223144443145543155673556677666777
123333122243112243511444556774566777556667
111222133422134425134455633475666675677775
122233122334112334155554165754667774666774
122222111324113344555364573364577764577666
112222122333114353144453644555677775666677
122334112334112344122354666554766655777775
122234111234112234555334565374566774666777
111222312224315444315644335666735556777776
112222311112333342535444555564666664777777
112222312442311144333546355546757566777766
111112344122344422334552633555667757666777
111222311122344442335445335555666777666777
111222331242331142355544365574666574667777
112233112233412253416653446655744665777775
111112314422344442333352666652776655777755
112223145523145223145333145566446666777777
111222112223415553455563444663477763777663
111122133322143332544442554666577766557776
112222132324133344115364555564577664777766
122223112243111443566643567643567743555777
111112132222334442533444553666555676777776
111222111232455233455333456666456776447777
111223441123444123455523657523657773666677
111111222222333444533444536666557676557777
111222331112333442355442665544655777666777
112222112333142533145553445566477666477776
111111233334255534225534226574666774667774
111111233444235444235555233657266677266777
111233114223514423564423564623566677557777
122222111132144433445336455636557666577777
112222122333111433444443555666577676557776
122222111112333333444555664455667457667777
122222133244133544163554163574165577666777
111122312224315524333554365574666674677774
112223112223113333444555466565446665777777
111122113222333244533444566774556677556677
122223114223144433115443665553667755667777
112333122233122435164445166445667775677755
123334122234152634152634155644155666777777
112222311224311444355464356666355576377777
122223122333113344114445677475667775666555
111222331112433322443566444566755556777776
112233112233122334155554655774666774667744
111122131422334422333444555556566666777777
112233122433152443152443155466775566777766
122233111223411253444553464653666655777777
111112334152334452334552644552666662777777
111111233333224435244655244655277665777766
122223122333111133445555455666447776477766
122222112334113344155334665744665777665577
111222131222133344335444555466557766777766
122333122443124453124553114555666777666777
112222111322414333444453666553676755677775
111111222333224333244456774456775556775666
111111222333452223455563456663457766447777
112222113242133544133544635547655777666677
111222133322143352143555445566744766777766
111111223444233344222354666355665557677777
111122131222334425334455366455666475677777
112222112234155334153364553664757764777664
122222133324111334551364577764577764556664
111112312222333244534446534766577766555776
111112122222334444334555634775636755666777
111223412233412233415553455666457676477776
111122333112333442554442556642576666577777
122233122443124443114533155566556666777777
122222112344133334115344555564777566777666
111222111322333324355444665477665477665577
111122333122334125344425666445676555677777
123333124335124445122455162455167777666677
111111233333222234566244556664555764777774
111112122222334445367455367445367775366675
111122311222344442354546355566335776777766
111123112223422533444533664555664757667777
112222112333112343444443556666555766577777
112222111322414333444433555666557776577766
111122133222133425634445634455666775677775
111223144223114223554633544663557766577776
111112134422334522344525334555667777666677
122223114223114443515443555633566666777777
111222131222331444355544336554666577667777
112333122223111423554463544667546667557777
112222133324113324155344555564777764776666
111122113322333322445556445556744766777766
111233121243122243555543566543666447677777
111122331224331524633524655544665747667777
111112313222333322444555644557646757666777
111223142233142233145536444556777556777666
111112333412533422536422556447556747666777
111222113242133244333444555566557776777666
111222111222333444553346555346577746777666
111222133322133324156664556644556744577777
111223112233144223546663544663554677557777
122333112443112433122444556666555776577776
112222111123455523456533456663446673477777
111122311222333245366445364455664775677775
111222133322134452133455666445676455677777
112222111332441332455533445556747666777766
112222111232415333445533444566777556777666
111122331122433332445552644555646777666777
112233112223142333145555446655476666477777
111222331112345622345666345566345577447777
112222122333144353164453166455666475777775
111122341125344425346425336625366655777777
111233122223114233444435465555667757666777
111122134142334442335452635552666757667777
122223111223441533641553647753644755666777
122222111233441135463335466655477665477775
111122131324333324556224566644555664777777
111112331422333442534462555462775566777766
122223111223143333144456745556747566777566
122222111332114356444356743356747556777566
112333122223124443114553644577665557666777
111112133422533422533442555544677777666667
112222113322143335143665446655744665777775
122334123334122344112544165555665777666777
111122312222313444333554655544665777666777
111122311442344442333522367555667775666775
111122112222333344334444555666575766577776
122223122333144435144535114555666667677777
111222113322143552443556443356477756777666
112222112233411533455563445563744666777776
123344123444123455123355122665177765777666
112333112323142223144455666445776665777755
111122344125334125334625374625774665777665
111112331222432255433665436665446775477775
111223141523144523444523655523666663777777
111112312222344442345666345576355576377776
111122122223133333444455446665666755777775
122222123333114353144456145556747756777666
122223111223411433444433566777556667555677
122222113332113433154446554746557766577766
111112313222333224536644555664557764777764
112222133324133324115554665544666547677777
111233144223144223154233554666557666577777
111222331122333124356664555564775664777744
111222314222314555314456344756337756777666
111222132242135544133544635547635777666677
111122133222143352443555643755644777666677
111123112223422533455533456577446677466677
111233144223114223554233544667566667557777
111222111232444233443335467775667755666755
111123144223144233544233555266566667577777
122333122343125346125446175546177546777566
112223412523415523416533416553476666477777
111111223344253344253364257764257666557776
111233122233112243564443566644556777556777
111222131422331425336445376645777645776655
112222122334111334566334566664555744577777
112233112433112443522443555466755766777766
111111222344222345663345677345667345677755
112222133224113334156364556664577644557777
111112331222345552344552364457364777666677
112223111233142233544443546777556677556667
111122133222133342536644566664557774557774
111222113442513342533642563647566647557777
122233112233111233455556455776477776444666
111122133324135524633524667524677554667774
111223122233112453444453664553667755667777
111222131224135524335554365744367774666677
122223112233114443144543555553666777666777
122223124233114433144453166655777655777665
112222311122334145334445367455667755666777
112234112334122334125344655774655577666677
112222112233411533446537446537466577665577
111222112232133334556344566774566674557774
111122341142344442335662355762357766557776
112222312452311455361445366455366477367777
111222133222113344555334566664566744577777
111122313122333422355446775446775466775566
112233122234125334115344555544677777666667
111112313222333224536664577644557664557774
111122113222333442553344556647566647567777
111122113322333224535664555644775664777764
122233122333112344156664157764557664557774
111112314442354222354266354666355767357777
111111223333422233425666455676455776445777
112222111132433332435556455566477766447776
111222111324553324566324566334567744567777
112223144223144423154663157663557663557777
111123441123445223445233555236757766777666
122233111223141233445553466577446557666777
111233122234123334125554666554667544677777
122233112223144433114435666455677555667777
111233144233142223145253445556777566777666
112333112334122534126554626554666544777777
111222131124333524335524655774665774666774
111122113222333442353444555466577776577666
112223142233142553144553164453666757667777
111122133222134452633455634445667775667775
111123112223422533444533446555666757667777
112333112234115234555234655244666674677777
122223112423511443516643566443566773557777
111233411223441223455233445666775556777766
122223111123441523445553455633466666777777
111223122223143333145556445556476666477777
112222111322133333445666455667445677455777
111222112232133333445566455776455776447766
122333112233111223444444555555677777666667
111122331122333224553444556447556677666777
111222131122333324536444566474556677556777
122223111223144443155543655743657773666677
111122113332444322445332545666555776777766
122333112333112224516664566644557774557774
111111222344223345623745633745667745667755
112222113332411332445536445556475666777776
112222311452331452331455634445666675677777
112223122443125433155443165543666577667777
112222111233144233544433554667566667557777
111122112222344444333455366755366755667777
111122112223444523444553665553666633777777
122222132444133344133564177566175566777556
112333122223111423556443556644566647577777
122222133244133445133645166645167655777775
122222111233411335444355446357666557667777
111222111222333344355346554446556666777777
112222111122333344335444555546566666777777
123333123234122254155554156444176666777776
111111222233224433554463554463576666577777
111222113442133342555342655344656777666777
111112132222433552433555436665446777466777
122222111323114333554436577466577446557766
111111233444233354266354266654226755777775
111222113332144352443352645557646577666777
112222134242134445133455133665777655777666
112223112233112334555344556664566764777774
111123411223422253446553466553467573667777
111122113322333422563444566664567774555777
112233112433122433152444555646577666577776
122222113244113444513334555636576666577777
112222311124333124553444553674566677566777
111122133222134425333445667455667475667775
122233144233142235144535164555166666777777
111112133222433522433555446575446777666677
111122112222344445346545336555366777366777
111122333112443322443552645577645577666677
111222113332133342556642566644556774577774
111222113222413556443556433566473566477777
122222112333114433144443566666555556777777
112223111233142233445553445566745666777776
111111233333224443225546255546757746777666
122222123333111133455566445566447566477777
112222133322133444134455164555666665777777
111122311442333422344425366655666555777777
112233112333112243552644566644567647557777
122333122344112334152544155546756666777776
111111223333224433225466555466554466777777
111122113322443225433355444675666675677775
111122113222443332444433555566576666577777
112223142223144433144533165555665777666777
111222113232413332444355467775466755666775
122333122334112534112544555564777764776666
111222131242331442355544355564376666777776
111122133222134442533344555664566677567777
111122134222134255334445366465376665777775
122222123334153334155444155646156666777777
123333122234112234155544155446757766777666
112223112223113333455566444556447566777776
111111222333425633425663425666445557477777
112223112423112433544433546777566667555677
111122133332133442555442665472655477666777
111122133124332224533444566647566677555777
111111234445233445263455263355266777266777
111222111234552234566634563334566744577777
111222111222333344566344566347556747556777
111111233334222534622534655574657774666774
111223114233144223444233556666556777556777
111222131244132244333445663555677775666775
111222111332444432544632555633556666777777
111222112232144533445533455663456666777777
111111233345234345234445222555666667677777
122333112233114223144555444665776665777765
112222111342153342553344555364777764776666
122222111132455133445333445666475566777776
111111223444233454233455223665777665777665
112222133442133542133544165554665777666777
111233111223452223455533456577466667446777
112233411223411223445533445555666667677777
122222123333144433111444555566556666777777
112333122223144233114444556667566767555777
112223112233411233444453465557665577666777
111111222333222344566334566744566747555777
111222132242134445133345663745677775666755
111112132222333342555344566664577664577774
112223111223144423554463554663755763777766
122233124433124443125543165555166677667777
111222312242311445334445336655777665777665
112234122234123334155364155564775664777766
122223114233144233114453664755677755666775
112233122333122344115544555564666664777777
122233122333142435144455116457666557667777
111111222223425333445633455666475566477777
112222311142355142355544356664376664377777
122233122443124433144536155556156666777777
111111222223244333564437564437566677555677
122333122343112344112544655554656777666777
111112333142533342554442655422656777666777
111111222223444233455633456663455566777777
111111222222333445333445677445677775666655
111111233333222223444555466655466657477777
111112344412334442355662356672356772556777
123333122234152234156444156664156777556777
111123112223422533444553644553666757667777
111111234444234554235555236677236667236777
122222111112333333455555444566477666477776
111122131222333332444556744556774566777566
111222111223455233455536457336477776447666
122233111233142233144566744566774556777556
122222133452133455134445136455176666777776
111122314122334422333455664455766665777775
112222112234511634566634556334556734777774
112222111322441333444533466557665577665777
122222113332111333455556445666445766477777
111222133244113244533264553664755566777776
112222113232413333415566455776455766447776
111234111234522234552334655534666664777777
111222311122333324354444556674566777556677
111222131122433552436555436757436777446667
112222111232144433444335667735667755667755
122222132445134445133345116355666775667777
111222113322144332444355466355766665777775
112222311224311444334455355556377666777766
112222112333142335144355644755646775666777
112233122233124433114444555666555766777776
111233122223112433444435664775667775667555
112222112344112344553346755346755366777766
122233111233144223144443555567566667567777
111111222333422335462355467775466775446675
111222331224351124355554336754666774667774
122222112333144353114553444555666777666777
111223122223144333145535444555677777666667
112222122344111334555344566334556666777777
111112331222333224536644566664557744557777
111122331442331452344452366652766655777775
111123141223445523465223465553466663777777
112222133322133444113554655574665774666777
122222123333114435166435164445667755677775
111222131425134425334425334655666665777777
112223415523411523441523644553667773666777
111223122233124333144445664775666755677755
122223122433144443145563155663175566777776
111112132222433255443555463577463677466677
111122314425314425344225336675366775667775
122223122333111334156644556664557674577774
111222113222133334556734566774566744556774
122222113332113444133445677455667775666755
123444123344123554123356127556127566777766
112222112332144355143335644775646775666775
111222331112433332455562455567466667447777
111122131222333324555344556444566666777777
111112333122443322543662544677546677555677
111112333122443325644325644725677755666775
111111223444223444253336253766557766557776
112333112223142553142553445566446666777777
112222133322143335146555146665447665477777
111122131222333442533444566774556777556667
111111233334225334225554267754667754666774
122234122334123354113554166554667754667777
111112314222344422335446335556777566777566
111111222222344444354666356676355777335577
122222112333144536144536174536774566777556
122222113233113334144444556667556677556777
122222133332113434114444555667566677556777
111222133242113342553344655547666547667777
111222133224113244533664536664555564777777
122222123333111343155546554446754666777776
111112334122334442355462375462775566777566
122333112334122344125544155554666777666777
111223111223445233445263445563755666777776
111112344412356442356642357662357762355777
122333112333112244152446755446755566777766
111111222333422356423356445556744756777766
111222331224311524333554666554677574667774
122333122223111133444566445556745756777766
111123122223144233444335646655666775777755
111111234445234445233665233665277765277765
111223411223412233445533645557646757666777
111122132222133334555344556444576666777776
111122113332455322455362455366477766447776
112222112324115334555364553364776664777764
122233122433124435144435166755166755667777
111122333122453122453666453667455767445777
111222113232133332444455445555666777666777
122223112243111443554463555463775663777766
122222111132133333444445466755666755677775
112222312244311144333445355555666666777777
112333112333142555142255442656476666477777
111222133222113333455556455666444476777776
112233122333112344512444556774556777566667
122222113442133455133445136475666675677775
111112314422335422355426375446375566777766
122333112223411523416553466655444665777777
111222311224313244333544555546576666777776
122223124433125443115463155463755766777766
112222112233113334566344556447566647557777
111233411223415523445223465773465577666677
111112312222334424533444536667556767556777
111122122223144433554633544636555666777777
111112333312345222345266445766455766457777
112222111232441335444335466735666775677755
111122132224132444333344555677556677566677
122223124233114443114453655553666577667777
111112133342333442555422554426756666777776
111122113332433222435667445667445677555677
111111222344233344253364255564755766777766
111111222233224433444553466553667755667777
122222111123144333554663544463556667577777
122222113244113344153334555664576666577777
111222122234133334156734556744556774566677
112222312424311444331545366555367757666777
122222123334133554113554165564766664777774
111234121234122234555334566364576664577777
111222131224531244533344555346756666777776
112233112223114233444563445566555766777776
122223123333124435114455164475666775667775
111112333312332222455555456777446667446677
111122131224335224355444335554666777666777
111222112223415333465533466555446667477777
122333112343112243155246555446577466777766
111122112223444423455553465773665773666773
122222123334153334155554115444666667677777
111112314222344422344555336657366557667777
112233112334122234155634556664556644777777
122233122234111134555334566774556744666777
111112333412333422556422556447566747566777
122222111112333344353664555564576664777774
111233122223124443156443556473556677566777
111222131244331224335544365774665577666577
111111223333223443256444256774556777556667
112222132442133344133544165555666577667777
111222131142533342553342555644666647677777
112222112233145533145533444556774666777766
123333122223145263145566145566145767447777
123333122234125234115554165654766664777774
112222113332411352463355466655466757447777
111122113222443332444433566666555567577777
111111222223245333445563455563446666777777
111112333312332222444445466665767765777555
112222111322415333455553456663447666477777
111112312222334452334555634475666475667777
122233122243144443115543166553667557667777
111112331222432255433355444455666777666777
111222112233142335444335647775647775666655
112223111233441233445263445666555566777777
111112333122334422534462554466556667577777
112333122233124235114465444665776665777755
111122133142533342534442564672566677556777
111112313442333422354442556662577766557776
111122311224332244334445636755666755677775
111222133324113224553344556447566777566677
111112333312342222344555445566745766777766
111222131122333324555344555446777466777666
111222331224331124354444356677556667556777
112233112233112334562644566644557647557777
111222111322333332444445466655666775777755
111112134422333442354422355556777756776666
111222131222331455634445633445667755667777
111122133132443332455522456557446777666677
122222111112334444355544355566376666377777
112223112333112233445666445556445576777776
112233112223112433544443566477556667556777
112223142333142233144555145556746666777776
111122122223144333443355455556477666777766
111222113332133342554442555647566647667777
111222113232413332455366455556447666477777
111233441223441123455523456623755666777776
122222133234113334516664517644557664557777
111123451123455223455223456633477666477776
122222113332111433544443546666555566777777
111112133332444332564472564772566672555677
112223112333112343562447566477556447556677
122234122234133334155554156574166674667777
111222113322133342536644556447566747556777
