111122113324333524663524655524665744677777
111112314222334252334555344565747766777666
111233411233415223455263445266455776777766
111122312222314444333454365555667757666777
111223114223514423544423556633577666577776
111222133222143335143555446655447666777776
111233112234512334552634552664566674777774
111222113324133324556324566664555644777777
123344122344122344123355116775666775667755
111122113322333322445555446775446775666677
111122113322333224355544665554666674777774
112223114233114223554443655473665577666777
111123411523445523644523647523667523667777
122344122344122345113345617355677775666675
122233112333112443512644566674556674557777
112222134422133444133455135555666667677777
112222112233114443544643566673566773555777
112222311224331444331445366665776655777755
122222111132144335643355643755644757666777
112223122333112343154446554466555776777766
122222133424113444113345663555666655777777
122222113442133444135554135556737666777766
112223142223144443155433165553665777666777
122333122433122453114455144555666666777777
122222111132444133544633546663557766557777
111111222334233344223544655547656577666777
111122113422333442335462775466775466775556
111122134442134222534466536666533777555777
122233112234111234556634556734566744567777
111123411223442233544236547736577776555666
111222113224513234563334566644566774557777
111111223333243553245566245566244466777777
112222111322143355444355464335666675677777
111123122223142333445535444555667777666677
111122112222333445344445336675666775677755
111122133442153342655342655342665747667777
122223122443111453614453664753666753777755
112222112233113333445555444655477666777766
122223124443125543165443165533166577667777
111222131222331444344456377556375556777666
112222311242331144333444556777556677556667
112222311112334442334556734566774566777556
122233112223111433444435645555677775666677
122222133234113334516664516744556747556777
123333122223142563144566145556144756777776
122233122433112433114455666455667455677777
123333123443122445112445162775666775667755
111112331322433322444525644555677775666677
122223112423111443556443556643556663777777
122222112333144443154463155763557766577766
112222111324133324555334565544667774666777
111112312222334552344655344665347765777766
122223122333111143556643556644577664577774
111233411223451263452263455663455766477777
111223111233442233544236544766555766577776
111223114233144223444523655553665777666777
112223122423111443564443566663555563777777
122222113332144356114356744356747556777566
111111222222334445364445366775367775366755
122333112223111243554443655547666547667777
112222111223144433554433566473556677566777
122222121344111344333354665554665777665777
111112314522344552345562347562347766377766
112333112323142223145566447556447556777766
111233112243122443552433555446775666777766
112222312244311445331445633775666775667755
111111223334233344225444625777665557666577
112222312244311144333445635555666577667777
123334122334112234112444555677566677556677
112233122433124453124653144655777655777666
112223111123445223445333445566755766777766
111222331112333422355446557446577466577766
111222111232455332455533445663744766777766
111112314422344425334625733625776655777665
111112331422334442335542555642576666777776
111122312224315244355664355664375664377777
111222134422134442133345666355676755677775
112233122233124443144553164555667775666777
122233124235124435111435666435667475677775
122333122233111234561664566674557774557744
122222111332143335143665446665477765477755
122223122333111343155544556544666674677777
111112333122443522433552446555466677667777
122222113324133344153554155564776664777766
112223122233144333114444555667556677566777
122233122433152443155543155644166677667777
112333122233112243155644557644577664577766
111222134425133425134425633475666775667775
111222112232144333554363544766547776557766
123333122233122455144455164457166657667777
111222311442315442355542365547366677366777
111222311142334442334452637755667775666755
111122314442314222354666354766355776355777
122223111423144423155443555633576666777776
111111223333223443254466255466555466777777
111111223444223444233355263775667775666755
123334122334152234152444156666156776557777
111222112233145236445336445366475556777776
111111233333234456244556244556227566777776
123333122443112243511244555646755666777776
111111223444223334523344526777556667556677
111222132245132645136645336645737645777745
122222111233114335444435467735667775666755
112222111322144333554363544666554766577777
112223112433122443154463555463775566777766
111222111332333322444445467775667755666755
112233412235412335412355416556476666477777
111222111223455623455663455633446673477777
111123441223441233445236555236755766777766
111222111233455223455333455666477676447776
111122333122334122354666554446554766577777
111111222222333344533664556674566774557774
122233122443112443514433516666556677557777
112222311142333142353544555546777646777666
111122122223144443544333555366556666777777
111233122223144233144453645555666757667777
111111222222333444553446553746553766777766
111122133322133322444455644557665577666777
112222133242113444513446533766577766555776
112222311122331444355554335654666674677777
111112133222333224536444556447556777566677
122222123333113344156444156477556677556677
112222133332144332114555664575644577666777
111122331222331425336445666645767445777755
111222311222314455344555364475367777366667
111112132222333425634445634555664577667777
111112133442334422536442536772556777556667
111222331112344442356472356477356667555677
111122314225314425336425366445367775667775
122222111112333333455566444566445566777777
111123142223142523445553644753667753666777
112222134422134445133455133556777566777666
122223123333124434111444555556775666777766
112222113332133452134455666455677445667777
111122331222331442533444556774556677566677
122233112234511234516634556634566774577774
122223124243114443115433555663775566777766
123333122223111243514446554466555666777777
122222112333114553164573664573644577664577
111222111324533324553324567774566674566774
122333112443512443512243516647566677556777
122233112233112433144444555566777566777566
122223122333111453166453667455667445777745
111122113222333442334444566667556677555777
112333122333122444152446155546557766777766
111222113332145332445532455666475676477776
123333122334122554125564177564177564776664
112222122333113334514444566477566667555777
123333123443124444122255155556177776776666
112222111322143333544663554466554776577776
122233122233114443115443555466575666777776
111222331442311422334445365555666675677777
111222131422531424533444553366577776577666
122222111342113344556334556634566674577777
111122131224533324553324657744655774666677
111111223344223444233455263775667755666775
111112132222333442533444555664557766777766
122222112333113334156774556674556774566744
111122133322145332445532644577646577666577
122222111233411563444563455563457763777766
111122131222433526443566433556475576477776
122223144423114423114553666653665553777777
111233111234222234555334565774665744666777
111112133332434532444552645552667772666777
112222312442311145334445366755366775667775
122333112344112334152244556774556777566667
111123412223412333442553466655476665777775
112222311122333144553344556644566777566777
123444123334123544123555122565166666777777
111222133332143342144442566666555767557777
111122113222333332445677445667445667555677
111112331222333242534444567774566677555667
112233122233111243555443565744566747666777
122223142233144443155543155663157766777766
112222113244153244153346553646553666777777
111122133222143332444355466557465577666777
111222133322133342155644557664557764777664
112223112233112333444444566677566677555577
111222131422331452333455666445666475777775
112333112433112434222444555666557776577766
112222113224113344555334555344666777666777
111111234444233344222335662555677775666775
111123141223444233442233556666556776557777
111222113222133445333445664455766665777775
122223142323145333145566144566145566777777
111222113442513342553442563347566677566777
111122311222334442533344556774566677556677
111112133222433332445662455667455667457777
123333122343122445126455166445176665777775
111112133342333442556442556422576666577777
122222133244133344111354666554766655777775
122233124433122453114453164755667775666775
111233441223441523461523465523665577667777
112233142233144223144553146655777655777666
122233111223415523415663455563447666477777
111112312222333342354444555564566666777777
122333122223111133444555464755467775666677
111111223334233344222546755546775546777666
111222311422314452344655346665376765377775
112333122234122334115444655554666577667777
111122334112354442354422355666355776777766
112344122334125334125534125554666777666777
112223142553142553142653144653747663777766
123333122243124443125544115566755666777776
112222111223145333445553446753466757666777
112333112233144235142265744665747665777655
112223112233114235444335446665766655777775
111122113322443325463325466555466577467777
111111233344235554235554236664276664277777
111222311442315542355542366544366677367777
112222133224113334155364555664566674777774
112222111122334444355544355666357676377776
112333122223144233114566744566774566777555
111111233444233445223345266775267775666755
111222133222133444133444566667566777555577
111222122234153334153344556674566674567777
111122131422333442533642555644577666577776
111112333312433552444522464552666757667777
111222113442133422333455666445676775677755
111111223444223455233445236665736665777775
111122113332444332444322566677565677555677
111222341112345552345552346777346767346667
111122131422334452633452634455677755666777
112222113342133342156344556644556667577777
112222113242113344333554666754666754777755
122233122243114443115543555543666666777777
112222111123445523455633445663745763777766
111222122233144333144355446555666757667777
111122314125344225346625346665346775377775
112223112233142433144435667455667555667777
111222311222331445334445364555666577667777
112223122323114333514446544776557776557666
112222113224113554333654736654777654776654
111112312222333342344445666455676655777775
111122311222334552344456347756347556777666
111112313442333422344422555666555776777766
111122344122334122344455365555366677667777
111122131224533624537624537664537764557764
112233112243112243555443565543666647677777
111222113332143552443352466557446577666777
111222112232143333443556477566447566777556
111112312222334552344556344556374766777766
112223111123444223554443655553677773666677
112333412233412223415556417556477756477666
122222111233411335463355466557446577466777
112233112223144233154463554466577766557776
122222112333413335411665477765477665447655
111223111423555423544423564623566663777777
112222311142333142534444536666556777556777
111222341112344422344555366655367665377777
111112134442334222334526374566777566775556
112223122333112343155544666544676554677777
112233144223114223514443566673566677555777
111111222333422233445553466655476665477777
111112331222334422334455664455667755667777
111222311124333224553444553646576666577777
112222112332114335444355464355666775667777
111233112223142233544443555466557666777776
111222122234113334533664557764577664557764
112223411223411233456633455677456667455777
122223114223154443155443155533677777666667
111111222333242233444453666455676775677755
111222113224133324335444665477655557666777
122222111132145533444563745563745663777766
111112334122344422344525335555666777666777
111112344412333442553342555522666777666777
122333112334122344152444155556777656777666
111122312224312554335544335546777646777666
112222132444132445133345136555666577667777
111112334122334442334422555666556667577777
111122331124333224355264556664576764577774
111112122222334444344566333556777556777566
112333112344112344522344526666577766555777
122222111132133333444445645555667757666777
111111223333222233444556474556475566777766
111111223344222345623345673445677755666775
122222111332141333444453467755667755666775
111222331122333142534446554646557666577777
122223111223144453144453666553676553677777
111122333112435522433552466655467667447777
111112133322444332444322566777556677555667
111111223444233334222344555566577776577666
122222133324113444113544663555666775677775
111122112223444423555443555333677777666667
112333122334122234115444665477665557665777
111222314425314225314445333655776665777766
111111222222334445336645366745366745777755
111122311224355224355554367774367674366674
111222131122333442334455664455666775677775
112333122223144233154444156677556777556667
111233145223145523145223445663745766777766
122233144223114233514663514766554766557777
111122113322443552443552643577643577666677
122223122443114443155543166533667557667777
122222111332143355143355446557446677666777
122222112333144435146635144635766655777775
112333122233144223154666154667554677554777
122222132344133334155644115664555666777777
112222111342513342533346555446757466777766
122222113332113344156364556664557674577774
111222111222333445333445664475667775667755
122333122443112433112444555666556676577777
122233112234512334511364577764557664577664
122233112443122433155436175446775566777566
122222123344133354135554115564777664777666
111111222233223333444444555566566667577777
111233441233541233541222546666547676557777
111122341125344225344265374665377665377765
112222312425314455314555314666374666377777
111222133332143522143555446655447666777776
111111223333223434255444255546757666777766
123333123444123554125564125564127766777766
122222111112344555334456334556374666777776
111222133232143332145556445666475566477777
122333112333112444122444566666565777555777
112223112423142453144453666753677753667755
122222134425133445163445163555163777666777
122222133342115344165374165374665774665577
122333124433125443125546125646155666777777
112222111232143333445553445556477666777766
111122311442333452634452634752677755666775
122333122433124443124455166655166675777775
111122133122334452364552364455666475677777
112222133245113245133445663745667745667775
112333112333112222444445664555667775667775
111112344412333442353642555622755666777776
122222123334133534155564175664175664777764
111111223444233334225344265555666577667777
111233112223412233445663455677455677456677
122233124443125443125543115553666666777777
111122331122334422354666354677554677554677
122333123334122544112554166574665574667777
111222133222113344533664555564775664777764
111223144233144235142235647735677775666655
112222311122314455364445367745367775366675
111112331222333242355444556474556677666777
111222112223145533445533446553476666777776
111122131322333322445566455556444776777766
112333112333112444222445677745676755666755
122333122343152643152644156647156647557777
123444123345122345112345162355666757667777
122223124423111443156443556663557663577777
111112333312345322445672455672456677456677
111223112243122443554443555533666667677777
112233114233144223145623445666555576777776
111122311222333332444556774556774556774666
122333112333122244155544155644775666777766
122222111233441135444335466355766665777775
111111222233223333455566477566447556447776
111122131422533442534442536677536677556677
122222133424133444135466135776155776557766
112233111223144223564433564477566667555777
111222131422133442534466533466577776555776
111111222345223345263345663445677475667775
112233111233122243554443566644566677557777
111122333112433322444442555566757566777766
111112331222333422344444555566576666577777
111122134442133442333422566667556677555777
111222131222133334566734556744566774556774
122334122344122344113354615555667775666777
111111233333222453244455246455776665777766
111122112223444523445553465753666733667777
122344122344122334113354155555677777666667
112223122333112334516664557644577664557774
122222111112334455633455633457664457667777
112222111122334556334556344556344766777776
111222111233444233445236545636555666777777
122223112233111333455555445666444766777776
112223112233144233144443556677566667555777
112223114223114423444553665553667753667777
111222311224315624335664335664755564777774
111223141123544223554423554663566663777777
123334123234122234115544165774665577666577
112233112223112333455555456667446667447777
122234125234165234165534165734165734667777
112233112234122334156634555644566647577777
111122313142333342556442556442576666577777
122223124423144433145663155563155766777776
111222113222143333544663546666544777555777
111222131232133332455666445677445667455777
112233122223111433556443556447566647567777
111112344122344522344526337556377566777566
111112122222333333444445666645665555777777
112222111223413333444443555677556677566677
111122113332433322455526455566477776447766
122222123334155334155344156446156666777777
111122341225341255344255334465377766777666
111223141233144253442253467553667755666777
111222311122333442335444555466575666777776
111111222333222433444443556666555676577777
111223142223144233154443555563576666777776
112222113322114333554366544466557476577776
122222133234113334156664156764556774557774
122233122443124433154436156666157776555777
122222111324511334555534665334666774677774
111111233334255534255534266774266674267774
111223112233145223445533466555466667477777
112222113332114332544436555446557776777666
112223122333124355144365144665774665777765
122233122234115334165344165544666557677777
111111222223244443555443556663756663777773
122333122243112443514443516666556777556777
112222111233144233554443655473655777666677
111112331222344422334455634755667755666777
112222111122333444536644533664555667577777
112333122433122453124455144555667777666677
111111233444234454236655236665237765277775
122333122223114443144563145566777566777556
111222131232133332444455445555666666777777
112233111233412233442555444565776665777766
122222111123415533455533445663476666477777
122222132444133345133445116665776665777755
111222111342333342535442555644775666777766
111122131222433255443335466655467665477777
122333122334152234155544165544166677667777
111122312224312554335554633574666674677774
112222113223143333144555644455677775666677
112233412223411233441553445556775666777766
111122333122344122344455346655666755677777
122223111123444123455553465753467773666677
112333112233122243154444555546576666777776
112333112334512234512244566644556777566777
111122331122344522334555364475666475667777
122223122333111343154446555446775566777766
111223112243512243566643556643556443777777
112222133332134352144456145556747566777766
112222113425613425613445633445637755667777
122222123344113344115334665554677755666777
111222133222133334155564755664757644777664
112222111132444332455333456666457776557776
122233122334125534155634157644157664777766
122222123333143355146665147665147765447775
111222331122331452334455444665777665777665
112233111233145223445623455677456677456677
111222331422331424331444556666557776557776
112222112323143333144555664557664577664777
122223142423144433114533155566556666777777
111111222233452236455336445536445766777776
122333112233144223114455666455676455677777
111122334112344422333442556666556677557777
111222113322143352443555463575466677466777
111222312242311445334455634557636757666777
122334112344122344112334556666556677557777
122223122443144433111433566666555556777777
122233112233114253144453644755677775666675
112223122333112334516644557664577764557764
122222113323111333444555445556466666777777
112222311122314444356774356674355677355667
123333122443152443152466152466157667557777
122222123333144453114453166455666655777777
111122133322133324555624556664577664777744
122222113245133345113645773645776645776645
112233111243516243556243566243567447567777
111111222223455523465553466773446773466773
111222113224133254633354665554667754677774
111222112232133334555634755644757664777664
122233122333112345611445664455667475677775
122222133244133334155544155564177766777666
123334122334112344122546177546775556775666
111112333312445322445322445666555666777777
111222311422331442355444355677355677666677
112222111322413333444435674555677775666675
122333142223144423111443556777556767556667
122222111332144335144635446635666755777775
111112133322333222444445666645677775677555
111112133332455322455326445526447766777766
111222111223455233455533446573446777666677
111222133222133344153444555546757666777766
112222111342513342553344555364666664777777
111111222222345555344456347456377776337666
111111222233456223456663455763455763447777
111222133322133424135444655477655577666677
111222113425133425333425664455667457667777
112222111322133344533444555646577666577776
122233123334122434111444555677556667566777
112344112334122234155234665534655777666777
111112331442344422334225636555666775677775
112222113324133324153644556674566674557777
112222311124351424356444356666357776355777
112222111232413335446635477635477665477655
122222111112333334553644555664775664777764
123333122243112443512644516647556777556677
112222134425133425133465173465777465776665
122233124223154443155543156543166777666777
112223412323412333415555415665466677467777
112233112234112234555334566664577664577774
111122134422133442553342553646577666577776
111233112223144233444235664555667575667777
111112312222344442355644356667356767355777
111122331222341562345566345766345776445777
111233411223412223444553664553666557677777
122223111243115243555443565443666673677777
111122133322134422334444555677556667566777
111111223444233554223354263654666655777777
111111223333224353244455246475666675677775
112223122233144333145566147556447556777766
111233112223412333442556455556477766477766
111111223444253344255334255637256677666777
122233111233141233445266445566747556777756
112222133332113342515444555544666677667777
122223111223411533445563445563745766777766
112222111233145253445553446563466663777777
111111222333244353244553264455666757667777
111122133124533224533624566674567674557774
112222311224315564315664375564375764377764
111223142233144233154236554666554776577776
112222111233441233445553466653467755667777
112223411223451123455333455677456677466677
122333122333124445124445166655167755667777
111122133322134224334444556777556777556666
111122133422133442335542665544666557677777
122222111123415553455333445636447666777776
111112132222333244335546775446775466775566
112333112223114253644253664455664557677777
111222111332444332454632457636557666557777
111222111342533342553442563447566777566677
122223112333412536415536415766455776447776
111112314442344222334552366655366675777775
111112333122433222443555444665666655777777
111222311422314442335544365557366577666777
111223111233455223455263445563476666477777
122333122344122334111544665574655577666777
122222112344511344513346577346557366577766
112233122223111333445555445566447766777766
111222312242311544355564335564737664777766
111222112223413333443555446557466657667777
112223112233114235444435664735666755677775
111112312222333244335546775446775546775666
111222134452134452134652334655377665777766
111112333122453332455522456777456677446667
111222111322433332443555444665777655777666
122222133332134445136645166445166555777777
112222112233114443444533555536566666777777
111223141223144423545423555633756666777776
112223112233112334555344556447656477666777
122223144423114423511463556663557663577777
111122131224532244533344566347566677556777
111222113222133444333444555566777566777566
112222311112333332444445666455665557677777
111222122233114553444533644573665577666777
123333123234122244111444555666775556777766
111222132224134444134555633755637775666677
111222311142335542366542366544366554777777
112223112333112334552444555464577766777666
111112133342333442566442556422566677557777
112223112233411233445637455677455667456677
111122134122334422355466355446355766777776
122334112234122534115534666534667554677777
112222111223145533445533445563747766777666
112222312444312445311455336555366666777777
112222133342133442134455164555666665777777
112222311224351164356664356764355744357777
111111222333422353442653466655446675777775
111223122243155243165543665443665473677777
111112133442334442533422556727566777556667
111222122234113334533444555564566666777777
122233122233114435611435667455667445677775
122222111324511344553344533664566667577777
122334122344112354612354617354667755667775
122223121233111333445555455666466677447777
111111223334233344255664255644255666777777
112222111223145533445336455366457776477766
112222111122344566334556344556347756377776
111112331442333442553442555662577762777666
111122133332134432444522645577666577665577
112333112233142553142555442566447766777766
122223111223114333444435466655666755777775
111222111233444223554663554763574763577766
112222111233414233444433555666557766577776
122223112233144553144453145553666677667777
111222134222134445134555334655377666777766
111223412223411523445553445533666777666777
111111233333222234555244555444666777666777
112222133242133444113455663455677775666775
111122331122344422344556374566377566777556
112222133242133444153446153666557676557777
112222112332413333415567455667455677446677
122333112243122443155443165547666557667777
111233411233412233442255644655666675777775
122223112443112433144433555566557766777766
111111222222333344355444356774556777566667
112222111122333344355554366554666744677777
112223122423114433144433555666557676577776
111112344122345522344552334556737666777766
111233112233412223444563477566477556775566
111223114223154423654423655433655777666777
122233111223141243544443555663575766777766
111222331122333124553444566664556674577777
111112133222433255433255466557446777466677
111112331422334442335422655477665577666577
111233122223144233145535444555666777666777
122333112223111423566443556644556674577777
112333112333112444522264566664555674577777
122222123334113334511444566664557667557777
112222112333112433555436755466754446777766
111223114233144223444233555666557666577777
112223122333142433144455164555667757666777
111111222223444233554663544633577666557777
122222111323114333544443554666557676577776
112222122333133345166645166645777445777455
123333122343124444125456125556177756777666
111122133322133322445556455576447776477666
112222111223133333455566455566447766447777
111122113332433552435522455666444776777766
111222112234155234653334655734657774666774
122333124433122435124455164555167777666677
111123411223442253444253665553667573667777
112222111322413333443555466555476666477777
111111233333222243244444556677556777556667
112222111322133334553644555664566644777777
111223112223415233445536455736445766777766
122333142533142553142555142677144677666677
111222111232445532445336455336457666777776
111222331222311444356444356666357776555777
111111233334222334225554667754666754677754
122233124233114253114553644557664577666777
111111222333222343555346557446757466777466
122223144423114423514663517763577763555766
122222112333144333154444155666555766777776
111233122233124243144443555667556677566777
122222113332111433554443556447556777666677
112222113224133334155534665544665747667777
111112133222332244334445666455677755667775
111222131422133425333455667445667475667775
122222133324113444153344155666775556777766
122223111223113333444445667475677775666555
112223111423144423556423556463576663577777
111122333112433322444452466555666775677775
111112331222435522435666435576437576447776
111223451123451223455263445563747763777666
122222111332141333445536455556477766477766
112223112233112333444566744556747556777566
112333112433112453622455626445666455777777
112333112223144233145255445556746666777776
111222113224513244533644537664537766557776
111222311442351462354462357466357776355776
122333122233144243154446155556157766777766
111222331224331244331445666455666555777777
111222111222344456333456374456375556777766
111222331442331142335642775644775666775556
111112134422333422334425677455667775666755
111222111222334445366455364475367775366775
112222112324153334153364557664577664577764
111222131422331442355546375446375566777766
111111223444523364523764523764523766557776
112333112344512334512444522666555766777776
122222123333111134555534556444666647677777
112223412233411233415637455667455677456677
112223112433152433152443555544677777666667
112222311112334452334555344455666777666777
112222113422113444333454365555666675677777
123333122233122444154446157776155766557766
123333122443122453124455164755166775666777
122333122433124435126445176645176665777755
122223122333114443114553644655666675777775
111111222234253334253664553664755664777774
111233411223441223444233555666555776777766
111122112223456623455633445663475563477777
123333123234122244115444615777655557666677
111112334212334222334455644555677775666677
111112344412354422354622355666355776377776
122222113234133334155554156664756764777764
122222111332143333144445664755677755666775
111122113322455332455332455666477776447766
122222111233441133444533645555666657677777
112223112333412253415553446557466777466677
111222133222113333455666445677455677445677
112222311112333442553344555664775664777766
112223122233114443154463554663566677557777
122233122233144433115444615557666557667777
112223412233412333411566447556477566777556
111111222333222344563344566647556747556777
111112312222334245344445367775366755666775
112222112233411533444533445566777566777566
122222111132133334553444554466576666577777
111222111322333324344444556666557766557777
112223412333412353412556415566475666477777
122222113234133334114444567777566667555567
111111222334223344523446553746555766777766
112223412233411233441553455556476666777776
112223122423144443114533665553666557677777
111112312222332444333454666554676555677777
123334122334112234115264775564775664775566
123333122233122455144465146465176665777775
111222113442133422334445366665777665777555
122222123333113345611445644455677775666775
111122341125344225364425367455367775366677
111122113222433255443555443356746666777776
111111233444223354226354266354666755777775
122222111123144333554443655543665777666777
111222311142355542366542365547366447367777
111112344412345422345522336555366677667777
112222122334113344133444556677556677556677
112223412223411333441563455566455666777777
122222123344113334156634156664557764557777
111122113224533324553324555644666674677777
111111222233224333444355466665477665777755
111112333312443352444552664552667572667777
111222111232443332433555445565747666777766
112333112333112224555524565744666744667777
112222113442113442553346533746555766777766
112223122443112443154433655537666557667777
111111222344233334235554265544666577667777
112223111233441233444253465555666775667777
111112312222334452344655346665347665777775
122222113332113435164435664555664457677777
112222133242113344133445666455676755677775
111222122233114443554433564637566667557777
111111223344223546223546733546777546775566
123333122334124444122546155556156666777777
111122131222334452344455336465776665777765
111111233444223445223455233655666657677777
112233111233412223455553456666456767447777
122233122233144433115444155566757566777766
111222111322443325463355466355467775466777
111223412223411523445533455536477776776666
111111222333222333455555446657466677446777
111112344412333442536422536662556777556777
111233451223451223451263455563476666477777
111123444123554123654723654723655723666777
111112122222344444334555633775663755666777
111111222233442233445336745566745556777766
111233411223441233444235667275667775667555
111111222333422235466335467775466755446775
122223144223114333114443555566775566777766
122234122334123334156444156777156677555667
111233141233142233445226455766457776557766
111233411233412223456623455666455677457777
111223141233142253642553645553644777666777
122222111332144433145443655553666757667777
122233111233144233144255645555647777666677
111222312244311245366445367745366775367755
112233122223111433444443555566577566777766
112222111234155234665334655334665774677774
112222311124315524335444355466375766777766
111123112223444233444235666635776655777755
122223122333113344155664155664775564777764
111112331222333244355264556664577664577774
122223124553124453144453116653666753677777
111111223333224443225543555644756666777776
111112333122343225344255446775646755666777
111112331322433352444652744652776655777665
111222111222333333444445466755666775677755
112333122233142253144555164475664775666777
111112133322333422444452466557665577665777
112222311112344452344455366665376675377775
122223144223114333114443555566777566777566
112223112333142235144435644775666755667775
111233141233441223444223556667566767555777
111233141233144223444223566667565767555777
111233111233444223554223554666574666577777
112223122233144536145536145536447566777776
112333112433112443552246572446577766557766
122223124533124553114553614453666477667777
112223411223411233444453667553667555667777
111222111332455332445332445566745766777766
111222311122334424333444555666556667577777
111122311224355524333524366544667547667777
122233111223411233455553466655477666447777
112333122223112443155543556447566477666777
122222123333143536145556145576147776447766
122223111423141423544433555553666777666777
111112333122443322445352445555666667677777
111111222333244333244456277456775556775666
112223412323412333411555446775646755666777
122223111233114233544663554466555476777776
111223112243122443555433554436756666777776
122222113323111333455555454666444676777776
111222111322444325464335664335677555667777
112222132244133445133455163475667775666775
112222111223144433444333555666575766577776
122222133332133444111546555546777546777666
111122134422134422333455367455667775666775
112222311242315444315454335556737666777766
111122132222133334566734556744556774566774
111222112233142333444435666455667555677777
112222111132443332433556444566777566777556
111223122233144235164435666435676455777775
111122112223444523455533456663457763777766
111223142223144233154433556477556667566777
112223112423114423554463556463576663577777
112333112233112223455555446665446667477777
111111233333234444244555226675266775667775
111222311422315442355544365574366677366777
111111222233422335444335464775667755666775
111222112232133334556634755664755664777744
122333122223111433156444556647556747566777
111122113322445322455333456666455667477777
122333122223144443154643155666175556777776
111233122233124235144435667455667455667777
111122112222345555345677345667344667334677
122333122343112243514446517466577766555776
111111222222344445336445336655736665777775
111222113222413335466335446755466775467775
111112333122343322445552644455666757667777
111222113332143532445532466557466577466777
122223124233144333154446155776157776557666
111222113222413335433655466655446675477777
111111223344223334225534665544666557677777
111122113332433222435556455566477776447766
112222113224513334513344556644576666577777
122233122233111143555543566647564447667777
122333122233124434111444555666555666777777
111112134222334422334555344665776665777765
111111222333244333224555644577664557666777
111122344112334442355422335555666666777777
111112331442355442335442365572666572667777
111112314442354422355422335566737566777766
111122133332133222444555644557646757666777
111233411223412223455533445556747766777666
112222133324115324165334665544665574677777
111122334112334222354466355466555476777776
122222112334111344555364755364775364777666
111122314225314625334625344665374765777765
111111223444233334225534267554667755666777
122334122344112344112334555556757766777666
112222112332415333415553444455666667677777
111222111332433352443552446555646777666777
112222113322413555413555443677443677666677
122233124443124543124533155556177776776666
111122133332134432556442556442556666777777
112222113442133342133444566666555567577777
112222112324513344513446553346755766777766
112222312245311445314445336655377665777766
112222112332143333144444566667566777555577
122222111233114553644533645537644577666777
111122344112344442333322555556566666777777
112233111223412233444553464555667775666777
112222111322133334553444566664566774557777
111222112233142533445553455663466677467777
111222122233144453146453666453676753777755
122222111323143333144455644555666775667777
111112133222334422533444555664755666777776
111233141233144233442225465555667757666777
111122113222443332544336554466577776557766
111111223334223334526664525664555674777774
111122113222433332435666445666445777555777
111222133332114332544662554666554476577777
111233114223154223554233554666544666777777
111223411223414233444233555677556667566777
112222133322133344154446154566755566777776
122223111223144443154433555536576666777776
111111233334223534255554225664777764776664
122334122334122334156444156666155767557777
111222131222133333444445666745677775667555
122222111112333444353344556664566677557777
122223122333144433115446715546775566777566
111222111332333322445555466655467667447777
111222132244135246135446335546377556777766
111112133322443222433555466577446557666777
111112344412345422335422335666555766777776
111111222333242233544443566477556777556667
122233121223111443544443556663566767557777
112223112233112433566443566447556747556777
111111222223244553445553644573667773666773
111122133332145532444532446552666757667777
122233112223144443154433155666557666577777
112223142223144433155443155673556677666777
122222123334113334155444156646557666577777
122222134442133444113555163577663577666577
122222113332143355143556145566447766477776
111122344112344422355426355556376666377777
111111233334222344252346557746577746557666
111222131422133442533344556674556677566777
111122131222333342354444554677555677666677
111122132222134555334445633475666475667777
111112334122334422334552644555667775666777
111112331422334422335426555466577466577776
111222133322113442563444563674566677555777
111112133332435522436522446577446557666777
111111222223423333455553444455666777666777
122222133332133455144455146657146757666777
112222113342133342135546755546775446777666
111122133122334225344465347665747665777655
112222122333113334156664555644576674577774
112333412223411223415563455666456677457777
111122113224533224533444536646577666557777
111111222333224335244435664475667775667755
111112333312444332564442566622556677557777
111222331222331455331455664445667475667777
111122131222433255443335446755466775666777
111122331122333324555524566664576764777744
111111222344223344233544635555667775666777
122222133332113455113455666457644457667777
122222111112333334355554665574677774666744
112222111223413333444536744556775566777566
122233112223111333445556477556477756447666
111223411233451233455223455666475666477777
111112333122344222344555364455666665777777
122223122333111344516347566447556647556777
111112134442335442355542335562666662777777
123333122223111423551446554466574776577766
123333122233122455114445164455666757667777
111233122234125234165334665554667754677774
111122132222134444536447536677533667555677
111122311222333342536444556774556774566677
111112331222333324566624557664577764557744
112334122334122234156634156664557674557777
111122133132453332455552445662744666777776
111122333122334122534466555466755446777776
111122314122334225344465346665366755777775
112333122234112334512664555764577764577664
111111223333222435662435644445667755677775
112222112332113333445566445556447756777766
111112313222333244355246775546755446777666
111222112233142333444355466655467557667777
112233411223451233451236455666475576477776
111122311222333452633455644455664775667777
112223122333123344155554155664766664777774
111222113224133524333544665554667574667777
112334112334112334522264556664557664577777
112333112234122334125444655554657777666677
111122341122344442345562337566377566777556
111111223333224443224443556666557776557776
111122112222344445366445336665376775377755
111233112223414223444563455563777566777566
111111222233224453664553644553647753667777
122223144223144443155553116653666753677777
122233112223411533441553445556477666777766
111233112243122443524443555663755666777776
112222113332114332444535465555466777666777
111122133122433325443525446555746666777776
111111222222333444334445355555666667677777
111111222222334555344455346775346777366667
111112333122433225443255466755467775466677
112222111223413333455553455666477776447766
111233441233411233442255466255666755677777
111111234444234564235566233556223756777776
111222311222313445333455664445677755666777
111122132224132444335544335555666666777777
111112331442344442335552636522666557677777
112222113422133444133554663554666755677777
122222123445113445133445163365766665777775
111122113322433325463625466665477755447775
112222122344111344533334556664557666577777
111111223333423356425556425766425766447777
122222111132415336455336457736455776447766
122333122223111443154443555647566667567777
123333122343122544125544165554167777666677
112333122234112234155534665554667774667774
111222133332134322154444554677556667566777
111222133322133442134455666445676555677777
111233122223112433555434566444566677567777
122223124333124443114453616555666655777777
112222112234115334555334556634776664777764
111222112223144433445663745563775563777566
111111222233223334555434566444556777666777
111222112233142333546663544766544767555777
111122133222134442333544666545676555677777
111112314442334422333422555566575766777766
112333122333112224515544555644666674677777
122333112223412553411553465577466777446667
111111222223444423546333546377566677555677
111122113324333224535524555664777664777664
111222111223455233455533445663476666477777
122233142233144235164435164775167775666755
122222113332133435144455146455666665777777
112334122234125334125534165554666664777777
122233142233142553144453164555166777666777
112222311112334442344555345565366666777777
111122131224333244533264577764577764555666
111112132222432556433566433556444756777776
112222112324153344153334555544667777666677
111122133322134322534444556477556667566777
122333112223112443515443555544666677667777
122223124233114333114555644775664755666777
122222134442133344133554116655666775677775
111233141223142253444253466553667557667777
122333112223111243555443544466576666577777
111222131142533442533442563747566777556667
111233411223412233445236455666455566777777
111122133122334422334555444565777665777666
111112331222344225364455364555364777666777
111122314122344442345562377566337566777556
112233122233111233444555466665446655777777
123333122223111423144444555556775666777766
111222111222333344553444553646557666777776
122333112243112243155643555644566664777777
123445123455123445123345122365166666777777
111222113322143325443355444556777566777666
122233122233114533144555144665774665777766
122222133332133444114445166655666775777755
112223112233112433554463555466754466777776
122222113244513344513334516674556677566777
111122133124333224536624566664557774557774
112222112324133334155534655744665774666777
111123141223544233544236554236557776777666
111222111222344444333554365555366677667777
111122113222453332455536445536447776777666
111122312222314445334555344566377566777766
112233111233144233554226554666544776577776
111112313222333242563444566474566677555777
111112312222333342344444555666575766577776
122222113332143535143555144445666677667777
111222311122333332444455466455766665777775
111122112223442553444553466753666753677773
111223111223444223444333555677566667556777
111111222223442333455363456666455767457777
122222112333411335441635466665446555777777
112222311244311254355554356644336666777777
