111222131142333442353442555466557776777666
111223122233112433554436555446775466777766
112222122344133344133445166665767765777555
112222112332143355143355446557466677466777
111111222333224433244443555666555766777776
111111233334235344225554622544666577667777
111222111232444332454333455677555677666677
112223122233144443145543155553677777666667
122333123343124444122456115556755766777766
111112333122334225634725644775664755664775
111123415523415523455223466273446773666777
111122113222333244335554667544667554667777
111122333122343125643725644755664775664775
111111222223425533455563456663446763477777
111111223444223455223445633355666657677777
111222112223415553455533446773446673666777
122233112333122344156664156664555774577774
111222331112344442334552634555667775666777
122233121233111243555443565744665747666777
111222131122333442335446755446775556777666
111122131222333442354446357646557666557777
122222111112344555344556374456377666337776
123344122334122334125544167555167775666677
123333122443122243114445166655767665777755
112222113322411355466355463357466657447777
111112312222333424533444555647556677666777
111111222223425563445663455563447763777763
122222111324133354163554663544667554677777
112222134422134455134555134657336677666777
112222111122344445346645366555366757337777
112222133324113524133554655574677774666674
111112334122334225334255664755644757666777
123333123455123455124456127456127466777766
111122112222344556334566344556347756377776
123333122243124443124455166555166775667777
123333122223144423155446157466157776557766
112333122223124443115543555644566666777777
112333112233122234155444556477566477566677
111222113332414432444332566677556667555777
112223111243155243665243665443655743677777
111112312222333442534466534466557667557777
111111223444233344255334255566275666777776
111233122243122443144453666553665557677777
111122113332453332455622455666457676447777
111222131222133333455555456667446777446677
112222112233114433544436577436557666557776
112222133332114332514444554666755566777776
111222111222344444355554356667356777336677
123333123435122455112445162445667775666777
123334122344112334152264156664555566777777
112222134224134444135555133565736666777776
112222113332411532444533644577665577666577
111222311244331224533344556664577666557777
111122133122334422334445664555667575667777
111122331142344442335422365555666665777777
122222111332411533444533446557666557667777
122222111112344445366445366655367755337777
112222112234115334555334565734667774666774
112222112344512344516347566347566377556377
111112331422344442335642355662557766577776
111111233333244355246665244665274675277775
122222113233113334154444554666555676777776
122222111332113333445556455656447666477777
111111222233224335444355464355667775666777
111222111233445223455533445563477666777766
111112133322333442554422554466557666777776
111222133332134342144442555666557776577766
111111233344235664235564235664255674277777
111223122223144333144553664455666755677777
111111222333242333244556744566747566777556
122222123334115344155344156347556677666777
122223112233114443155443556643557666777776
122233122433152443154443155666175566777776
112233112233122453144453664555664775667777
111122133322133342555642566647564447567777
111112344122344222344566355566355667377777
111222131132433332444562455566455666777777
111111223334223344225364555664557764777766
112222112324113334533664555664556674777774
112222133422133455133455144455666677667777
122222111132415333455336445566475776477766
111222312244312544315544366557366577366777
122333123334122244115444155555677777666667
111122344112334422354662354666355776557777
112222113422133455134445633455666657677777
112233411253411253462253465553466677467777
112233411233411223445523445556775666777766
122223142233144435164335164775167755666775
112222112233145333145553444655466666777777
111222113322413325443655443665477665777765
111112334122334422354662354766554776557776
122222111112344555334555334466734666777776
111111222222344555344455346675336677366777
111123122223124333554443556644566777566777
122222111332114433544633544667566677555777
112222312424314444311556355556336666777777
112233111233441233455226455766455766477776
111222312242311444333344555666577766557776
112222314442311142355446355766355776377766
111111223333222443255543555644777664777666
111122312222314444333454365555666577667777
111122133222133245334445677745667745666755
122223112423115443615433655437665477665777
123344122334122234111534665554665757667777
111122133122433352444352664455667557667777
111233111223444233442235466665777655777655
122333122433124453124455114556777566777666
122333112433122443112544666554677755667775
111112134442334522334526734526755566777766
111112314442334222334255634775677775666655
111111233344235544235446235666225576777776
111233111223444223444253666553667755677775
111112333312343422544442555662775566777766
112222133224133334114444567777566667555567
123344123344122334112254165555665777666777
111122112223444233554443556673566673567777
112233411223411233455253445556476666777776
112222112333142333144455666455667475677775
122223111423551423551463755463774463777666
112333122233122443115444655774655577666677
111122113332443332544422555466575666777776
122233112433112435612435677455667445667775
112222113332113432553444654477655577666677
112333112433112443522466527466557476557776
111111222333223344253444555664556666777777
111222111322444325443355643355666657677777
122233122333124435166455164455167475667777
111222331124331224533664566644556774557777
112222113224113444533334556774566677556677
112222132442133344135544136555666657677777
111122131222333324553444555446577766777666
122233122333124536144566144556174556777776
111122341122344425346425366665337765777755
122223122433114443154543155553677777666667
112222314442311142355544365557366667367777
111222311442351642356642355647356647357777
111122131324333324555224556774566774666774
112222111122344444345566337556377556377766
112222113342513442513344563664566677557777
111122134122334452344452335556775666777766
122233121223111333445666445656445556777777
111111222333224335244355664445666675777775
112222112323113333444444555666555776777766
111222111222333334355444556644576666577777
111122311442344422334552633555677775666677
111122122223133333455566454556444666777777
112333112233412235412665444655747665777765
112222113224513334513364566664555644777777
111122314442314422333425663555666775677775
122223124333124433114455614655666675777775
122333122233124443114455614555677775666677
111122133332133222445556444456777556777666
111122122223133333444555664577664577664577
111222113242513244553444553336577666777766
111222331422311442334445365555666657677777
111222311242313542333544665544667557667777
122222113342111344553344566374556677566777
122222132344133334111444555666557766577776
122233112233112334154444554666557766577776
111122133332143432544442556772556777566667
122233122233111143564443566647556647557777
122223122443144453111453665553667573667777
122222111112334444355544355566377766377766
111222133232113332456666456677455557444777
111223122233112433444435664775666755677755
112222311242314444315554355657366667367777
111122112222333444334454365555665777666777
111223114223144423554423556633566777566777
111112314452344552346522346572336577666777
111112331422334422344425366655667555677777
111122333112435552433552444652466666777777
112222113242113345333445674455677775666675
111222111324333324563724566774556774556674
111122112222344444333345663555666755677777
112222111324513324555344553364666664777777
122222133244133334115644155664555766777776
111233111233442233422566444556777566777556
111222112233142333445536455566445666777777
122222112334511134553334556644757664777766
112222134442134442133356173556777566775566
111222112232413335444435647735666755667775
122222111112333334344444555566557776777666
111122312222313445333455667445667745667775
111123122223144423445533645553666577667777
111223144233114233554223554466577776577666
122233122233145533145666145676145677445777
111112133442533642533642566642557642577777
112223111233412233444435466655667775677755
112223144423145423115423655553677773666677
111122313122333322445666445677455667455777
112222132442133344133554166554666655777777
111223411223415223445533445536775666777766
112222112233114335644335664755644775667775
111222113332143552443552443566747566777766
122334122334112334152644155664555766777776
122222111123145533445533466553466667477777
112223122333124443114543665547655577666777
111222311222313444333544666554676755677775
111233112233412553442253644455666757667777
111222131222331445336455366475664475677775
111122334112344422334425366555667775667775
111123411223442223544433555636575666777776
111112341222344225334455633475666775667775
111122113224553224553334567374567774666674
111123144423144223554223566663577663557777
111222331112433322443566477566447556777556
111222341222341155344445336555636777666777
112222112332415533415553445663744766777766
111112314442344222345256375556377756377666
111223111233442233445253445556777756776666
123333123434125444125646125666125556777777
122222111342151344653334655534666574677777
111122113322333342544442556747556777566667
122233122233114335114455664775664755664777
111111222223442333444533664555666755677777
112222111132444332455533466573465577666777
122222123333114433511466544466555667577777
112222122333111333444555455566477766477766
122222111132441333455533445566745666777776
111112133222443225433555436657466657467777
111122314122344452364452365557366657367777
122333142333142555142265144465177765777666
112222111324155324553334553664666644777777
122233122433125443115443615547665577666777
111111222233422333445563455666457776457776
123333122344122345124445166555166577667777
111112122222333444335464535664555666777777
111233114223154223554233564447567777566667
122222123333114343114444566666556777555777
122222111123415333445553465653466677467777
111222311244312244355544356557336777666677
111122333112333422554426544666554776577776
122222111132415333445553455673446677666777
111222131244132254333354666654667754777755
111122312222314445344455336557636757666777
122222111332411333444553445556777756776666
112222311124315524333554663554666644777777
112222311224331444331554355554666777666777
112222122334111354633354655554677774666774
112333112223145523145523444556746666777776
122222113425113445133455634457636757666777
112333412335412355412225416665466765477777
122233111233112234555534657774657774666644
112222133224113334153664755664775564777564
111122131222333324355444556447566777566677
111112133222433352443552644455666757667777
112333112234112234555234566664576764577774
112222133224133344115344655554665777666777
111112312222333244335444555646577666577776
111111222333222344553346554446577766577766
123444123334122234112534615555666775667777
111122133122334442344552346655666557677777
111112331222432255433355446665447765777766
111222133332134322154466557446577466557776
111222314452314552314452336457636757666777
122222111332413356417356477356477556447566
112344112344512344512336522366557766577776
123333123234122244111444555556777756776666
111122312222314444335564377564375566777566
111222133332113432444452646555666755677777
111234151234155234655234657234667234667777
111223144423144423155523657723655773666677
122222133442113344153344156777556677556667
122222113442113444513466553776533766557776
111111233444223334222534655554657777666677
122222133332111334561444566674566774555777
111222132244132445134465333665776665777755
111122333112433322444526745556745566777766
122233122333124435144445166655167755667777
111122314122334442534642536667536767555777
111112133322444332454322455666755566777776
111223412223411233455536445636455666777777
111112333312334422444422555566577666577776
111222311142355542333542365544666747667777
111122122223144433445333645555666757667777
122233122233114443144543165555666757667777
122222111342511344533364556364556664777777
112222111232143333445637455667455677456677
112222314442311142335544355666355676777776
111233121233122233444455466455776665777765
122222113332411333415566445556744566777776
111222331242531142533344556644566667577777
111111223345263345263345266745266745777745
112333112223415223415663455566444566777777
112233111223441223444563745563775566777566
112222133322133444135464155564557666777776
123333124443122453122455166465176665777775
111112331222344425364425364555367775666777
111222111222333334555534666554667744677774
111111233333222434254444255666555676777776
112222314442311142333344556666566777555777
111112331442333422534426555426775566777766
111222111222344444345556355756337766377766
111122131322433332445552466555467777466677
122222111112344556344456345556333776777766
111112334412534442533342555522666677667777
122222132455134455134445133665173666777776
111112133322444332445322455555666677667777
111222113332133322444555644555646777666777
122222111233113334555534567774567774666644
122222113332113344513444555564757766777666
111122133222133324536644566447566477555777
111122331222431255436665436755436757446777
122222123444113454113455333556777566777666
111112314422334442335422355556777566777666
122222111332411533444563477563475566777566
111233441233411223455223456666456777556777
111123441523641523645523644523677523667777
122222133332111433155466554446574776577766
111122311222344452364455366455366757367777
111222131422134452333455634455667757666777
122333112223112433155444655547656747666777
111222311122334425344455346555366777666777
112222311124355124355564335664366644777777
111112133222334522334566444566747556777756
111111222233242433444435666635665555777777
112223111223414423444533677553667755666775
122222111112344444333455637775636755666775
112222312244311144333544663555666575677777
111122331142333342555542565442667747666777
111112132222333442353444556477566667556777
111122133122433225435555436577466777446667
111233412233411223455523456677456667456777
123334123334122444122554167755166755666777
111111223333244433245446275556277556777666
122223124433124433144536155566155766777776
111122311222333442533466554446557776577766
111233111234522234552334556644566774667777
111122331224331224335444555646576666577777
122344112334112234152334556774566777556667
111222331112333422534466554766544766557777
111223111223444423455523456533656777666777
112223114223144233154433554666556667577777
122222121344111344533344555366557766777766
123344123334122344122545166555166775667777
122222111233114433544436577436557666557776
122222111112333333445555644455647777666677
112333122443112243155243665447665557667777
111222113242513342553644533664566674577777
112222111233441235466735466735467735467755
111233122233145223145553445566744666777776
111222331124331524335524555444666677667777
111222133322143352144356774556744566777566
111222113322133332455555466665466777444777
112222112332411355463355466357466657447777
112222111122334555334445364475367775666677
112333112233412235416255446665447665777775
122233114233144223144553145555667777666677
122333122233114243114444555556757666777766
112222122333114333514466554476554776577766
112222113442133342153644553646577666557777
111222133332114352444352664457665557667777
112222112323113333445555644445667775666777
111222131224135624335664355664375564777774
111111223444223444223333555666575776577766
112222133322114335144355644775664755666777
122222113342133345163445166455666475777775
112222113322114355444355446335776665777766
111111222233425553425533445663466677467777
111112334412344422333422556677566677555677
111223412233412333412555444665766665777775
111111222223233333444556455566475666477777
112222112334112334555634556634566674777774
122222111233141533445536475536477566477766
111233112233142335642255644445666755677777
111122113332333442555542556642777644777666
111122133132453332455522455666477766447776
122223122433144443111433556666555566777777
111112122222344444335664355666355567377777
111223122243152443155443655543667773666777
122222113332113435164435664775644775667755
112233112233122334155544655544666747667777
112233411223411223455663456663455767457777
112222111232413333443566477556477556477566
112333412223411223415663455566445566777777
111222331442311422334445355555667777666677
122233112443122453166453164453666755777775
112222111232144433546443556673556773566777
112333122233112234155544665447655747666777
112222112333142433144435664775667755667755
111112333412353422355462554462574666777776
122222112344113344155344555336756666777776
112223112333142243144443556677566667555777
111222341125341225344465346665376765377775
112222133442133442113445663755666755677775
122223112423144443114533665553666655777777
111122113222333244334444555666575566777776
111222131244531244536244536667533667557777
111222331222341155344556374456377456777666
111122133422133442334452666455667555677777
112222133422134444133345166655777655777665
111112333122334422354442555546777566777666
111222133242133244133445666455676555677777
111112313322333222455666455556477776444776
111122113442533442533342556642556777666777
122233112223111433566443556447566477556777
111222113322413352443555643755644777666677
112222112333112334555534556644766664777774
111222113332133322445666445556447756777756
111122133124335524365524365524666644777777
111112333122345552346552346652446777466777
111111222223244533445563445663755763777766
111222131142533342534442534677566667556777
111222133322134442133444556777556767556667
122233122333112443514444516666556767557777
112222113322411355433365476665477765447765
112223412223413333415555416655477666477776
111222122233114435664335644435667555677777
122333112223114233514666554666544777554777
112234112234512234513334566664577664557777
122222121344111344566334563374566677555777
111222113222413335444355446355666675677777
111111233344223444223554623557666557667777
122223112423114433144433555666555666777777
112333122343122243154446155466557666577777
111222131222133344335554666544666554777777
111122134442133422335426355466557766577776
111222122233144443144333556666555576777776
111122131222333245633445644455666675777775
111111222233223333444445466555666675777775
111122133124332224335544665774655574666777
112222311122314455333455366445667475667777
112222112323114333444453466755666775677755
111122131422335442355442335546775666777766
111222113322143352443555463755466777466677
112222111122344455333456734456737556777666
123333122433122455112455614457664757666777
122222121333111334555344556447656477666777
112222111332144432544336545366555766777776
111111223333423553422255446755466777466677
111222131124333324555324655544667747666777
111222111322453332455633455666457667447777
111122112223444423443333555556577776776666
112222111322413333444453666455677775667755
111111222334522344552334556634577664777766
111111223333422223455553446657466657467777
112333112233144253142255445556477766777666
122222123333144335114555144565746666777776
111222132224134444133345677355667755666775
122233122334112534615534615744665747665777
122233114223144233114553664557664557667777
122223122333114433115444655477665557666777
122333124453124453122453166455167757666777
122223144423114423114553665553667753667777
111222113422513426533466553446553476777776
123333123443122244125446155566157566777776
112223112323112333444555446655466665777777
112233122233144233114444556666555566777777
112222111322413335444335644755667775666775
122223122333114443115543666544665557677777
111122131224333254633254666554676754777754
111122131224532244533446553466573766577776
122233111223144233145663445766455766557777
112223122333124334114444556667566677555777
111111222333242333442566477556475556477766
122222113332133444135544165554666577667777
111111233334222334225644555644576666577777
122222111112333334555634576664576644577774
111112331222433526433526455556477766447776
122223122443111433551443556643566677567777
111222113324133524335524655774665744666777
122233122333124553114555144465746666777776
111111223333422353422655446665447665777775
111111222333222343556443566644556674577777
112222122333113344513444555466755666777776
111112333312443352444452666652665552777777
112222122333113343144445664775677775666555
123333122223111243551644566664567744557777
111222133332143532144552644455677775666677
112223112423112433555433564477566477566677
122223112423114433144435666535666555777777
122233111233112233444445647555667775666775
122222111123451333455663456663455767447777
111122113442553442533342536742556777666677
111112314422344222334566354566355576777776
111122112223445263455663457763455763477763
111122112222344444345666355766335767355777
112222133442133342155344155554667777666677
111111222233444223444333555555666667677777
111111222333242335244435664755664755667777
112333112234122334152544555564666664777777
111222341125344125334425364775366775666775
122222111233133334144444555556577666777766
111222111332433322435555466665446675477777
122233122233111433155444556664566774567777
122223112233411133444453647755666775667755
122222111234133334153644555644566667577777
111222122233114333544366554446755566777776
111222122234113334533444555564777566777666
111111223344233444233456255556257776777666
111112331222333442354442556466556667577777
111222112232144433445336475536775566777566
111111223444233344223564273566777566775556
111233111223452223455553456663444666777777
112222122333113334516664566444556747557777
111122311452333452334452664452667557667777
111233122223112433554443544677556677566677
122223122333111133445556455566444766777776
112233122233124335114655444655477665777766
122222111132415533455553446663466763477777
111111233344233354265554266554267774266777
111112333412353422356422556447566747566777
112233142233144235114235664455677755666777
122333122333112244511644566644557667557777
122223111223114553444453466553666653777777
112222311142315542355446355446337666777776
112334122334122334125544166547665577665777
111122112223452333455663455563477766447776
122233112223411133445637455677456677455667
111222113332413332445552644555664777666777
122233122233111334551444566744556777566677
122222123333113435114445644755667755666777
112222112233113334555344556664756764777764
122233112233142553145553144456774666777766
112222111232145533444553664453677753666777
111111233344235334255544225564266666777777
112233122233124443114443555667566677556777
112223122233144333154666154466554776557777
122333122333124455126445166745167745667775
112333412333412222411566445556745756777766
112222111322413355433665436665447765477775
112222111223415533444553467753466753666777
111111222222344444345666355556333576777776
112222314422311444315554355566337766777766
122333122233124435114455144556777756776666
111111222222344444333546335566777566777556
112222112233144553145563447563477563777666
111222113332415332455532456667456767446777
111222113332133432566472566477556447556477
111111233333224435222455664455664775667777
112223111223441233444433556666556677557777
112222133332133442154444155566777566777566
123333124443122543122544165557166577666777
112222113242513344516334556344556666777777
111122331222431255433657436657446557466777
122222132334133354165554166574167574667774
111222112223414533444533664537655577666777
122333122223114433154466154466557766557777
111111233333222243552444554467566667567777
122222111233143333145566445556445666777777
122223124423144433115463155663555766777776
111223111233442223444433555666555766777776
111122113332333442444422556667556767556777
111222133222133334155544555664666674777774
111222311222314456344556344556337756777766
111112134222334252344455345556377666777766
111123112223444423554623554633556666777777
122233122333124345144445165555167777666677
111223411233412233445253445556775666777766
111123112223444223554463556463556663777777
111123142223144233554233554466557766777766
122223123333124443114566714556774566777556
122222112334111344566344556334566677557777
112234122334123344123564155564556666777777
111111222223425553444453666453766653777773
122222111234133334153444556664566677557777
111123441123544223544223566733566777556677
111122133422133422553446553466577466577776
111222131124533324536324566444556777566777
111112344212344222344555335566737566777766
111112333312443322544662554462577766557776
122222113324113444133354666654777655777655
112222122334133334114444556666555676577777
111122311422334422333455666455667475677775
112223144223114253164453664753667753677755
111122133322133342555442565744665747666777
111112331222332244355546354446557766777766
111122132222133444335444355555666777666777
122222123344133334155544155674156677666777
111112333122333422555442665447655747666777
112223112423112433544433546666557676557777
112222134242134445133455163355666775667777
112334122234112234155334655544656777666777
122222111132144333445533455566475666777776
111112313222333425344425445555666677667777
111222311224331244335446535466555776777766
111123411423444423555523657223657773666677
111112314422344222345556347556377566377766
111112333412335422535422555446777646777666
111222311242331442536647536447536677555677
112223144223144523144533155563775666777766
111123142223142233445536455536457766777766
111111234444235554235664235566233766277777
122223123333123445114445614555666665777777
111122133224133224533644566647566747555777
111112334412333442354422556662755566777776
122333112333112444122444555677556667566777
112222111332133332455556445756477776447666
111222113242513442553446553346753766777766
111223114423144223544233566673566677555777
122233124443122433111443555555666677667777
111122334112334442354422356677556667556777
112222112323145333145366445566744556777776
111122311442333422344452366555666557677777
111233111243222243566443556743566747556777
122233124223154333154444155556166666777777
122222133332134555134556144566144666777777
111233112223144233445236455566455666777777
111233122233144223145563445566477556777766
111222131442134442334562337566777556775566
122222113244113444133456735556737566777566
112223111223144423444533555553667777666677
111122122223144333544663547763547766555776
112233122333124435124555164775664475666777
122222133332144335144455146655166665777777
122222112344113334513444553666555666777777
111122312224312444333454365555666577667777
111122333122435162435662435566444556777777
122223111123445123445533446553666657677777
122333122343112243516444516664566777555777
111112333312344322544422546677566667555777
122222112333411153445553446553466677667777
111233112233122443526643556647566447557777
111222122233114433554336544666547667557777
122222123444113454163354163755663775667775
112222314422314445314655316665376675377775
111112333312433522445526744526774556777666
122233122334123344155554156544166677667777
112222111322143335644375644375647775666755
112222112342113344333445677745667755666755
112223111233415233445236455776455766477766
111122113222333342355544556774566744666777
122233122233111433155466554476544776577766
111233111233422253462553466557466657447777
111112134222334422356477356447356677555667
111112344412335442635542635772635572666777
111111223444233354226354626354666555777777
123333122223144523114555164455664777666777
111233112223142533642553644455664775667777
122222111132413333456663455667455767445777
111122131222333332445555444655477666777766
111222311122344552344455346775366775366677
111111223333422536425536425666455776447777
112222112332411333444356477556475566777566
112233112233122433155444555564777764776666
111223142223144423154453655553666773667777
111222311222331444333454666554676555677777
111222311222331445366455364455367457667777
122223122443144433145553155663175666777776
111111222222344455334665344665336675777775
111122311422334422533444553666566677557777
112223111223144233444335466655766655777775
111112333122333442544462555462577666577776
111222311122344442355544367555367777366667
123333122243124243114445167755666775667755
111223112233142233444435647755667755666775
122233122234111334516634556674556674577774
111222112233144233445553465753465777666677
112333112333122224155644555664775664777764
112223122243155443156443156643556663777777
111112122222344455344455333365776665777766
111112334212334222334455664455677775666775
122222123344153344155364155364175666777776
112223112233411233456663456667455777445577
112222111223413333444355466655467557667777
112333122334122344112444556667566677555777
122233112333142243144445165555666757667777
122233111234112234555334566664567644577777
112222133322133344115554655744656774666777
111111223333222334255554666754676754677744
111122113222443352444355643355666657677777
123334122334112344112445672775677755666655
111111233334225534622534625554666774677774
111112133222433325463625466665444775777755
111122133122333224356444556664557664577777
122222113342113344516334556744556777566677
112233411233412223415553445556477766777666
122223112423144433115436555436755666777776
112233142223142533145553144455666666777777
111111222223244553644453664553667753677773
112222122344133344153446153666555576777776
111112333412355422335442655472656477666777
111222133242133342134445667475667775667555
112333142353142553142256142556744766777766
111233122233112233444555644475677775666675
111222111234555234565234665334667374677774
111223144223144223144553655553667773666777
111122313122333224355664556664557644777774
111112331222344452345552345666345776777766
111111222334255334225344665347665547667777
122222113342133444153446153666755556777776
112222133322111344553364557764557664777664
122222111123145663445563455763475763477763
111122112223456623456633456637455537447777
111222311222313455333445666455667445677777
112222113244113244553364533664577666557777
111122133442153342553342555442666677667777
111111222344223344233445663755667775667755
123333122233112244154444156666557667557777
111112133222334422334444555666575566777776
111112133332443322445562445662755566777776
112223122333112443144453666455676555677777
122333112243511243551243566447556477666777
111122312224315244355544335564737666777766
122222133332113444153446155546777566777566
111122331122333224536674556774556774566744
111234111234555234522234556634666734677777
112223112223411333455563455766457766447776
111112333312344222345552445556477776776666
111223122233124433154443555546757666777766
111122122223143333445553466557446577666777
111222331112433322435666455776445766455777
111222341112344422355446356666355776357777
111222111222344444345555366577366577336677
111111222223244433445433655573655777666677
112222132332133344155444155554667777666677
111112312222334442534446533666577766555777
111122131222333442353444556664577666557777
112222311142314442333544366555667575667777
123333122334112224514444515677555677666677
111122312224312444335446355556377756777666
112222111223451633456663455563445763477777
111111222233425336425336445566477556477776
111122311222344442355544355566336666777777
122223114233144233144435165555666665777777
111222113332143322444356474556775556777666
111112333122334522634552644455664757667777
122223122333114433156444156664557667557777
111111233444223454233554263557266657667777
122333112333412255416255416665446765477777
111223111423444423554223566633566777556777
111233122233114235644235644455667557667777
111222311442331422354466354666355767557777
111223122233124443154433556466556667577777
111112133452334452634452634552677752666777
111122131442333422334425666455667555677777
112222111232144333443355644755666775667775
111112133332444332564442566672556772556777
111222111222334455344455346557366777366677
111112333142553442533422554462577666777766
111112331442355442365442365552367772666777
111122131224332244355544335664755766777766
111222112223414433444335666735677755667755
112223112333112233445677455677455667445667
111222131122333324355644755644755664777766
111123144123544423542223566673566773556777
111122112222344455346445366675367675337775
122222111324153334155634775634755644777666
122222123333114453114453666455677475667775
111112122222333344334444556667556667557777
112222133322111333445555445566744666777776
111222112233144233544436545636555666777777
111223112233142233444535445555667777666677
111222331112333342555442556447566477666777
111122112222334444333445637775667775666555
111223412233412335412355466655466675477777
111112345152345552344452336422736666777776
122222111332143333144444555666557776577766
111122333112344222344455345556775666777766
111223122233124333154666554446577466557777
122222113342133544133544165574665577666777
122333112233114253144256444556775566777766
111223141123445223445233455563756666777776
122233122233111334551544655574677774666674
112222111132455532455333445636476666477777
112233122233111233444555444555667777666677
122223124333124433154446155566155666777777
111233114223144423546223546663557667557777
112234112234112234555334565634566664777777
112223111123444223544333554666555666777777
112222133242133444135464135666555667577777
111111222223244533644553645553647773666777
111112331222332244355544355544666777666777
112333122433112435162445662445667755677775
122333122233142553144655114665774465777766
122222133442133344135664155664157667557777
112234122334123344123546155546557776777666
111122133222134425336455366445766645777775
111112132222333244536664536764557764557774
111112331422344422345462335566555666777777
111222314225314245314445333655777665777666
122233111233412233415555465675466677446777
111122312224312444355544355666356676377777
111122112222344444333554633655666675777775
111111222333242333245555444655476666777776
111112132222433256435556433556447666477777
112222122333133344144445166555667557667777
111122331124335224635254635554666744677777
112233122234125334115344655574665774666777
111111222223444423544663555563757663777763
112222122333113344153444555664566677567777
122222113332411356413356455556447766477776
112223112233412333415677445677445677555666
122222111324133344155334665554677754666777
112222133422133444113345667745667775667555
122223112243514443514643516663556673577777
111233114223154263554263554263544766777776
112223122333112334156644555664755664777774
111112313222333242535444555564777764776666
111111222222333333455555456666446777446777
112222133422135446135546133546775546777766
112223122433112435144435664735677755666775
112223112223144443145543555633576666777776
112333122223114423144443555566577666577776
122334123334122354112554166554666754677777
111112122222334455364445364775366675367775
111122112222344456333456734456735556777766
111222133322134325144355444665776665777765
112222111232441333445663455663457667557777
122233112333122345114445664745667755667775
111122311442344442333522635555677775666677
111111223333244355246355246665244665777777
111122112222344445346665346765337765377755
111112333122443332445522445666555766777776
122222123333111134555534655444666477667777
122222133234113334511444556664755566777776
111222311122334552344455364457366757666777
111112333142355442355442355422666677667777
122223122333111143444443566666555576577777
112223144423144223114533666535677555667777
122222111332413355413356445556476666477777
122223111223441133546337546667544677555677
111222311222314555344665344655347666377777
111112133332334442444552555562777662777666
111111234444233344222335626655666775777755
122333112234115234515234555644666664777777
111111222223442553444453666553667533677777
111111234444234456233556233566277556277776
112223111233142243544443566663566777555777
111122112222344444333545336555666657677777
111112312222332444536477536447536667555677
111111233334255334255664255644276664277777
112233144233144233144225166665766755777755
122222123344111344133344555567566667567777
122222112333113334155444655574666574667777
122222123344113344153346157646557666557777
122233122233111433514467544667546677555677
122233112334122354116354666554776654777754
111111233333222234256444556474556777566677
112223112223114333554663554466554476777776
111112133422333425663425677425667445677755
112222113324113324555334555664666674777774
111122133332133222444445667745677755666755
112333122333122244114444566666565777555777
111122113322333224553544655544667747666777
112333122223114423154463554466577766557776
122333122333122455116445166645767645777745
112222111232144333444335664555667755667777
111112331222333322444444566677556677555677
111111222334522344523344553664577766577766
111122113332433322444425664775677755666755
122222121333111443444433556666556776557777
122222123445133455136455136457136477666777
111112133222334452344552364755664757666777
111122133124335524355524356724666774667774
112333112333112224556244566447556477566777
112222314422311445314455366655367657367777
112222111223441433544433555663557666777776
111122314125344425333425663425677775666775
112233112223411523445533444566777556777666
111112331222334425364425366445667755677775
122223122333111343155544665744665774665777
112333112223112423555443565444665777666777
122233122334125334115544165544666577667777
111111222233244233554433564477566667556777
122333122433122435114465174465777665776655
122222123344113344115364775364775666775556
111222133224113244333544665574665777665577
122222132334133344115644155664556667577777
111111223334223444223454663555666675777775
111222311222314555364775364475366475366477
111112334412344552364452366552367752667777
111122314152334452344552345562377766777666
112222111123444523455533456533476666777776
111222133244113244553244533666555666777777
112233411223411253444253645553667757666777
111112331222344442335442355556757666777766
112222112332133344153446554466577666557777
111233142235142335142635442665477665777765
111111233334222534622534655554666774677774
111222122233143335143655446655466657477777
122222111123144333445533466555467775666777
111223114223144223544463556663566773557777
111122133222143325643355644445666775677775
111112133332445322455326475526475666477776
112233122233124433115466555466554476777776
111223112233122435666435644435674775677755
111122331124355224335524355644666674677777
122222132444133454163455163555163777666777
123334123344122344122554166577165557666777
122223142333142335144455145556177666777766
111112313222333442344442566667565677555777
111112133332443532455552466752467772466677
112222311112344442335544366555366577667777
122233144223144523146533146555166665777777
111112312222333342355544556664576664777774
112333112333122224156444556477566477556677
111233122223114233554436554466554776777766
111222314422311425333445366645777665777655
111112333122334222344445667475677775666555
112333112223112233444444555666557766577776
123334123334122224111554555544666667677777
112222112234133334135444555466577766577766
111112333312444332444552677752676752666755
111112334122344552334522364557664757666777
122222133244113334153664155564775564777766
111112133322333222445556445756445766777766
111223141123442223544663546673556773556777
122222111112344444355466357776355776335766
111122134225134225334665344665374765777765
112222311422311444355466335466735556777776
111111222344233354235554235654776664777766
123334122234122534111534666554677554667777
122223111223441133544433556477556777566667
122223122443115443155463155463757763777666
111233412223411233444253466555666775677775
111222331112344452336452366455666475777775
112223122243114443155443655553666773667777
122222133342111344153344556664566677557777
112222112332113334555344556664566644777777
122223111223114433444553455563756666777776
112222311224311444333354555554666667677777
122234122334112344113354667754677755666755
112223122233145553145533144566744766777766
122234122234113334155534156664557764777766
122222113332113433514444554677556667566777
122223124333124353144655147665147665777765
123444123344123334125555122556177776776666
111111222234256234556634556634577634777734
112223122423114433155433555446577666777766
123333122223144253144455114555666777666777
111111233444233344235554222566777566777566
111111223334222334255344555644566677667777
111222131442133422335444635577665557666777
112222311224331444531644533666555676577777
112223111223145233445533455666456676477777
122222133332113444113544665554665577667777
122333123344123554126554126754166754667777
112222133332114332144555446775466775666775
122222111233133334156644556447556747566777
111223122233112334555344566744556747666777
122223122443114443115463555563777563777666
111222133242133245163345666445766455777775
111233112223122333455666455676445776445777
111111233444223454223455623355666657677777
111223412233412333412556447556747556777666
111111222233244443245433665553655777666777
111112133222433225436665436555466757447777
111222133422134425136455336455666475677777
111111222333423335422555446665476665477777
111122133322133324566624566644555574777774
123333122223124443114455166465776665777755
111222331425361425361425364455367457667777
111222122233144433154443655553666757667777
122222111132444133454336457736557666557776
111222331422311425344455364755366757666777
112222133324111324555364577364557664777664
122222111132133334566634556664557444577777
112333112233411235444225464555666665777777
122222111123456163456663455563457773447773
111122113222333332444445667745667755667755
122233123333124445124445116555666657677777
111112333312435522435226455666457667447777
122222123344133344135544116555666577667777
122223124423144433114533165555666665777777
122223124423114333144553146555666757667777
123333122443122243156644155647156667557777
111122132222133334555634566664557764777744
111122333122433152443652446655466655777777
122223111233114233444443555666557666577777
111122133322145332445532455666445776777766
111222133332134432154442554677566667556777
111122311222333342566344566644557674557777
111222331422311442355544355546377666777766
112233122333112243155544554446756666777776
111123122223124333544443554666577666557777
111111222223445623445633445633555666777777
122222123333144335114555144465777765776666
112333412333412225411255466655467775466777
111122131224335224335444355664557666777776
112222111232144335444335664735667775667755
111112331222433322435566445666475556477777
112222112332113334553444556644577666577776
111222131442133422335446535646555666777777
112223142223144443114333555677556677566677
111223122233124335164355664755644775664777
111122133122443332455632456667456767455777
112222133332134352114555644557644777666677
111122333112433222435555466675466675447777
122222111132414533444533645553666757667777
122233122333124355144455146455176666777776
112222311142315442355544356647356677366777
111233112233142233442555466665447765777765
111122131322333322455555446657466667447777
111111233333234445264445266655276655277777
111122133422134452334652374655774665777665
112222113224113344555344565374566377666777
111111222223425553446753446753466753667773
122233112333112344152444655554665777666777
111112133442533442534422536672556777566677
111122311222333424334444555555666667677777
122222112333114335144435445555666666777777
111222112233142333444435466775666755677755
122223124533124533164553164457166457667777
111233111233422233442555466575446775666777
123333122233111224156644555664556644777777
111233411235412235442635472635477665777665
111222133322114332444535445555677777666667
111122331122333224356664556664555774777744
122222133324133344155446115546755766777766
