111111112234551522344555233446552344665623344666233778662777888877778888
111223341122334411222334122533341555444455666666566777775677888857788888
111112221344222213344422113344553334465573766655777688857666685577788888
111223331122222311224443114444335544633756666667555687678555877788888877
111112221311224413332244536626445336266453366674588888745588787755587777
111111111222233322333343224444432546647755466667556688875568888755887777
111222221122333213333442111335446667754466677544667775456778855588888885
122222221333224413533334115663641155666415566744157767448557777788888888
111112234111223344412223445555234446552377766553776666537776868378888888
111222231111112344455523464522236645573366445773664557336888877768888877
111112221133442213334222134444526374485563788855637788556667888566677775
122222221111232451113334555133345555366477583644788886447778666477788866
122233441232334412333344122254441655555516666557188677771886667718888877
111112223314111233344222333442256344555566644775668777756688787568888875
112222331124223311144233115442635555446377554463775588667778888677888666
111223331144233311422233114225637742556677455666744455567778885678888886
112233331222333412255334112555441125554671775446777884467888886677886666
111111112222213322433333244444332545446655555776588577768888776688877666
112333331223343412234444122245551112446517777765777766658888666588888655
112222221122333211144333114433536664475566884755688447756688775568887775
122222221123332413335334135555541156666415577664177766647788888477888844
122222221212345511113445133134556633345566374445667774756888777766888888
111112221312224433115224335556243375666433755664777558647877786488888864
111123331111223344412233444423356474222566777775677878556668888566888555
111112223311224233112442333444526634445567375555677777556666877868888888
112222221333333211111332445515324465555546666657446667774887778748888887
122222231224332311443333144445531446775511666755166687756688875588888777
111222221332244411332234111333345555554466666544667775886677858877778888
111122231121233341222333412555334445555566457778664478886647788866677788
122223331112222314111323144443334456666745566677456677775588878755588888
122222231212333311123333144444551444555514666577666855876688888768877777
122333341222344412233554122335541166554411165574886657778866667788888777
111122223141124233441142333444423355566237775566778756667788555678888886
122222231233333312245663144456631444566614755566147755571187777788888888
122222231244333312243333144444451111666516666665777775558777755588888888
122222221211323311133334551163345556644475566644757764487576688877788888
111122223111244233112544336225543665555433678854636788546667788477777888
122333331123344312224443112244451162466571666665777788657888885577788555
112333331122223314444233145442221455467715556667158566678885667788888777
122222221111112233311445336666453336764583667645887774458887745588877455
122222231442522314555553146577531466775314466733144667331886677718888888
111222223111122433115224635555446333354466663544677755486678888877777888
112222331122422311154423115543336654433765584477655848876588888766667777
122222231142223314444333114543661145433615555666775558867777786677888888
111111121334441233555442335555423666554236777442366677226688877288888877
122222231111124315614243156442435566444355667733566877335868877758888877
112222331222433312254443111544331515546355554466777766667877788678888886
112333331222444312555433122654341226544411665555717666887777866877788888
111122331112233314122353642273536427755564447785664778856644778566888885
111112221132224213332244133555543335554466777554666677446866877788888887
111223341112334411122334556233445562344455622777556666678568877788888877
111111112133333323334445222224452666644526777445668777756887785568888855
111222331112223314422333114256334445566644555666475556867777778877888888
122222231111122311441233444553367444533674775536777555668775886688888866
112222221122333211333334516663645177666451777664555778845857784458888844
111111121133332244443222445433224455533266665555667777576688777768888888
122222221112334213333344155335641155556471588564777888647888866477776664
111112223133111233344222334445526364445266666455767688557777785577888888
111111231444422311444223554422235666662355563333577668885776788857777888
111112221333112233331222444335526644445564477555677777556678878866688888
122222231224423314443335146633351446655511466665178888651777888577777885
111122331112223314424233154442235556444357766883557766885576688877776688
111122331411223344411233444222235546777355466773558666775888866755888867
112333331222233311122223144566661445677614556766445887774558887745588887
111112221334424211354442133554223355544233655788666657886667778867777888
111112221111222233332452363334556636444576666455776774557777844588888888
122234441122344411233544162235451662355511663335666777756877777588888888
112233341122233411252344112523445155334455556664777778667787888678888666
122222231442232311443333114444431566666315555666175588687755788877777888
111222223312422231144444314455663145556631555576388877763387776688888776
112222221111113213333332444553324455555564777758647677786446887866668888
111111221132222214332235444333356647773564488775644887556666875568888775
111111223314444253134462531347625333476255574762558777628587876288888666
122233331222344315622443156624331556647711566447115677475556877788888888
111222331114222314442333144223531455555344677755866767758666667788888887
111111123114222233344242553444425533334255566667858677778586667788888677
111222341222233411112334555123445656334456666347566888475868787758887777
122222341222233411111534611555346755533467775534666777346868774468888888
112333331122233311112345162222456667744567674455677744556778455868888888
111123331222223311242233155444431554664375544688755666687577686877778888
111222221112322214133333541344635444466355546667855556678888876788877777
112222331122223451132334511333645155766455577644857776648878776488888664
112223331112333311222334511266445552666457776884557766845578688477788844
111111121333322214432225446333254663772546667755488667754886877548888755
111111123444411233354442355555423566664235567672336677728886872288888777
111222331111223345511223445562234456663345576838445768887457668877777688
111122221331244233112444331522643335776485557664857777648555776688888866
111233441122333412233444112233441526666455267766558776675588777755888888
111112221333222213332244155334441566344455566784566677885677788856777888
111112221333122243331152446335524666365246766655447775584778785847788888
111112331415223344155223441552334666522346555273466777774677887866888888
111122223331112233331142554334425544446257646668576666885777888855777788
122222331111233311122453166244537666445376664553764445587777755878888888
112223331222233311224443115544331555544415666664557776667778868877788888
111111221333412233344122333542265555442657854466578848865778888677777666
111222221222334211113544661635546666355467733354677385547778885477888884
111222221312242213344445134466451366674513666775338867758387775588888755
111122341222233411233344122344441553646655536666555777765888887688887777
122222331112233311423355144235551444356517444565777866667788666877788888
122223331244223314445233145552531446555314665777116687771668888766888877
122233331112223314442233114442536114555566647775686475556887777766888888
122222221111232311333333114556634445566647456668475568884755888847777778
112222221111223214113333544446635477466354786663547888635777786855557888
122333341233344412235444122355441226655516667755166777581677788816788888
112222231114422314444223111444335553333655577776587777665887886658888666
111111112222213422533334225333445555344455566447866667778888667788886777
111111111223333342253663442556334222566644255677455566774888877748888877
111111221122222213444424334354443333555566377775866667558888677588886677
122233331112223311425233144255631145566644456677845566678485877788888777
111233331222333312123444111224546662445467666654677855587778555877788888
111111223111322233333332455555524456655244446662447777667777876688888888
112223345122233451123334516236445162366451666674518888745588787458877777
111222231442333314422353144426531144265317788655778866557778865577888666
112222331222433311224443516644435116443355166666577777765577888855788888
111222223311142233331442335511423655544466557744666587776665887788888877
111122223111222431512244355554443555544633333476888877768878766688777666
112222231124452311244533612445336144555361455533666677886777788867778888
111222223312422233114444331144556331744566377555666785556767888867778888
111112223114444231144422333334253366642576686625768886557788888577777555
112222221344252213444555133444551333645718336557188866771888667788666777
122222231122332311143333144444351674744516777755666677556686788588888855
123333441232233412225634122556341115566471155564777756647787766488888888
112222231445222314455323144533331445663614755666177755661787788677888888
112222221111112213444442333354456336544563365555666657778687777788888887
111112221111222233344242333344456334474566777755667677758666555588888888
122222331224333512443435124444351114663511666655766775587677885877788888
111111123314415234445552344665223466552234655227336777773666778788888888
112223341555233415522234115223341655663416656734186667748888887488777774
112233331122223311422533114425536144555566644445677778856777788866678888
111111112222333142333333422256664255555644557756844477768477787688888866
111222223311144233114422335144263554446635555766358577668888876688877777
111111223311122233333224355522443565444455667474566777775866668788888887
111222221312422213114444331445443677555536775555366777783666878836688888
111122223111112233334422355444423554646637546668375555687777766877888888
111122223311144231144452344465523466655233376552737766557777668878888888
111222231111233311422333444422335546677755466667544666875555888788888777
111222221312332213333442153634471566644715566477555564478856687788888877
111122221132242213333442135334661553444655574466555778867777888677888866
111233334412223344122233541162735411627754666777544666775556887855888888
122222221333323214443333114444551144665511666655777685587776885877768888
111111121122222233442244333444453367745533677775666887556668775568888885
111222221133332213343225113455551634445566444455667777776667887768888888
122333331222223411152234615543346115444466155747666577776855878768888887
111122231111232344512333455522334455263744855677488856774888666788666777
111122331122223341112333444422534464555346677555866677758866677588888877
112233441112233412223344112233341555554455666664577777665787888677888886
112222234112533341225353411255534411555344666663476866684778888877777788
111112221313112233332224533624445366644755688847556884475668887755687777
111222231444233311442223114423331544663755556667585668775866887758888777
111223331212224312225543165555431675854316758443667888436677784466777888
111111121333122244433332454533224555662245576666455776664777788877888888
111122221312242213334425134445551344666573486665733886557777866577788888
122222221113332214113333141555334444555647755756487777664887876688888666
111122221133442513334425133342251634425566744555677775886667777866888888
112222331224223311142333144444331454555515555666776666667777778878888888
111111123133212233332224353627445566274456666744555687745856877488888877
122222221123342411113444511334465553346655337466557778865778886677788886
111222221133442251133422511344665333346657774446557777765557886688888886
111111221344222213342255134425553334455533644775666677776866788768888887
111111234411122354442233544442335555223675582336775866667788888677778866
112222221333422211134455133334451136447566664775688847556688877568887775
122333331123344312222443122444551111645566666475688877756888777568887755
111111112213333342255366442553364225537642257776448557664488777688888876
111122223312244231144442351146623554476635558776355887763858776638888776
112222221111122344411233444333354466335574668855766668857677888577778855
111122221112232341122333445533334465557744657777446588876665587766688888
122222221112213345111136453333364555573645857766448577764488877648888766
112333331122234351112343516624445162247455627774566678745667787855888888
112222221323332213334335116744551667444516774455167784556678885866778888
111111111223344422233344255533442253344625555766888857668887777688777666
122233331112334412223344111234445162447855666778555677785566788856677888
111222234112223344152263411556634415566344755633747586637775886877788888
111123334412222344115523411552234665552344665573486667738868677788888777
111222331442422311444223114445231665553366677533687755556887777766888888
112223331224222311244333155433661554476615554776158447668588877688887776
122222331111233311422553114255334444555366447755684887776888888766666777
111111112123333322243335624435556244444562774775627777856688788566688885
111112221344124213341242553444425333666253376666555777665777778858888888
111111223114442233144442333454523336555266666522777865557778668877788888
122222331124233314242533144445531455556314757566177776661788888677888866
111223334111223341512236415223364555236645758886447558664477888677777886
111122231122222341125533415555364557333645777366488877764888877644488666
111112221113322244133352463337524666375244866755448677554886677588888775
111122221122233311233334152363645566666456677774558887445558777488888744
112222231144422311444253614472536114755366777753666877536888875368888553
111111121333444215533442553334426577344265572222655777776666667888888888
111234441122333411233554122233541262355466675554666788546677888877777888
122222221111223344111553446155534466575344677753466777536688877368888883
112233441123344411234445122334551122366577723655777766657887866588888865
111111112233133322233334552222445556664456667774556877745668887488888774
112222223112122431111444333556443733566437755644777556667775568688888888
111223331114223315444233154222331544267755466667554686675588886788887777
112222221223234413333334115344441554466615778686155788865577888657777866
111222223142425531444225311145553144455536667788336677883367788866677788
112222331122223311124433115543335554444456578884567787885677777866666688
111222331112222311144423544446235554463355766633557686687578886877777888
111111111222344455523344522233345522334465553774666667776888667788888877
111122221112233211424332444443356644733586667535868675558686777588887775
111122331412222314112233445526334456666345555663457576884777768877788888
111111234441522344115223444552236465722366657733666557338688577788888877
111111112133333422235544226335442263555472665854766688547766888477777888
122233331242343512422435124444351114663517777655176666587786655877888888
123333331222223411224334511244445511164456666667558688775886877755888777
122222221111234211133344513334445536344455566666755568867788888677777788
111222223312244231124444331115543333654476666555766668557777785877888888
112223441222334411233334112353441126555466665554676657586777778877888888
111111221333144233551442355555423356754236667442667777426777888266888888
112222331122223411152334115553446557334465577344657777846776888866668888
112233331122233311124553122245531444445674888556748886567788865677777666
111111123333131244533322455362224566627745556277456668774586887744888887
112222331144423351144233511422635174426357746663557768665778886855778888
112233331112333341222223411125564444456677475566774756668777555688888888
111222231222423314444233111543331555436655574666557747668777778688888886
122222221223333314444335144644351666643511676665187777551888877588887755
111112331112222314225533445225634455556347775663478866634788886647777888
122222231124233311442353144445531145556317456663775576667777768688888888
111123334111235341222553412225334425553644778566447785867778888677886666
111222221113224211334442313444453333465577777665776666657786855588888885
111112234111122344222223445533336455537764585377645857776488888766666887
122233331222222311111113444443334456777784566767845566678885566788885557
112222221112323241333333411355554415565546666675468776774688777744888888
111112223141122531422255334662553446655734446757384667573866777738888888
111222231222333312424443144443331145555561555577666688776888888766687777
112223334112553341222533412555364125553641177776447787664488877688888666
111222221311245233112455336124453664444533666455377688587776685877778888
111111221113344255333422553534426555342265663442666774776868777788888887
111111221132222213323425633334456677345567774455666744856677748588888885
111111123144441234454422334555523555566237777762337787628387866288888666
112223331444233311142233156442371564427715646287556668875586687755888877
122233341112234415523364115236641552336417526664775556447778868877788888
111123441122233411523334155266345552633475226664755766847777688477888888
111111221122222231233344333354443675555466757544667775546778788866688888
111111221313212243332225436332654366666547775665448755554487777748888888
111111121134444233344422333344223555667255666772556866725888677758888877
111112331111223344222335422627354666673544667735466777754888887548888555
111122221122233241152333415553634456636345556667488577674888876744888777
122233331122334315222243155544431555544416665747116677776666777888888888
112223331222234312123344111553341665444466655477668857776888555768888777
111122221332234215332342155333441555444617855466778854667788886677778866
112222221111333244513322455136664551366644533676445886778455877788888777
111112221113323214443232444433325445366255555766557777768878876688888766
122222221111134211555342155333445553633477566364777766647878886478888864
122333331122223311112223144156634445566674445556777475567877758688888886
111111223131144233333442353444425554622255556772566667776668777788888888
111112221133222413332224135555546335444466355544677777786767878866688888
111233331122334415233444152344641522776415827666558276665588777658888877
112223345112334451223334511223445611234456777884566678885666788855677778
122222231111112314144223444445534666555366666533677755337777758878888888
111222231412233314122233144444431555564375775663777555667877666688888888
111222331114233314442233144422531644725386777755867767758666665588888855
111111221333112233433552344666523446765244667652448677528887775588888775
111111112223314423333344222235442666355466675544886755558667777788888877
122344441123333411233534122225341126555416665754866667558867777788888877
111222221113422215134442155334445533334456637788567778885667777856666888
122223341122233412253344111553441615337466555574685877746888887766668877
111222221111233214444322155543335565433355664777656644776668887788888877
111222231444233314552336144523661445233615452666155576687777778877888888
122222331121123311112233444443334545446655555666557766667777778878888888
122222221344452613345526113455661134555613344456173388867777886677778888
111122223311222435511124335556243556666435566674388776743877777488888844
112222221132334213333442111334451666444577664555766688557688885577777888
112222221111112233444125634444556334455566377885663777856337878566778888
111122221332224411322554133665441336555433665744666857476888577788888777
111123334111222341412333444223534666225546666555467688557777888577778888
111222221122232314433333114435351664555566445557688448776888888766677777
111112223144125231144452366455523644455236777552366677773686778833888888
112223331223333312222344114444451664455511666577886655578886657788887777
111111221331122243333352444335524446552247665555477666667776888877788888
111112221133322211333322443355624455556644566666445567774877778788888887
112222221133332213333442111344456614477566644755666777556888877588888755
111111112233333122224333244444352647745526678485667788856667888567778555
111122221333242211533442155336421555364455663644757666487778868877778888
111122221131244251314422553344425633774456637777556378885663788856667888
122222231222443315444333154443331555466611566667115676778855777788888887
112222221111223411553234515333345553663455778644777886647777866488888664
111112223311122233312242334444453647884536677845666788556777855566778885
111222221222333312443333115444631554776615444766557777665587786658888888
112222221334255213344452133334551364446511666465718866657778888577777888
111122221113333211443222444533324555563744456677888566778855666788886777
111223341222234411223344115263341556633475556644757566887576688877778888
122344451123444511234445162335551623335516223757166287776688888766888777
111111221312222413325254663255546333355463677554666777748867787488888844
111122221112222344112333445556634455663345566633455766774877777788888888
112223331222233411125334111253346555574466577774665787746657884466888888
111234551222345512223455122634451176334517766345776683447666838877788888
112222223122124431111554336615543336654473365584766655847677888477778888
111111112213333324335335244555552246656527446666274446862777788877788888
122222331242233312444453114445531166455317668853177688557776685877766888
112222221133332415533224155333441655444416657747165577776666888768888887
111111112222133344422355444223354644235566777335666677758668777588888885
112223341222334411122334561263345611634456666774565577745558887788888877
111222221113233241333322411553664555737645577776455766664477888644888888
111222221112333211333422513444445334677455546777585566775888866788886667
111112221131444251334442533333425666344256777722566667775586778855888888
111111223333411233344142553344425555442256667227556677778886666788888877
122222221233333312433355114555561444455614777566147777661477866688888888
112333331223444312235544122354441225555411665657166666678888877788887777
111122221112222311444323544433335444363755566667555688678588866788877777
111112223314111234444452333445526337455263675552666775826777788866788888
111122221131123213333332435666224455666645578668445788884457888745577777
111222221311122213334255134444453366455536644555367888886677778866777788
111222223311112243331122443335556434557764445577666458876688587766888877
112222221112324411333244115533647555366477533644755866647578686877788888
111111123144144233444422534672225366722753367777533668875556668755888888
122222231142323314423335114443351647445516777775166677556666788588888885
111222231122232311233333114456634445566745556667485567774885687748888877
111222221222333312444443144533331445555511556665777666887776868877768888
111111123344411233564422355642273356442733564227555667775666888788888877
111111221333112433322224533224445354444655555776588877668877777688886666
112333331123223312222234155544441165554416655544666777776887887766888887
122222231242423311444435111433356144735561667355666777756687778588888885
111112223114422234114522344445263335456637755566377785563788888677788866
111222221111223341553223415633334456666344566777455677774586788745888888
111111223341122233412255334662573346625734446557446665578868875788888777
122333331222234311223344111255441555544416657884665578886777778866667788
111111223414511234445552344556523466665234777652333766623777888277888888
111122221333333213343222155446621557466615774886557744865778448657788886
122222231114423311442233514444635174776351777663557866635578686855788888
111122223111222234411552334465553374685537746855377468883744666877766888
111123441122234412222344115233445555533455666633577776667788668877788888
111111223144411234422222334442553346665573336555777665587778666877888888
111111123334121233442222344444523466665237765558377655587766685877788888
112222221111322214413333144445334455556345566663557676668877777788888887
122233331242335312423555124435561247555614476666114768861747688877778888
111111123313321233332222453555224555566644757866447778664477886647788888
111111223311122233422242334444453445555536667575368777756688787766688888
123334441223445512334445122333451226655511266757166687571866877788888877
122222221122334413333444135554641356646413556666115777678855777788888887
111122221111322451333224553333245634444456666747556867775668877758888887
112233331222334412223344111234441555546415666666556777765577887788888887
111111223114222531344225333422553334446577744665877777658878666588888665
111111221334222211344252673345526733445567334455677774586768785866688888
111122341221223411222334153333345555444456655574886667778888677788866677
111122221333425211334452133345521344456277447566877775568887765688888666
111122221131124213332242333334445666647455667474566877775568888755588887
122222221111233344112333411555534444455346665553666788886667777877778888
111222221311112233341224333444443555546435575666755777667777666888888888
111111112222221322244333544443335546663354466777555667778556678788888887
122222331112123344111223441566334455563344577668455766885577866877778888
111111123344441234455412344555223333522236555278666777786667887866778888
111111112331444523334445233345552364455522667775266777772668788826688888
112222221323244213334444133334541666645511166655777676557777755888888888
111112221313332213334422133445526666455266764458767645587778455877788888
111123331222222311112243555444435556444356666643566778835767888877777888
111111223133311233344222335542225554466654446666547886685578888877777778
122344441123433412233334122566341225566411175666777755567787855678888888
111112234411223354112233542223335446637854446678566667785567778855778888
122223331214223311142333111423456644444566778885667888856677885567777555
122233331142223511442235111423356164453566645555677447786777778866888888
111111223341122536412225364424253664444533667775338667558886777588888775
122222231122244311144443156664431566643315556337855566378588777788888777
112233331222234311252443112554631555446315544466775666667777888877788888
111112221333122411332224556332445566334455666664555776447777778878888888
122222331145523311452233144525531445553316444778166777786667778866688888
122222221333442211133445133344651134446516666665777777657888875578888855
112222221122333214555533145333361455566614445776148877768448876688887776
111223331222333411125344617253346172555467727554677775546688884466688888
111111112222334125266344256663442555634725566347558633478888834788877777
111222221113222415133244551533346555333467755774667777446666678488888888
111122341222223411552334115323446653334465557744666557776687778768888888
111222221111233341152236444532364545333645557776448557668888776688887776
111223334411223345122223451126734515667345556773485866774858666748888877
111122221311122213444522334555563345575633447756384477768888777688886666
111111123112222233224442344444553665455736655557366677773886688738888877
111112223411222234411252344445553364455536666557368877773668888736888777
111112221311122233333442355366423566664255777644577766485778844855788888
111112221311422233144422333544423535664435556666557786665777888877778888
111111221322222213344442133355446733354467777554666677556888877566888885
112222223111111233331422355334443555566477556664777566647788868477888884
111222221133332211143332414433524444555546677755666687758666887588888777
111111112221333452223344522234445533364457777664557766665877786658888888
111222331122323451123334551234345612644456666474555687778566877788888877
111112223131122231345522333455623344556644445567888465678887666788877777
112222221132224413334444155333341155563471775664777558667785886678888866
112222331111122314412223444553334465535346655557468887776666887768888777
122233441255334412253334125553341256557412666674166867741688877718888877
111112223142225531442255316425553164447536667475366674783367777838888888
111122221113222241133255444333356644433566664455667685587777858877778888
111123334111223344411233444222334545226655557766577777765588876688888866
122234441522334415523334152233641552366415556664177777661777786818888888
111111112213333322233443552364445522674458266774588866745588677758886677
111111123313122233332224533524445555244677555446777784667778866688888866
112222221111332211333324155353345555544466665444676666487788888877777788
122222221233332311111333141553664445666647555568477575684777786844788888
111112221333332211333324155522245556667455666774586677448886777488888744
111222223311222435111244355515443355554463366447636687776668888788887777
111111111223344422223344225333467253884675538446775586667775868677558886
111111223311222233312442335555426335554466757574677777746666884468888888
111112331222222311122433555444435567774356678743566787435567884866678888
111111221312222413222444533366645533664455533647885666478557777788888877
112222221222333311333444153534441555644411556666755768667777786877888888
111222331412522314125233141255534466575346677753468877534688877746668888
111111123444411234334442333555423666552236655722866657728688577788888777
111111221333312233444125333644256666442577664225776645557778858577888888
111111223114442234142425344422253333365576663655777666557778865877888888
112222221332244413323445113334451163445561665557666888576888785768877777
112223334122233341112223451166334516666645555676485557774888777744888887
122344441233333412325344122253541662555411655777116657776668877768888888
111111123441442233414552334445523665555236665222336666778777777788888888
122222331242333312453353124555551445566711466677144866771848667788888877
111122223131122433331244335312245555566475856664788568647888886477777764
112233441122233411222344155233441556633415556664775886667757888677778888
111112223114112233344442355464423356664273555662737758667775586877888888
111222221332332211333324153444441555555416667554667777746678788866788888
111222331222224311244443155554331156643355556473888664778866667788887777
111222231222444312244443111445331555553365657773666578836677788866778888
111122221133222211133332444445334646455346666655776765557777885877888888
111111112222234152522344555623445556634457666334777688347766883377788888
111111221133322213334242334444425366447256666677556777775568788855588888
111112334412222344111223544422335554673356646737556667775668878758888887
111111123341222233414252334442523644555736455577366577776668778866888888
111222223111222233411144354444463555746635777666355777683587766835888888
112222221111122211333444333344445553647455536677585886775888867788666677
111122221331442233311422353314423556647755666447556866475868888758887777
111111112233145526344455263344572634445726338857268388572688885726667777
112223331112334311123444152236645522366475558644777586647755886677788888
111222221113242215132444551344645333466453337666588877665558876788887777
111222331122223311242333144444431455646355576666557777765778788658888886
111222221111132244441332554444325666643355556333577766665778888877778888
111122221131222431315264333352643753566477555644777556847886668477888884
122222221112332311114333566143335664444456647477567777785668878855558888
111222221312222413333334111556347555563477556644777566447776664888888888
122222231244433312454433124543331145555516677755116667778888667788888667
111222221112223214444333114433334445536655557666558877768588777688887766
111233331112323311222234516722345667774455667774556678845668784455888884
111111112234444123333345222633452266344526666645777675557877755878888888
111112234441123345115223455552334556723344567223646677776666877788888888
111222223111242231114442333345553334445566674555677777586677788866688888
111111223113312433333224555322246655442466555444665777776688777768888888
122222221111123214431133444333334544467755666667555867675858677758888887
111122221131124251332242553336445533364455777644857876648578776688888766
111112234122222341112233444433335446666354776868577768685557688855577788
122233331223334311222243111144445514466657747766557776665577888655888888
111111223331112234333225443322256447775564447755646887556668777566888888
111122221332242213552466135544461335446613354466773558687775886877778888
122222221133333241315532411115334445556644557666485777764887777688888866
122223331111223314422233144455361444553614555666777758867787588677888866
111222221122333312244333144455331444556614755566777755667778888678888866
111122231444223311142333514426335442266354776666577766885757788855578888
111112331222222311422433144444435554666355778863577888635577886657778866
111112221132224211324245333444453334645577366555777865657788666677888888
122222231142223314444433111454431666555316666553667885537778885877777888
122333331122233311425553114225551444256614775586447888867478866677778866
112223331222223314442533111455531664445317666455777684857766888577768888
111222231111222344122333441433334444567788855677855566678555677788886667
112222231142225314424453144445531115553366667553688877736668777368888877
122223441222233412113344111134445555333456555577666677776666878788888887
111111221334444211333342333544425555554266656522766666827778888877777888
111222223311122233341152333441556344444566677745677777556678888566888885
111122221133332211433352144443526666435266664555776445558777777788888888
112233331123334412235544122355541622755416667754167777546668778468888888
111112221334112213344422333342256634445566647555688777756687777568888885
111222221132332213333324115534446154447466548877655558876568888766687777
111112331142223315442223154444235555442355666663756886837766888877777788
111111112222133452222344555233345657373456677734567778445666788466888888
111111111222223344422553462277534666775344667553844677538866875388888753
112222231111222314455233145533331455366784455677844566678486667788888777
111112223133122433311224553442245336444455566777588866675888667758886777
111111231442222314522323145523334445555344666573888865778868677788666777
112222221122333211133444151334645553346475584466758866667558888677777788
111111123333331245533312445555224456652244776528477766284766668877788888
111111123311222233333244355532245566624456676884566768445577784877778888
111111123113332233334352644445526464452266654572677555726877777868888888
111111223112222234125526347755663477556634775566344758863447788633488888
122333331222445312244453122644531166445316666557166555771888888788877777
111111121122222232234445333346653733465577444655774886657788886577888665
112222223111242233511444335614443556147435666677358666773588888755888777
111111121331422233334255334442553446425577466255766662857766888877778888
122223331223334412235444123355541665555416777574168877741668877816668888
111112221333122213332244135552443355666475566644756688447568888877777788
122222331444422314442233145666331456663311555677115556678858877788888777
112223441123334412235334122255341666753416777544167775556668778568888888
111111123113322233334422536342225664477755644877556448875668888755668877
112233331112334311222243512244435166664455555664557766647777788877888888
111111231112222342225333444255534555563344456636478886667777868677778888
111233331112232341222223411555534555567344485677448866674888677788866677
111111112334414422344444223555552335566722355667233866778888666788887777
122222231245522314453333145555531444453314666677116666678177777788888888
111111121333212233322222334555554346675544466757884467578884677788886667
122222231122243314444443111445331555555315666573886777738866667788888677
111222331222333312422335164444351644775516477555164785586667888866777888
122222331224423314444253144655531746655317776653178766531788665817788888
112222221333244211134442131354441333554677788556777885667788556678885666
111111112222213455222234553333345563344455667748566774486667788867778888
111111121333122244333225463722254637555546378855467778584666788844667788
111112221311122433522244335424467354446673588866735588667355588677777886
111222221311224413155244331652473666554738665547388665473388654788887777
111111121331422233444222356644223556644735668477356887773566887755588887
111111223333112435332124355322245566624456666644555677747777787488888888
111112221331322214333322143355524445555544666757446677778666678788888887
111122221331322413333244135632241556666455667674855677748558874488888777
111111223331122234351262443552624333566647775566477885564777858644788888
122222221123334215334344153644441536466615366677155586771855887788888777
122233331122233311112223444115634747756647777556478555564785886648888866
111222223311222231114444335145643555556433565664377666847777868877788888
111222221133333213333452114444521666645276666455777684557778848577888885
111112223112224233114442334445523334455673555556777888667788866677788866
112222223122144231111444335516643555666433578664355788643757786877778888
122344441123334412222334112523441155336615576666555766865777788877788888
111122221111132433333324536362245666627455686774558867745888874455887774
111222223311244231114422313344443335554655555666777757668787776688888886
111112221331224213313244553332445566324455566647588866475887766788887777
111222221111222233114444344444553355555533665777366888773668777766688888
111222221333222211334444133345641535556415557764858777648887766688887766
111111111222233322244333522443665544336654447776587777665888778655588886
112333331222343311223444111244456612244566665555665557778688888788877777
122233331222333311222435111114554444445647777556878875568778756688886666
112233331222223314442233114455531145566614456666745586687775888877777888
111112223114152233441562344555623345556233444562377666667777888877788888
111122221133322213333224135534441555555466665444667784886678888867777778
112222231422242314444433145545331665555316665573116667738886777788888877
123334441222333412253534125535441225554411657777616888776166888766688877
111111112233334122344445233444652233466572266655766688557778855877778888
111112221133112433332224356324445563247456677774556788845667778855668888
111111121313332233334322555546625555446257774462777744627788846688888866
122333331223444312444443122224531167755516675555167788581667888866677788
122223441222233415255344155553341665573416677734168887341666877716888887
111111123414441234444452355555523356665237777622377876223788866637888886
111122221331111233442222334555553445677534556677344867778488666788888667
122333331122343311224434122244441555466617558886175555867788888677777666
111122231441232311442323515423335554266355444666758888667577886677777888
122333331123344312234444112225441126654517766555777766658877786588888865
122222231114223311442333144433531164445566675555677775756888777866688888
122222331211223311112334555133645577366455766664577686445778888477888844
111111112222223124422335443333554466633544666555477688587766885877777888
112233331224443312225443125554631254446315566666155778661777788877788888
111111123344211233442222333425523634445566677475686777756887755566888888
112222331124223351144233511442335514663655746666557446867578888877777888
111111111222223342555333422555334255663344456677466667774886778748888887
122333331223223411222334115566647115664471556448775666487555884877778888
122222231114222311444333114443551667433566674355667778556777885567888888
112223331222223314444233144445331466555711165557666665778688857788888777
111122221113222241135552433355554443366544437665884377668887766688887777
111112221133122213332224556334445567337456677774566774445668788855688888
122222221113332211133333415553664155576644555766444777768447787688888886
112223331122444311244443122455331124553655555636777776667778786688888886
112222221123333311223443511155435555544366775444666777746687877866888888
122222231222433311114333516443735164477751664447566668775568888755588887
112233331112233311122343515622445556244457766664577666445777778858888888
111122221131144251333442533434225334446255666667556866775888888758877777
111111121333451233344552333455524444552246667522666778286767888867777888
111222221122324411323354113333546666355476665584766558847777588477788884
111112331112222314444233444422356664233577666635776655557777755888888888
111122231122223311223333415535364555555644447776844777668488876688887766
112233334112233341122335441222654417666544177665847777658887766588888555
123333331222433311224555122445551266457516664475116684778866847788888777
111223331112233311142233444422234444555566665755666857578668877788888777
111112221333342213334422135544421355664255576644557766667778888677788888
111233331412223314155223141522234455556345566666477767684787776847888888
122333331122333411123444151244641522476685524776885557668558777688887766
111123334122233341112233455122234556667748555667488556774486667748888877
112222223111224431142444311444553333555566337575668875776668777766888888
112222221133233241133332411553664155666744556777445866774558687748888887
123344451233344512233345162734451627774516222755166687551688877716688888
122344441223344412223344121253331111555366665755868657758886667788887777
122222231144222311144533114455536164755366647583666475836777758377888888
122333331123443312235444125554461225746612557466115877768858776688888776
122334441222344411223444112233331556666315777666157777765555878658888888
111111112134444423344454233355552333657522266775226688756668877768888877
111112221311133243333322434442254446652546667555866675758687777588888877
122222331222233311433335144444651144766511747665777776558887666588888855
111111111233344452334446522333465527734652227746527777665588766658888888
111123331412223314122533144255334422556674555666747566887477866877788888
111223331122334312244343112544431225464677856666788555567888885677777856
111122221112233415123334552233345556673455666774566867448888677488887774
111123331111223312222334555622345666443457766444557664885776888857777888
112222221132424211334444133344551363346516666665776885557777885577788888
111111112222133324423353224233556444735566847755688447556888877766668877
111111121313444233334422533344265554422655777226577877765578888688886666
112222231112233311423356114235564443355647477556477777564887885688888666
111111221332222211333244533662745336677455566744556677745868877458888884
123334441222334411223344122233541666655416665555167775571678777788888888
112222221111334211553342166534427765334477655334766558847666588477788888
122223441152234411523334115223441655333416655554667888886677878866777778
111111112223144422234444223333442553336655776666555768685777786857788888
123344441223333412223444112535541225356611755586717858867778886677788666
123333441233333412222444125224641555546615775666177558661777888617788888
111223341112234412223344112533445525334655557746888576668877777688887666
111112221333322211433322514433265444446655554776855587668888876688777776
122222231121122311114433564444335664443755668337566687775586877755888887
112223441112334411123554616235546662355466623354677235547788888877777888
111112223333112233441125334442253444425566555557666677776887778766888888
111122221113222231133442333344445636748856667448566778885667778855555778
122223331222233312144533111455356114455566664557688644778886647788887777
111111223131444231344222333455523644465236666652776776557777755888888888
111122221111122233334422533346665353444655554446775576667777768878888888
111122223122224431112444315544563335445633355556777766667777866878888888
111111223333311244443512443335524666665246555552466678827777788277788888
122222231121323341113235441633354416666547766665447788854777888577888555
111222334411233344122335411123354444255566672555666775886667888877777888
111222221312444233144542311445423155555536666775366767783667777838888888
122333341222354412333554125355441255544412666666116776887167888877777888
111111112133444425533434255533342555534422677788266667782677778826668888
112222221332444413224444133335461373555611755556177858667788888677788666
122222221122344413333444133444551335555611557756817777668777866688888866
111112331144423311422233444452236455523366655277665557776888877766888887
111122331444422314422223114425336145553365557773665578786777788866668888
111122221133342211133422533334425666644455676664557777645587877758888888
122222231122442311144553611145536777485367444853677888536777855366668883
122222331144223351144233561142335611443756644777566688875668888755588777
111122221111333214443522644335226644357766443577688835576688555768888777
111222221333232213333324155555641155656417766564777766647888888477888444
112222221111333214133352144333526447755564777855644778856647788566668888
111122223144444231455422311544623155566237575566377788863778866633778888
112222231111423351114223554442335446677355466773854866738558867788886677
111222221111222311442333444333534666555344765555477658887776688877766888
111222221112323311423235414333354446666544666555477685587776885877778888
111122221131122213333442555534425555334456666344667766648877777788888887
111122221133344213353422136534221365544766654477655547776665888788888877
112222221113332211113342556663445666633456776384557788845578884457777884
122223331222333412233434111144445166474751667777556678885666778855558888
111111231444422311422223554263335542666354477763577776635887766855888888
111111223331122234351552443555524435562243377666444777768777866688888886
111112221133112433322224333566243555566455756664577778648777786488888844
111222331111222341122233444533334555555544665777448666778888666788886777
111222221313455213334552113344521634455266344755666487778666877788888877
111111112313344423333344222534442555677422556677255586778888867788866667
111222221333234211333342115434425154444655557666577777765788766688888886
111111123333112234442222334425253444555536455577666668776688888768887777
111222331122422312244533144445531145453366655537666587776668877788888877
112222234123333341223355411235554416775541166755448677778486666788888867
111112234415123341152233455523364552233644572886745788667477886677788866
111111223114444235144442355564223335662237356628377566887775866877758888
122223331244443312255433125544431256747315567778156667781566877816688888
111233331112233314152223441555234555652245466666444777668887877688888777
122222231124433311244353612743536117445366174555667747556887778566888888
112222221113323211433332514334465144444655577776577787665557886688888866
122222221112324455113344551333445511334465553774668888776668888766687777
111112334444123345411233455122334655222346552777665777776658888766688888
111122221133322211343422133444553344665574476665777766557886688577888885
111123331112223345162223451662334556623744566667845555778444777788888887
111111123134421233334222333542225555444465754777657777876588888866666688
112222334112223341225663411155634441756348777563487775634878756688888556
111112221331122233341252336444526364555563644455666784586777888877777888
111222221113323241113332445533324665778846655778466577884665778844655788
111122223331124531112245333224456634445566344555677777756677887866888888
122223331121222341213333411135554444445566466557666665778888857788887777
111222221333222213333444115334645155446651544666555777768877787688888876
111111223444112234445122345555223455655234776888333768887377688877766666
111222231111123345152223455555234465656346666663447888834777778347778888
122222221123333314243355144433551164777511644775666477856888778566688885
122222231422442314444433143333351667777511667555166675551686777588888888
112222221123332211144333115443635554446357574666575748865777888677888866
122222331242555312424533144445531445553311167738166677886666788867777888
111222331112244351124433561244435662243356666437558668775888887755887777
111222221122324411233444133344541355555433666755666777756887777866888888
111111223411555234165552346665523466652234446672334887723848877738888777
122222231422233314443355144433551114366511747665877776658888776588887665
122333331222443312122443111244531614455566774585666788856677788567778885
111112223141125534441225364422253645555536447888366678883667788833677777
112222221111324411333224513344445633477456636677556667775888678755588888
111233331122234451223334511264345122644455576664555777667777866878888888
122223341123333412223534116255341166655461677554666755847777788478888884
111123341151233415512234555522345622263456666634667777348778777488888884
111122223111222431122444333554443336554738866547888655578666675788867777
111122341222233411522334115233345556643477566444775566687775866877888888
111122221333224213533242155336441153666455566444557766648877777788888887
111111221133122233333322444435224555555544567777466668874666687788888877
112233341122253411222534112555346155553466666334676688447788888477777788
122223331122222311111333441553534445555644557776448877768887776688886666
111112231112222341552333455223334566666345776766455777764458778844888888
111112221113142233334425633442256344425563477775666777756867885568888885
112222231222244315554443115554436115443361557338677777386767788866668888
111111223144122234441522334455223446555733365557663677776666887788888887
111112221133113245533332455363224556622645576666475788684777788844477888
112222221122344211153444155534341565343455663337656877776668788768888877
111223331222233311122233451166634556666644556777444555578844777788888887
112222221123324213334444113344441153355565555577666877776688878766688887
111111111222223322444333224453536445555364477583666775886677758866778888
111112223311222233114422355444663354744635547666358877765558876688888777
111111223321112435222224355444443556664435666677356688773558877738888877
122222231445223314452333145553631445556314457766177777761187666688888888
122222331212233311142443511444635144776355488763558877665888876655877766
122222231112232311444333111445536666445366674453677785556778858577788888
122233331112234311223344112434451624445566677755668887756688875568887775
111222221133322411132244153333445555366455577644757766647777666888888888
122222221123444213333444113533341115556477555564777775668778866688888866
111111223444411234454412335554223665722236557778366577783365778866688888
111222223411111234455512344455223344455533366775836667778868666788888777
112223331112234311123343152244435526664455576664558777648588876688887777
111111223111422233444422333442253334465577766665787668657888886577788555
111112331122223341525233415552234656577346665773466858774668887744488887
111111221133312244443222544432265774366655743336557778665777886655888888
111222221112233241125533415555534445533344466663747777667777888688888866
111112331141222314452333445523334556222745666667456688874556877788888777
111112334415523341155233441552336455223764452287648828876688887766667777
111111221131444233334222353442623534466255774766577777665888788655588886
111122223111224231514242355444443355567433855677838856678386666788867777
112222221223324411135444166355541663555416637754663377546838877788888877
111222234111122341412233444442335555466375556633757768887576688877766888
111111223112222233144225333346657343466574444665777766657788885578888855
111122221131122213333424335634243556644455556447858566778888666788877777
112222234122232341113333415136774551367745555677445666674858668748888887
111111112222223122443333525436335554666357544466578448665788888677777788
111122331112222341123333442235534666675544466775844667558886777588888775
123333331224443312222443122555441666555417666554176888581766888817777778
111111112222231425522344253333446555534465657334666677746777788867888888
111111221133455213334552663444526334555263644452666777226887777788888887
111112223333111234331222444332254466655547765588447655887776588877766688
122222221223333314433335146666651444465511474655117766558887777588888877
111222221122322413333344133444451637745516667455667777756687855568888888
111222221133332241335226413356664113576644455776884555768445877688888777
123333441223344411233445122364451266666512277655177766551777755888888888
111122221331224413311244333332245666677456686774568888745685877455558877
111122223311112233414225344444253466466536666655337777557778877588888885
122222221332444211333444113335541113554466655555666777776677888867788888
111122221122233211423333144453334466555546665755446667578868777788888877
111122341512223415122334155233446552333465777774655777746666668488888888
112223341123333412233344122444441125666615555676855756768857777688888877
111222221133322211343442113444443334555675555566777756667788868677888886
112223331222233314242533144445531444555516666557168777771688788766688887
111222331222243311152433611524436655543366555444667758847667888877777888
122223331112223311112233144445334465555744665777646558776666588788888877
111222221111232415555324153333245533644475536644766666847688888877777788
111111221122222314452233644573386445733864557338644577786655787866657888
122222221111342413333424111334445553344657778866557888665777886655778866
122222231244433312444333121443551116435516666665667888857777885577778885
111122221112223211444233555444335444333655773666557778865778886677888866
111222223112244231152444311555443366555433666554366677773688888788887777
111112331141222344412533467725334677253346672555467725854677858866688888
111122221222232311113333445535364555553647776566447766664778888844778888
111111221122222314452253664555537644585376648853766448337766483377778888
122222231212233311144343151144435564474356666773555677775886667758888888
122222331142223314442433114444331556666311557766555777765587778688888886
111222221112332214423555144433551463335544637755646667776668888788888777
111122331221233411222344156623345566633455664444566777775577877858888888
111122221331444213554442135544421335556233755662377777668778876688888866
111122231122222341255333415533634156666345556677485867774888677744488887
111112221133323211343332566432225564444455666747556667475888777758888887
111112221333111243333322445322264455566644555677455866674888886788877777
111112221133123213333332445555224656755246667758446677584667788844778888
122333331222443311124334122244441556466615566667155677778855577788888887
111222223111122231144244333344443563346655666666557777885777788855578888
112222221111122213333333144443345566444455566788566677885566778857777888
111112234114122344441223445222334556633755556337588667775886666788888777
111111112333133423533344255555442226555422666644726676487777768877888888
111222223122244231111144335555543556575433667774336777446668877866888888
111111112222233145522333445233364552366645556667485888674888786744877777
112222221333332211111332445153664455536645575866457778664777786844788888
111122231112222344112323444443335466478355666783566667885777778855557888
111111221133444213344442333422225334666256666778565677885557778855778888
111123331121234351222343514222435544444356677777556668775666887756888888
123333331223334412224444112245541126455511666655666775586777788877788888
123333331222223311424253114245551444455514666575188866778886677788866777
111112223141225534414225334146253344462537777655337776558776666688888888
112333331122333411253544112555541226556472265664786666447888888477777788
111111123314412233554422355544223355542233566447666667778686877788888877
112222221111222314444433144455331645553366655533667785886677888867777788
111112221131442215334442553346625534476253334762557777665887877688888866
111122221131342213333422135554243354444466577777655557776666668788888888
111222221134442213334442115344621553346675553666775838867558886677777888
112223331122223314225553146665531466553314666577144675778444777788888888
111222223311112233314422333144556737445567777445666674556688775568888888
122222231122333311124435114443356147443567477755677785586667855866688888
122233331122233311244533112245556114444566774745667777756667885568888888
111222223111244233511422335514443555546437775564378886663778888677788666
111112223111224233133242533332445566677456666744566777485577784855888888
123333331224343312244444112456661124567711225677885556678858566788885777
122222221122333451113444515133445153364455573664775766667777886678888888
122222331214233311142533114425334145555644455576777777768888766688888666
111112221222223314233335143336551444665544466665774668557777788577888888
111111223313112233334222335544425556644257556844776568847666688877777888
111112221311222413333224555332645557336457777664578876645887764488888664
112222221122123451111334555333445663334456777844566778485677788856667888
111122223312222431111424333544443365547463665777666657876555588788888877
111111121333222213435522334335226644555564444455666777776867788768888887
111112234112223341122233444525336455555364457853647778886677778866667888
122222331223233411233334114444445111677455666677555566675858687788888877
111222231112333314222233144555331645555566444577866447778866667788888877
112222223112122431111554333655443366555433666544666775487777774878888888
111111112223333122443355244433352664455522644555666788886667778877777888
112222223111112433115524365557243655577436657774336777443666688488888884
112222234122525341125553411153334166533746655377446677774668877846888888
111222231222242311114443144443435566733355567377566677775666788855888888
123333331223443511234555112244556122245561774445616777776666677888888888
111122231112232314122333445263334556666644578886455788864577778645577788
111123331114222314442333154223365544226655544666555778867777888677788886
122233441222233412233334155666341156644415566664155557881777778877788888
111222221113244511132445666324456363244563337745683777556888875568888777
111122223111142233315422333554426337554466675544677775846677758866888888
111112221133324213322242133554467735546677358466755584667785844677888886
111122223111242233112442355564443335644783556647838556778885667788866777
122222221133332413355324115563341155677418556774888567748888674486666774
111112331111223322222233444444334566647345666677555668875555887788888777
112222231224442311154423115544331556443355566673885667738666777788888877
111222221112222311443333516444435564447355666673556766738557777788888888
111111223114442231345522333455523334445266645552666777776888877766888887
122223331142333314423555144235661142256671444556718855667778886677778888
111111112122223322243333525444365555543657777436587874668888744688877666
122333331123345311222453166224551166244571766845777668457786884577888845
111222234412233345122233451113334555166645566676456677774588877748888887
111111231451222314555223645552336475522364777773648887336444877866668888
111222231411442314444423115422236655577366557773666588736655877388888873
111111112122333422223444252333345563444455666777566777775568878856688888
122222221112233311113343155644435566443356664447568888775668877755888777
122223331224223314442333114555531145555516477777164476678666667788888888
111222331444422311422233514423335114663756646777566668875555888758888777
111122331222222311424433114445536444775366777753666677538686755588888885
112222221113332451133224511333345555544465577774668877446688877766668888
111222231411123314442223154444235546667355566773556667735868877388888877
122222231223333311244353614443556114444561777755617888856777785566668888
122222221111132211443333144335334455556647775566477758864777586688888866
111222223312445531122445311244453134455533367575666677776886778766888888
122333331122222311112433511624345556644477566444775666887755688877758888
122333331122223312242553114445531164555716645777664457886647777866888888
112222223111144231511442355555423335444433655777366667876687778766888888
111123331111222341522223445523334445555364455777646777876666668788888887
111223445112233455123334511233345162244455627774556687776666887768888887
112222331124422351142233551444335114663355446677588866675888676758887777
111222331411123314155223644552236444572364555733645877776888887766668887
112222221123333312244533114455336114555567744558677448886777778866666888
111112231114142344444423554552235555222356677773667787736688878366688883
112222223121124231111444333334445663344755666777566866775588887755588887
123333341223333412224444125554661225544611755556177778861788786677888866
111111123331221233345222364455523664557236445577664457776648887768888887
111222221122233314255533144455331446653314667558446778586667788867777888
111233331122234412233344112355441225544677775646755556667777888688888866
111111121133322243333522443355224446755244667755848667758888677588866677
112223331111222314444223144452331445566377555663777756667885586677888888
111111223114422231444252336442553364425536666755336867758888677588887777
111111223331122244313225433332254446665574446655777766857777668588888885
112222221113322214443355144335551144355564433757666667778668677788888887
111111221113222233333224533352445555544675444466758888867788886677777666
111223334412222344112223444155534411566375555663775776637777886688888886
111111223444122234451222344516273455566734566677335566673885777738888888
111111112223333122224355224443356646443576468435766688557768885577777888
111122221313232213333322114535554445556647775566477776664478768648888888
111222331122223314442233144533351455555514566666746688687476888877777788
111111221333333211334322544444425546642257776628577666685577776855888888
111122331111222314222233444433354677735546677755466778854668785566888885
111222221222333312444433114453331144566677455666777555867778558678888886
111111121344414233344442335555423355552236567222666678886767778867778888
111122221222233311124443514443435554433365555777665687776666887768888887
111112221331222243511262435555674335666743556677438566774388777844488888
111222221133332211433352144433521446555544667575646777756667778868888888
111222221111122213333442333534443665544766658847665587476555877768888877
111122221113442211333422333344425366664755556447558667775888667758888877
111222223311222433312444355111443355564435555646778666667888888677777788
111112231441222311442223544442635557466355776663577668835778688357788883
111223345511234455122334511123445552234456623347668888776666877768888777
112222221123244211333445113334551336445566666445766768557777885877788888
112222341223323412533334125534441665544716855477168557771688888766668877
111233331142333314422232114442221444566655555566757756687777766878888888
111112223311224233311242355552463555444635754446377778667788786678888866
111111223344411233334122533344425555442256666627568767775687777856888888
111222221222233411153344611553346555553466657734866777348667877488888874
122222331111122311452233614555336444533766455777644458776688587766888887
111122221333322211443325114333254444665574766655747665557777668878888888
111112221333333214433322144444221566644255576668555766885757768877778888
122222231223233311133343111444445155546655574466557776667777788688888886
112223441122233411123334151266345552633456666774555667748588887488887777
111222221112322213133444133334556366645566664455776448557788888577777888
111122223114425531142255361425553644275536644777336477873666688738888887
122222331112222314153333441536367415666674155568744558687445886877777888
111122231441522314115223445555234444552366665773668666738888777388887773
111112221112223241223333445333364555556644455666477588664788888677777788
111222331122222311112333444433554444366574666665776888657777785578888855
112222231123332312234333111444551444666574766865747688657776888577888555
111222231112333341222353411263554766635547776658477665584777658844488888
122223331244435312243355126433571264455711664457188666571888665788887777
111111223114122235544442355464223354646233556666355767683777778877888888
111111123113222233334442335442223556477755664477556646775586668788888887
111122221331232214333322143355551455566544577766444777668848777688888866
111233331122223311242253112445536674455366774558667448586677485867778888
122222221123444211334455613444456133555561133355666678887766788877777888
112223441225533412225344125553341156553411666634778886347777866677788888
111122221131124233312244355552543677555436677854336778846667778466888884
122222231124333312244443111445531144555366777583677755886767758866668888
111233331222223311244223511146635744446357744766557777765888888655588866
111111223114422231334442333444423355552266666555667677756777787588888888
111222221312224413155244133355541663775466833754688387546688875466887777
122222221223334413333334115544441555664411555666175777767777886688888886
112222221122332411333444113344551633444566788885667888556777788566677755
112233331112223312224533124445361444456614775556777788568777855688888666
111122223311242253112442531444675344466753386677538886775388666755588877
111111223141122233444252336644523376455237764455377665587766685877888888
111122221331222233112445333144653774466537746665777466557874865588888885
111122221133322214533662145336621453766644537676445777774855558748888888
111122221113244213332442135324445553336455777664555876668888776688887776
111122334122225341222553411555534145653344446633777776667778768688888886
112333441222344412233445123366451236674512667775116675558868777588888875
112222221111333214413522146635554466335546663357488667574888875748887777
112222221322444413234544133355441135555671355866713888867888786677777666
111112231122222312243333144433556664435567774555667445886777758866788888
111111112221233344222333542666635427763354447668554478685557786857778888
111111223111222433555224355522443555674438866774388866743866677438886777
111111221331222243312225443355554433555647377566477786664778866647888888
122233331122333341122235441125554611555546775778466777884467788846666888
111122231441122311444423556442235666423356766338567888385677888855577777
112233331112222311123333451226674555567745558677454886674448867748888667
111122223111422533114225333444253644775536447555366677756677788866888888
111123334411223344411223454612334546222355566666557788667557888877777888
111111111222222342255333426655334666655344655573486677734888877744888877
111222221222324411113334513334445633647756666447588867775858667755588887
112222221133242211134444113344445333366655576666558767765887777755888888
112222231222424315554443156664331556444315566633156677731877787788888887
112233331142222314442333111422536164445566664555766785887677855877778888
111111111222223452662334556622345556733458667334586677345877777488888844
112222223122444431124555331145553331445536614757366677776668877768888888
111123334441223344412233544112335541622755556727558867778888676788866667
111223331122244312224443115244431555546355575663877777638878776688888666
111111112314444423343554233335542236655426665557266777772866788728888887
111111123441412234444222334422253667777538666775388867753386657588886555
111112223311222433315524365152243655577436577744365787446666877468888888
111222231111122314422233544443365454333655547666885577768857776688888776
111111111222222222344444333356643735556477335664777558647885586677888886
122222221233333211334334111144441556444655566666755556687777777878888888
122222331221223311114433555144367751433675544666775848867558486677788886
111112221332222413332524133355541365554466654444667577776677778868888888
111111123411552234445552346457223464577234655672336666723888867738888877
122222221111123214441533145555334445655347776653477766637788666378888888
111111112213333422235534222355446263355466667554677777546788884467788888
111222231411222314112523444455334666655346778533467785386677855867778888
111123331222233311223344112234445555544456655574666677776668778788888887
111111223111422233334422353444423534466255777666557777665887878655888886
111111111223334422234444252333342523554465555577668888876888778766666777
122222221233332311444333111546631755446617554466777546687755886877588888
111123331112234315222343156224435566264357766644577886645578888457777888
122222331214233311142233114443351446455577465558776665587776888877666888
112222221111233314422355144333551466735544667355446778856667888867777888
111112223311444233311422353344225553466255774466557886667578888677778886
111111112222133322224353244446534444665377766553777666537788865578888885
111233331112323311222223144255534446655546667575466677754687777848888888
111111221333112244433332455366224453677245556672456666774558777788888888
111111223445112234455122344455523434556233366562377766687777866877888888
111111223144411235554442335544423355522263357278637777786666787866688888
111233331112222314112233544224335544446655554666755866667778888877777888
111111121333332213433322444222254444555566455775688887756688887766668777
112222231122244311124433114443335545433675556666775556887778666877788888
112222221333324413352264113555641135666417356664777556447777588478888888
122223331112234415522334115523446115334466555747666587476668877788888877
111223331412233314112233144422234455566674455566775558667777888677888886
111112221331222233112452333444553366475566664755688847576884475768888777
122222221133224411333344133444451366455516666577168555576688777788888877
111111112213333322233443255666432566444425564477256677775556877788888888
111222231222233311124443115554436665543366654437668554776888577788888777
111112331122222314252553142555334445657388466573844467738866667788886777
111123331441222344412223455123334651273846557778465578886655788866667778
111112221331452213334522133445526634445266374455666777556877877768888888
111223331122233311222233114555534445445567444775677777856676888866668888
111122231141222311442533644225536645555366447853667478536777788367788888
111111221113334253334442555333425554444255667722666887276888877766688877
111122231441233344412233541126335444263655552666755566687777777878888888
112222221111112233144452633344576663455766634457668345578883557788888777
111111221133222231332224333444445534466455777766557777665558876688888886
111112221113144256633442566333425633444256374722566777775567887855888888
111112231112222341422233444443335466663754666737555667775588887755888887
122222331442322314423333144435551466557714655578116775786168777866688888
112222221123444412233455133344651173646517736465778366657888886577788855
122222221111233241133333411553634455776645557666455877764888787644888876
111222221122223311444433114333356644443576665555777688857766685577788888
122222231112242315544443115554331156443788564337855677378866677788886667
111222223312224231155444331654443116554433365555766666887678888877777788
112233331222434311124443112254436152544366555557668887576688777766888877
111111121332222213322445637727456337774563377445688784456688884566688555
112333331122333411123244151222245556744456667744566667785567777858888888
122222221123333211111344515533345555553466666664768886447777844877778888
111112221111332233333342555534426655544266575442677778446677888866778888
122222231455522314565523144665531144656311446663717468837778888377778883
112333331122334411223445122634451226444516667555667778556777788567888888
112222221332245513342455133444451336645513768455177688881766668877777688
112233331122443311244433112244431225554675555886775858867788886677776666
111122331212233312222344155533341566664455567448566674885767748877778888
112223341112334455122344551123346512233465788844657778886557778866666778
111112331444223314222223145525631445556344777563777855637778666688888886
112222221123324215333344153533641555666417556884175766847777668477888884
112222221112323214433335114443551644433566477775668887756688877566888755
111111112122233322224335662743356677434566774345677744456687555588888888
122233331112233411222334155623441566664415567674555676748588777488888877
111122221322242413333424133354441355564417556666775568687775686877788888
111233331222444311222243155552431154444355556673866666778866777788888877
112222223111124233111442333344556773455566734585667448856677788566778888
122233331123333312222444112444551444555617755666175588667777888677888866
111111121133332244433222433322254666667546877775468877554668875548888755
122222331112223311444235114443351664473586664735886667558887677588877755
111222221122334451123444511234445555333456663378566777785677888866677888
111112331112223412222234555666345766663457786334577863445578888457778884
111111121333452213434522334445223446552234665555666777776868788768888877
111111123134444231334542333545426365554266655222666577726888887788887777
122222221111223311113333444444354466633547666555776668857888885577777885
111222231222233312333343111444441555644755556477885666678856667788888777
111233441212334412222334112233445156344755566777585667775866667758888888
112222221133333241113552441135524663355546777755466677884667778844688888
112222231224233312544443115444431155553315556636778886667787868677778886
111122231414222314142523144425336644553366555537688885376688877766887777
111222221111223214515332645555336455733864457738664478386447788866677788
111123331441223314112335446223354466227544672775666777556687788588888855
122222331221323411113234551133345555666457666844577768445776688477788888
111112223134114231344442333444223556666235777762555778665577786658888888
112222221333222311433333114444451166445566666455767675557777775888888888
112222231222442311111443144444335666666355556663578555837788888377777788
122333331122222311124233144444431546664715666667555586775888887755888777
122333331122222311112423155444431556644355666644557676687577788877788888
111112221334422211334422133444256333446566666665778888857788885577777555
111222221322244213344444133334551136346517666665776655557888885877777888
111112221344122213444255133342253363455566634455666667757777778878888888
111122221332222213333333114455551444566674555688745766887447688877776688
111112221333112213334442535344425356644255566472566677775686877788888887
122222331111422311144223551444435554463355566637566667378868777788888877
111111112222221324442233564444335664643356666733588677775588777755588888
