111111112123333322234355222443352666475566864775688447556688475788884777
111122221113242213132442533336445737364457776644555766665577768858888888
111112221131322214333522444335264733756647777556447785564878855688888666
111222331445222314455223144452531445555316666673168677736688777388888877
122222221113332211334355611143356774443567777455666774456866748588888885
112223441223333412223444111233345611784456677888566677785666778855555788
122222331112423311224433155444361574483615774836555778865777886657888666
111122231444233314442223154442231555666315556763558667638888677788887777
123333331233445512324555122246651122466571114465777446657777786688888888
111112221113122244432252433355564355575643337756448877668487777688888666
111122331441523314555223145562231455622374566663744686637488888877777788
122222231111233314112333444125634555556344565666445666778888888788777777
111122221132224411342244313444453335555563366775666687558668877788888777
112222331111123344512223455162334566663345566778445667884557778847778888
111111123411422234444425334466253333662577376625777765257876655588888888
111122231441123314442223144442235555633357566366575566667777777888888888
122222331212233311142553111445334444653746646577866665578868855788887777
122222221111113211443332555443336555443766655437666654478688887788887777
111222221111223241512333455556634775556347775663478886334777866644488888
123444441234333412333534122555541222265511666655116766887767888877777888
112222221112323241133333441153367455566674445556748858567488888677777866
122222231112244311124433155543331556444355666643566767775687777788888888
112222221222334511133345113334456166345566664445767788457678885577778888
111111123311222233332242553324465534446655778466557784667578846677788888
111111112333344123553344235663642255666422256644255576487777777878888888
111222221133333241113352414433524445555264777558647775886667778866668888
111111231122222312242433444444354666333566663775688877756888757588877555
123333331232344312222244111526641555564415557644157776667777668878888888
122222221112233415533334115555341666533417665584777668847766888477788844
111111223331211233332222443325556444445766445557666775578666777788888888
111122231441123314522233145552334444523366645557666658776888887768887777
111222331111223311222333444255534446655346667555466677574688877788888877
111111112221333324223536444235367742853677428566744885567748855677888566
111111112233314423323334222223445555554657788446577884665778886677788666
111111112122333422233544223355546233554467555444677777786677888866668888
111122223111224231122445344444453666555533665557333666678887777788888877
111122231141222314415233445552236445333364457777655578776668888766688887
111122231441233344112333541222235444666355747666557776865778888655778888
111111123412221234442222333444443533367755666667555667675588777758888888
122222221122333311113443155534431555554366567744666677486777774868888888
111122221113242213332442133444556633344566667455688877756688775588887775
122222231222133311111433555144336655443766584447655884876588888766677777
122223331122222311111433555514435544443355446777566666676688877788888877
112222223112444531124455311264553136645733364457836687578666875788888777
111222223311111233334122355544423665774436657744666557746685587788888887
112223331122433312244433125444431256674715568777156687785566877855668888
122233331122222314425553114444531164755361647753666477556688877768888887
111233331122323451122234511522345555553466666664786888647888884477777774
122222221111122311144433444453334465553366657737688557776685578766888887
111112231222123314422253144445536446453366665533777665887776558877788888
112222221133332213334325134444451116474566666745686677558888775588887775
111111123333321233332212444442225564447755667478556677785567788856668888
122233331112334311222443122444531444665517666555777766657778886578888885
111112223113122233331422353444263574466655744666557746765587777858888888
112222221133232211433335114443351666445566774445667777756878788568888855
122222331111243311222433511544335555444356654477566666778668777788888887
122222331244222314444333144455331111555316777558666755786667777866888888
122222221111332211411333444333354446666547768685477688857766885577788555
111112231222223311124233554444335444463355566667556676675888777788888877
111111223144444231542222315442263355476635577766335777663558776688888888
112222331112222314444423145464331456666315567633555776885777868857778888
111222223122444231114442311554443336555783665577838665778386657788886677
111111123314221233442222344552663444566633745566737755567777858678888888
122233331242333512422235114446351144666517446655177665587777685877888888
112223331222333311222334115566441556666415766864557888845778788457777844
111222223112422231444444311456663174555637777566378755663787556833888888
111111121132222233324442533344625553746655737446557774668577786688888886
111111111223333422233444223334442555566425566664755668687588888877777778
111111121333333213322222434255254445555546444577666777776666877868888888
112222231112323311223334115533446655444467555554677777746788887866668888
111233331112334311222344122223546555555466557884677778446767884866677888
122222341155233411652234166523341665333416655554166777447777874878888888
122223331222333314422353144446551114665511446555766668857767888877777888
123333331222343311124444512224665112444655177666557766765887777855888888
111112221311133233333322455552264455662644556666444567784777778877888888
111122221112233341122233444443334555663645776666455766885577778857788888
111111111233333422223534666255347662253476625544776655847778588477888884
112222341123233412232354115333541155555466675884667778846777784466678888
122333441222333411233444122234541111645566666655676888857778885577777885
111111123333142233331442536664425556644257666642577777425887877255888888
111222221312244213144452134444551336666533666555733668857788888577777788
111122221312242213124444135544663354466633555666335786887557888877777788
122223331212223312114334111543346665444466555477665577776655778788888888
112222221111222341513333415555634455566344757763447777638487786688888866
111222223111244233311442353154423555544633755646887756668887777688887766
122222221123332411553334115535341665553416757774667777446687884466888888
111111123344112234444422334455226337552263775558637775586666777866888888
112333331122344311233444112244551662245577662455776665587778665877888888
111111111222222232442555334455563334556673446568734466687377786877788888
122222221133322411135554133335441166355466665544676785447767888877778888
122222221333224411333354113553546115555466157744668777746888887466688877
111111111222222222333455663334556633444566634445766748557777888577788888
111111223131444233314222334444223355452677755556777566667785686678888888
111222221333442213334522113445551634445516374885666778556777888866677788
112334441123344411223344122233451162355577626885766666857768888577778855
111111223314412233134422533344425553464255566672885667778858667788886777
111111234144412344444123555222236655722366557333685577736888787766688887
111111221331444255314442533344425533666257376662577766225578868877788888
111222221113322214135255146355574463357744663557466337774668887746888888
122222331224223314443333145444361554666615555776188557761888776618888777
111222221112232214444333114444335646663356667773556877775568888755588887
111112221333332211334322513446625554446255577466588744665887777688888776
111122223141122234411225344445553344555536665677386666773868877738888877
111122221131322213333425136634256364444566647555864477558688777588888777
111112221112223312224333444443534644555366775853677788556667888566777888
111112231444112314222223444445235555553366666553676668337778888877777888
111112231112223341422233444245336644453366655577655577786577778866888888
122222221233332413335344111653547116555477165584766665847676888477788884
111222221133444213344422133344251366455513666665777866857788888577778855
111112223111122233333242533662445366644457666648577778485557884855777888
111112221122222314555523145535334455333647783666477866864778888644777886
111222221111233344412333444125336444253566675555666777756867777588888888
111111123314412253342222533426265334466655346666555447778588877788888777
111122334111233342112335422223354466665544477665774786657777886588888855
111222221112324211523444155333345533677455536774566667746686887488888877
122222331122444312244553114455531664553311645537666688376888877768887777
111222221311111243333332435555324555566247757766447777764888888644888666
122222221111342211133455133344453344455563467775666677556886777768888888
112333331222333411122434551124445551226475566664755777647777886688888886
122333331123444311222433112224441555546417566666775555667788888677778888
111122221314242213144422133454463335554677338566788885567878855677778666
111222223411125534411225334412653334666573744655737466657778886577888888
112222221121223411113334553334345556344455667474856777778566666788888887
122333331233343512222445112424651114446578146665788888657787866577778655
112223331144233314442233144422351455255511655578666777786667888866777888
111111221311222243332252443355564433555644375566447766687778866877788888
111111223311132433333324555522245666244456662474558666748588887788877777
122333331124335511243355112445561124455622244456777776668777786688888886
122333331222333412222434114444441111566655555566575666687777778877888888
112222221132444511324455113244451336455533765588377668883777688877766668
111111111222233322223333425536364455666674455556774588867444888677777888
122222231222444311111433151664335566643356674443566788885777777855578888
111112223134112231344222333452553344555544466775666687758666887788888777
111111112134444423333344222233452622374566666755667777758677855588888885
111112221331124213552244333552463737524687375546877754468778546688888666
111122221311132213333322455553324666555544466577846667778444677788888887
122333331224444312224333111244441112566675555556757858867778888677788666
111222221113322211333425617334556773344566777445677744856888488566688855
122222231242244311444443111156431777563377555633775556638778586688888866
112233331112344315223343155224441652244716558747666587776655887766888887
111122221133222451133224561333345667773455677444566777845667888455688888
122223331122243315225433155554631115546377154466774446687777666878888888
112222331222333412233334111155546165545466665444766558847688888877777778
111112234115522341555523414452234445523346778283667788836667788366677788
122222331122223311144333144444331144555675555566788858667778888677778666
112222223112244431112444315154443355555633576656377766663877777688888888
111233331122444311222443122444331254663655556666577586685778888857777788
112233331124443312245336122453561224555617744566177845667788858677788886
111112223141522233415222334155553446557534466677344667773866678788888887
112222331111122344114233444442235466678355667783555678835666778855777888
122222221212334411133444133334441555346615758886557586667577888677778866
122222231111232311412333154433665554436675544666755448687757886877778888
111233441222333412223344112233445115556455557764577776668877766688888886
111222221111322214413325644443356664433566747335687777756887875568888855
111122331412233314223353142555531422565544445666774666867778868877778888
122344441123344411223354112635541226355512663355777666657778688877788888
111111223144412231434222333344423555554235556666758868867788888677777766
111111123141222234444452346665523446657233365572366655773888857788888777
111222221332442511323425113334456166334566677445666788457777885577888885
112222231114423311442223511433335564443756664777566668875888687755588877
111112223113144233133422533344625555466255774462557748667777786688888886
111123331112222311224333542243665444436654747776557777665578886655888888
111122221331242211332442133566443335666455556664555778647777788477888888
111222221311112213334552336644523364445536677445666788457677885577788888
122222221333223311433335144466551446666514446555117866857778888577777888
111111223114422233144222333445523634555766344557666665578886877788888777
111222221311112433331224553332445563744856677448556677485666788856777888
111222221111233211422355644433356443353564445555667777776888778766688888
111222221313444213334442111333425667344255677778556677785666678855588888
111112223122222231114444356664443555644735666887356868773558887733588777
111111223313422531134425333342256644442566477725668777756688787568888855
122233331112223341112333414122564444555677744566777755668775586688888886
122222221211133211114533444445536444555366777533677775836767858866688888
122222331442233516442235164444351674773516777335166675551866778518888888
111112331111222344222333445522334445553674456666775568887756688877776888
112222221111322214333333143355561445556674458566744588667748888677777886
111222221312222453111144533334445533366457777644557666665778868857788888
111123341121223451222334512233445555334677558846788584467788866677778666
111111121133222233334222535344425355464455544666577778667788886677788886
111122223112224431122444331544543355555433366655788866667778886677777888
122222221333245213444455134445551333465511137665188776668888767688877776
111111112313444423333444223555442236655572366565727866657278868877778888
111122221122222341113333445553334455536645556666447766764777777888888888
111222221133222413332444111335546653357466555574866665748868777488888777
111122334412222354111233541442235444666355777633577886665578888657778886
112233331224433312444335124545551245555612477776127776661776668688888888
112233441122234512233345123344451263455516664577168855776668888768887777
112222221113322211333333144445361444455677845556778555867888888677776666
111112234441112345412223454422336545523365555733667777786678877866688888
111122221333244211132242513344465534464653366666577868885578888855777777
111111221333344211553422555334425655344256773442667777726666887768888888
111222221111122233331244335544443555666435776664357768645578886877778888
122223441122233451232334511333645111666455556764858867748588667488877777
112222231144223314442553144425531145555361657733666687736688887768888777
111222221311122233114562333445663744556637444556374885567788858677778886
111222221122234451112334515553345556337456663374666687746888874488887777
123333331244353312245555122466751124467512246675114466758888667788888777
111112221113333213334522636345226664452766444577664855778848557788888577
111122221332242213344442133546661355444613357766855587768558876688887777
122222221123344211113344153334441553346477555566777756667877568688888886
122333341233353412226534122265541177665411766654177688547786885477888854
112222221122344411123334155336641533364455577664555788647777786678888886
111233331222344412233334122255441555554411556664777777667888876688888766
111122221331222214333325146633351446666544777665847876558448777588888755
112222221112322311433333144553361447555644778566447785667778855678888866
111222223111122231144425333344556633345566644475886677758866775588888777
111112234415122344155223441552236455527364665773646777336668777388888888
111222221322422413334444135344641353366711556677555666678557777788888888
111122331112223311442223444455236644533376465558766655587667788877778888
112222331222233311244433511114335666447756664447566687775558887755888887
111122221113244213132242333344443553644655776666577766885777688855578888
111122231411123314222233445552534556555344666663744688837766888877777788
122222221233334412353344133544441115555416166755866667578686777788888877
111112223311114233444442533444625733766257377762577766625555686858888888
111111221333333211343552444435526444452266555572677777726668887766888888
111111221133422213334442335366423556664255666742558867448558777788888777
111123331112233314125533442265354227655544276665477777654477886688888886
111112221331224213333442134444425334667255886777588666775888866755558677
111111121122222233333442353364425563644456666474556777785567777858888888
111111111222222233425552344445563374555637745666377486663774886837788888
111122221122223314233335144333551446777544467775466676758886667588888855
111111112133334422355344233555442235544672225546777776667788866678888886
112222221121332211114333555543335444436755844667588846775888667788666777
112333441223234411222334511263345112666455578644557786665577888677778888
111111121122222233332455334424453344445536666555767665887677688877778888
111112223331142233114442533342225535466655554446757776667778788678888886
111122223111112233333222343555563477566644775586447558864778888644778866
122222221133333241333352411155564411556644455776488577664887776688888776
123333331222443311124443112224441125546677756666777568687755886875558888
122222331212233311112433556114335664444455644777556677775668878756888888
122222221133244211333444113534446115334766557777665557776658878866588888
122222221211234411153334115534445556337458863374558667748888667788666777
112222221111333211413322444333354466655544665555466667758888777788888777
122222221223445511333445113444451133645513366775866666758886777588888777
112223331124223311242233514444365147443651578866555778665777886657788886
111222221112233211423355614333356443555564477557664477776648888766888887
111122223311122431152224335555543365554433666644666777748688877488888777
111222331122223311422335144663351466673544688775466887554688777548887755
122222221111332213333334155355541655544416577774668877746668887466888874
122223331111222311442253144445531645453366455573688858776868888766677777
122222341111223415112234155563345566663455677334856673748867777488888874
111111123333311234344422344442223564782255677888556778885567777855666668
111111111222233322422353444233534644455346677758667755586677885866778888
111112221311422213444422333445523664465533666665376777758777887588888855
111122221332244213324442133335441366555416666554667785587677885877778888
111123331412222314112223444425334464653376666555766755587677885877788888
111111223133444231134542333345426666654266665542777555527777788278888888
112222331221423311114223155544436655574365557743666674436687777788888888
122222221111332241133355411333354444455566447575666677756688777768888888
111222331222222311144443151444335544333655576666885777668557877688888776
112223331112333451223444511233465512444657726466577766665787778855888888
111112331142223314442333142223534444255677775556778885667788855678886666
122222221111113214443132445333334455355647555566477776668777786688888886
112233331222334412255334125563441255666411566744185677478856677788888877
111111223114552231444552344445223366452237666555376866883768888837777778
111222223311124433112224531366445333674456666744558667775888877755588887
111112221313132213333332445552224466557746688557446885574666877746888877
112333331223443311232444122224441555664715666677158867775586687755888887
111123441222233411112334555622345666233455766344577666845777888857778888
112233445122334451122344511233445122334651776666557767765887778658888886
112233331112224311222243115444435555444366555773666657776868778768888887
111122221311222413355224133655447736555477368584733685847776888476666884
111122234111233341522233415252334455563745586677458867774888667748886667
111111123331142233334422355344426655447266554772665557728666777788888888
112222331112222341123333441553364415555674458556744888667777866677788886
111111121122222233332425333664453736444577766645787668457876884578888555
111122221331242233311422353314465553744688557466855574468888766688777776
111111112222344125523444556233445662344756623337556663778586887788888777
112222231224245312444453114555531146575361465773666687336888873768888777
122222221233244415533344155553641755336417573664177788641788866617788886
111112334112222341522523415555234656653346667538467777384667788844778888
111122331441233314422335114423554446235577662285777666857766888577688885
111222221311142213331442553444425336674753666747536667775558677858888888
111222221132242211333444113344445533646755366667558677775586687758888887
122333331222223311224334111144445616477456666674555688775556887758888877
111111123333141233534422365354226655542265575442667777446777788866888888
122222221223333311111333445513664555166644456666774558887447588877777888
123333441232334412223345111226457112664577166645777776458878865588888655
111112223131112233344422353334627555446277544666775488667758866877558888
122222221111323211113333444444536444775366777753666675556887785568888885
111111223141222231444442335466223554466633577776335577768555887688888876
112234441112333411223344122333441522664655777666557877865578888655778886
111112331144423315442233154222335544226355646666556667775888887788887777
111122331112233341123353442255534425555544266666744688667788888677777788
112222331224222311144433114443351446335577765555777688857766688576668888
111222221112233311442233155466335544663357746688574466685774788855777888
122222331124444312243333112433561784455617884566178885567778555677788666
111222221112232241115333445553364453336645556666447567768477777788888888
111111223333411233344212344442223555442655778866577886665777886655778886
112333331122233451222234511162345166674456667744555667448855877788888877
122223331123333312244453122445551116444516666645767688557678885877777888
111111221311222433355244333562243755624437556444775668887756888877766688
111112221133444251136642533364425336664253767642557776425588777758888888
111111111222222322433333254444336554744365547777655577886657788866668888
111112221113333213334222334445256644452566474555667788556677888867777888
111111121331222233333322435552264555555644444666477466668877777788888887
111123334451223345512223445111234456622345566663455667678888777788888777
111111121333322213344442533464425534622257746666577886685577886855777888
122222221221113311113334555534446533377465588874658887746586887466667774
123333331222233415552234155522441515677411156674866667748866777488888874
123333331222234312112443111124445555246477755664778555667788888677888666
111122221313224213332444113524667335546677354466775546667785558877888888
111111221112222233334422344444553466645537668885377688853776685577776885
112223331222444311244543112455436125554361755833677758886767788866667788
122222331122223311444443111143335554446375556666775558867888888677777866
111122223111442231514222365547773665447836654778365547783665487833658888
122223331111234351122443516224435164443355677488566777785666777855688888
111123331441222314222233144442331554466355666666557788685578888857777778
122222331221243311112433115664435555664357776443577666445788868857778888
111222223311455231144452316447523164775236644755336777753666678588888888
111222331442253311422533114255361442553677488536744855867778888677786666
111111112331344422333344233444452266665526677665268875552888755788887777
111111121133322243333332444452224445556277458566778885667778855677888666
111112223141522234415222344155553344556537446666377668863777688837778888
122222231124442311114423144443331555536355777763577876665578766688888886
111222331122224351627243516677435167744351677743566674435688848355588888
111222221311222413112554633333546336555466665554766774447777884877888888
111222223311424231114442331555423355444635566666355776867777778678888888
111223331112332311222223144444335555544657554466577777767788666688888886
111122221112223241555332414555334444555366644333677777786678778866688888
111112221341112253444422533344625334466255336677855886778558667788886777
111112223111142235444422354446263547662635576666335778883557888835777788
122222221332444211333444111135446163354566663555776885587766885877777888
111112231222222314444423145646331456463377566633775656887755558877788888
111111121133322233344442533446425374666257746662577768825577688855578888
112222231221224311114443551543335555446357777463587874638888766688877666
111111221314222563144225633744256337742563874445638777556388778566688885
112222221133242211133445166344551673444566733455677388856778885566777888
111222221332324213333542113355441666577416555774668577746685778468888884
111112221222223311424333514443335544443655577666588876665588776688887777
111122331114222351444423515542235555442356774333666778886667788866777888
111222231444422314442233111423335514663657777636577786665577868855588888
111111111233333322333444222225446665255465555574688887746688887466877777
111111221113222433333224533632245666774456668744565687745558877458888877
111222331112423314224223144444331545533675555886755888667888866677777766
111111111223344455233334522334445222346657266468577766685578886857777888
111111112234441422333444223533442665337726557777266555776688557866888888
122223331223334312555543125565431276654417786564117866641778868477788884
111223331122222311124233441444335444663655555666577757765887777688888886
111112221112222213332445334444553334465537774665778886557788866577888666
111111223144212231422225334444453647755536677755336775583668778866688888
112233331122223311112243515524435555444355666444777668887776888877766688
111222221113323211443232144433335444677756646787556666875568888755588877
122222221111232314144333144455331465533744665777666655576868587788888877
111122221131112233332224335334446655544766885477666854476888555768887777
112223331122222341112333411566634455566347555566477775864778778644888888
112222221132332213333455111334456164444566664775668647558888875588877777
122222231244223311444443144555631117566317775663778755638787556388888866
122222231222333311144443151554431515544365557743688887776666877766688887
111122221131122451322264553336645533666457366684573888845778788457777844
111122331111222314444423554422236544788365577883655577836566778366677888
112222221111232244111333444333564473355647775566477785568787855688888666
111111221113322244433252443322554463335574666555746688587776688877776888
112222231442255314442253116445531664555311647853666778836777783367788888
122234441122333412222334155553341156534417765584177665887777688876666888
111233334122223341125333412255664125566741455677444556678888866788887777
111122223314422536114225361144253666744536667445386777553887877538888875
111223341112233411552234155526345575263457772634877776348878864488886666
112222231112222311133333144444435555644355666748566777885677788856677888
111111221131422233344442355455423355544233657772666588776866687768888877
122223331112233314122233141156634455556647566668475558684777888844777788
122222231124223311443333114445351144453566665555666657778868887788887777
111111121133322244333222443332524665555544656775446667758866887788888777
111222223312242433152444331554463117544631775666377755667785566878888888
111111123133341233344422334422224445555267777758666775586677558866688888
111111223331112234444442333444225366672253666788566767885557778855577888
122222221333333214353562144535661145556614447556114477768888777688888776
122223331142233311422233114555531644445516744555667777776688877866688888
111112223314112253142222533444465533334655788846577888465788866657777766
111111223411122534442255333422657344426573488865738886657387865577778666
122223331211223311142233114445536444457366664577688665776888557788885577
111112221222223211433333154443635555446357555466777774667888746678888886
111112221131222241352552443555564333565643337666444477867777778688888886
111111223141422231444452344455523355555236666662336677673888777788888877
122233441112344411123334151223445522634756666377556687775668888755888877
122233341222233412255334111553346115557461675574666777746688774468888888
111111121333142233334442533442225566427255664778566747785667778855688888
111111221333412213444422333454423354566255555762577777667788888678888666
111111221331452263314552633344526344445263475552666777526777888867788888
111222221334444211344422133454621335566617375666773756567777555888888888
111222331122223451152234511533345555633466566644766684487777884877778888
111122221331222213344442133445551333444566666665767685557778888577778888
111111221331144233444442335554423677582236775822366758886677558866677588
122333441122334411223344512663475122634751166647556677775556778858888888
111234441222334411122334151223445556233455566737565677776666878788888887
111111221113322244553332444553224555533246577737466687774666887766888888
122222231112233311123333114445354444555566447775666667856777778568888888
111112231444442314454423155552231567527355672273666777736866878368888883
111222234112223341111223444453334644533566665555777666857777688577888888
111123331222233312422333124445551144455677745556777465667886666877888888
111122231122224311224443515444435555466377855663778856337788866377788866
111111221112222233324442333554443355644435556677855667778888667788886677
111111223331222234115522344455263477555634475656347766663477778688888888
111111111222234455233334552234445522336455788364577888647778666677788866
112222221111223211133333445555334556666345556766488887764488777644888777
111122221311122213333422335544463354446655554476558887768888776688777766
111112231411123344555233466652234665523346555223467777774678887746888888
112222231111123311442223444555334645555346465753666677736688887788888777
122233331142222311444423114546237115463375554666777555667888586677788888
111122221333224413335244113552246133555466665444666755778677777788888888
122222331222423311144333155543341555444416657777166557778666668788888887
111233331142233314422233114442221444556675555556775666667776888877788888
111111221134122233344425334446253446662537886625377866657788855577778885
122222221233234415333346155534461115344617155546877577468777766688888886
112223331224253312245533124445331145555614447576187777768888877688866666
111111221333113245533332445352224555522647566666477778664778788644788888
111122221333222211134255613344556333445566644455666477578868877788888777
111222231122232311424333154444431566644355766663557778685778886855777888
112233331122344311224433512244635112746655777446577778665788888655588866
111122231112223311224333552443365554436657444666577486685777886857778888
122223331244223312444433124445331111555566167775866667558688677588888777
111112334412123341122233445623334556226745666667455567774885577788888887
111112231114422314442223544466235466662355667633557777735587877358888888
111122331112222314222533144555534466655344675533466788884677888866777778
122222221111112233314456333144567733345687744456877774568878555688885666
111111223111442235554422335544263555442633754626337776667777788688888886
111112221111332245555322445453324444533266645533677788886767777866678888
111233441112344455123344511223445222633352666667556688775586877788888777
111111112333331425663344256663342555666425556444277588482777788822777888
111111111223344455223364552336645523366455236664752286847788888477777788
111123341112223415123334555233445522236455577664777778648778886488886666
111111223341112234442225346727253467777534677875346888853468885536666855
111122221112223455112234555533345656344466563344766638487677788877778888
111111111233333422353344225563442556666425556764225777648888776488888777
122222221133232314433333144455551146655514476655147766667778688877788888
122344441223345412233454112334551123355511266755666677776886777768888888
112222331111223344155233441522364415533644555766488857668877777688887766
111222223312444231111142355444423654777736555577366657783666587836888888
111111112213333322244333244444352226445577665558766655887766658877778888
111112223331142233311442333554426655442265577448655777786657788866678888
111122223114442231144442331445526333335265555557666668776888888768877777
112222223111142233114425331444653444766537777655387776653888765588888665
111222221113242211532444155333345556333477568884755668847777668477666888
111222221312242413112444333155543635555436677754366687546686877788888877
122223341252333412555334126553341267555416677744167788841667888416677888
111111223444122234441526334515263445552633355526773888667777886677788886
122222221111223341553333415536334115666645557766448587674888876744888777
111122231114423315142223554462235546667354486673554886735888667388877777
111111112133344422333354263663542666655427765544227655847278858877778888
111112221311222413335244333352246377544467755584677758846677558866668888
122222231124422311444553144645531476555317765533176688837776888377666888
122222221111111233314452334445553334655534446675888667758886677788866777
111122221122233311422333144453364474536647745566777555667878558678888886
112222231112244311562243115644437756644377566643775686337555888377588888
111122221121234411222334566333345663737455667774566677745558878458888884
111112221122222311443323444443334556433655766666557777665578877758888888
122222331222233311444443115445431155554361577883655778886666777866677888
122222221111233211443333511444435554466357546683576666885776788857777888
111111221333142213354422335544423555644237756642775576668777786688888886
111111223112222231334225333444556634755566347555664477776664888788888877
111111123333331244343312444455524646655266665552677658827777882277788888
111111221132212233332224334444445335464755556667858566778885677788886677
112222231112222341113333413335554445555546665777466667874687778746888888
111111223133112233344422355542263554442635547666557477867777788688888866
112222221122323311133334155555341566653476666544768885847678888477777844
111112331411223344122253642255536442553366445537668485776888877766888777
111111223144512231455522344455523346557234467772336677773668887866688888
111111123331222233312422553344625734446657788466557884465777886655778886
111122221111333213333442566334225664444255647748556778885667888855677778
111223334412233341122223441255634415556344156666775558867777786677888888
122222221333344213353342135554461555774615577446177776461188766688888886
122223331112233341122253411666534176665344776655447776554487775588888888
111222221111122213444244333344443555556635777566377855663788888677788866
111111221333314213444442333444225355222655556666575768667777886877788888
111111123144414233344442333542223655222736555777665577776665887866888888
111222231122322314233333144444351164445566677855667788856677785567788885
112222221333322213444445134454551345555613377566177778661877786688888866
122222231122323311433335114436651444446517477665777786657788866588888555
123333331233344412224444111222441155256617755556778588567788886677788666
122222231242243314444443145555531115533316655377166777786677887866688888
112333331122233311122243511262445576664455776444557866485578866877778888
111112221111223245222533455555534445677344666773488667734866677388888873
123333331223444312222243152444461555554617775866117558661778886677788886
111122223311122233411522344445553466475534668775346887753668887566888777
112222231112442311224443511443435555433366557737665577776688878766688888
111111223312222431122424333444443555664735666667356677778555577788888888
122233331112222311124243115544436655444366655473668555776687777788888887
122222331224223311144443151144335514463355576666557768865777788677888886
122222331244444312555543122544431115663317556336175766667777768878888888
111112331122123312222233444433354665555546675585467778884667788846677788
111112223144155231441522334555523345662233457666384777668847877688888776
112222231112232345112333455116634555666344566663445577778448877788888877
112222331111222314412333144423334454556645555566777586667888886677777888
112222221113324415332264155333641555336415557764777777648786666488888884
122222221111132214143355144435554443355643335566777776667877668678888888
111122331141223341412233444425534664225366777753668875556688777568888875
111222221312442513144425131454253344555533366577366677776668777868888888
111112231144123344451233645522236445523364665237666755576887777788888887
111111123333121233334222555342665544422655574446577788467787886677888866
112222231112442315524333115244431554463355574636577776668787776688888886
111222231422255314242553144455531446575314666773166867338868677388888777
111122331112233341123335442235554422655546666665446677754888777788888877
111122221122223241555533411555634455666344466633447663387777777878888888
112222221113322211433355144333351644455566744585667475886677778866778888
123334441253334412556344125563341256667412556677125667771228878718888887
112222221123442411133424113334445333667455556677588567775886666758888877
122223331222233312444553114466531114465371446655788866657778868577778885
111112221333112433333124556322245666772458867774586667445888677455588874
122222221133332211134444511336445173366457766644557666885577788855778888
111222231111122314444423554442235646333356666737568677775586878755888887
112222221111112233133442333344556663447566644775866847558688777588887755
111111112222213423333334225536342555666475755564777776647888664478888884
122222221223344411333354133666541366655416665554178858541778888477777788
111112221311124453322224533244445333446655377776557786665778888657888866
111222221333332213344325144443251164477561647755666677756886775588888885
112222221112232415116344551663445566633457686634577833345778888457777888
111122221322234213333342115335441555555465777774666688746666877488888874
112222234123333341222333415555554166666541167665418777654888777744888887
111222221111122314442243564444435666666355557633585576338888777388887777
111222221111322241133352433333554444665544766665477688857776685577788888
111111112134444522344555223445552233465523337666277376867777788688888866
112233331122333312222344111254441665554766554447666557776865777788888888
112333341125534412255334122553441126537416265574862677748666677788888887
111222223311224231155244351155443555544633777646377886463778666677888888
112223331224244312444453124545531265553317665538177688881776666877776888
112222331114223314142233144425331664555366747555667477586777785866888888
112222231221223311111443555554435654443356744733567777786667888866678888
111111221112222233333442533444425534466655347766558877665888776658888777
122333331224443311244443112545431125555617228856777888567888685677776666
111112221331333211333432555444425654474266547722665777776557888866688888
122222231122123311111333444443334445555564775585666758886667777866778888
112233331222435516624355166243551162437518624375186444758866477788888777
111222231122222311144433154444335554463355555637886666778868667788887777
112344441223433411233334152366641522677415266777152667775555687858888888
111111221311222233322244335566443775566437755564387575648877766488888864
111112231121222314222533644455536664453366444533677885556678888877777788
112222221111232413311324533333445555444657544666575766667777888677888888
111111121333322213332224553622445536664455556644777586647777886477888888
112222223112444431224445311114453333366537776655888776558777766588888665
122223331111222311114233444442354445533566655555676668886776888877777788
111111223111222433322544336525447365254473655554736666847778668877788888
111233334412322341123253416222534166555541677758446785584667888866777788
122233341122223411233334112355446115544466655574668557776888887766888777
111233331122233311442233115442265554426654447766555877668588877688887776
112222221111234251311342553333445533444456664777566888775666888756888777
111112231441112344444223455552234655552366577723666788836777788366788883
111122231441233314112335444223554466233574662885766688557676888577777885
111222221113222244133355441133354663355544666575446887756668877788888777
111122221111123344442223455556234555663347556333477766684778866877788888
111112231144222351422323514423335544443355566666775577667777788688888886
111111223311122233322244333255543555556478888564788866647887666477777644
111111223331114253344442563334225663642255666442556767775777778858888888
122223331222433311244433512444435111164655555666577757668887777688888876
111222221322244513244455133344561333445613755556177766667787866877888888
111112221333332213344222133444421554644755556677566667775868678758888887
111222331122233412233344152334461554446615574666555777765887787688888876
111111123332121243322222433335554466665546665557444665774888877788888777
111112223331122234411422334444523334555566745555667777786777888866668888
122222221334422411334444133334451136775581667555816677558666677588888877
122333331223234312222443115444461554466611555667155886678588876788877777
112222221123333214233333144444451647745516778885167788556677788566668855
111222221112332214424355114443354446733566667335687775556887777566888888
111111223414122534441625377446253744662537666225377668553778888533788885
122222331224333312444435126664351166643511664455716888857888788577777755
111111221331122243332225436332554367775544678775466787554467888546668888
111111121344441233334442353334225566646255556662757566227777778878888888
111111123311222234555252344655523446655233476688334766887447766877778888
111111121312222233324422353344467553466677534466755584867575888677788886
111111123314122234444522364455223647588236475588366775583367758866677788
122222331223333312244433111554441115555466675554686777746866877768888887
111123441512234415522334152223341526333455667774556777846667888866778888
122222221133332213334444113445556134445561677755616687756668887588888777
112222221112232344133333441335554411556547777566448775568888776688887666
111222331142222314444223115543336154437365548777658888776555887766666887
112222221113232211133333414533664445555644455756884877568888777688777666
111111221313332213334322553442225554444456666664556677775886777788888887
111122331122233311422235144623354466663544467775488667758886775588887755
111222221132333211333322114344556444475564467755666677758686787588888875
111122331412223314122333441223534444665577466665777886657877865578888855
122333331422353614222536142525361445555611444566117476667777778878888888
112222331224233314442233114443351144655571666585777766857786668577888885
111233331112222311222333144425354464555564645777666455776868877768888887
112344441123343412223334111222341555523466577777665577786665578866888888
111122221322224413233444133344541366665413678855666788856777855577778885
111122221132222213333344135366441356664455576644555786645777888877778888
122222231112433351224443516444335166643751186437555866675588876788887777
122222331243333512443335122444451111454516667555667777576888877766688888
111122221133333214443332154434221554446275555668756666887566788877777888
122222221233334412555334111153341677553416675554666788846777788466788884
111222221122223314443333114455336144557366445777665558776666587788888887
111222331222444311222433115444436155574365577783655788836567788866667788
111112221333112244333125444333254666662547768825447688857776855577768885
112222234122112341111323444453334455566345555563778888667777786677888866
122233331122222311124433151144335564447756648477556688875566877756688887
111123331111233451222234522233345555554466567744866667448886677788888777
111111121333312233455522344452223465555234666577446667774866778788888887
111112221222222311443333144435534463357746655557466665578668887788888777
122223331222243311255443155554431155443311564477886666778886666788887777
111122221311224413152644335526447335264473355664773555667788886677788888
111111123331222244313222443335624535556645555666477888864778786647777888
122334441223333412225334112253441555554416557788166778881667788866667778
111222221333322211113332414444334445555564557755666677776667787868888888
122222231112232341333333411555554416575544166757486667774866688748888877
122222221113332214153333141555331466655744668557466688574468877748888777
111111223444411235554412335544423555622233566662337777667778766878888888
112222223111112433311224335666443557664435576664355776445577888877788888
122233331222333312445553122456551144565781146657814446778886667788886777
112222231222233314444433144445531111553366665555677777576888877766688888
111122221133322413353224133532441555444465655747656777776668787866888888
122222221111332314444323111443335556444356666677556676775887777855888888
111222221112333211333332144443524455555647758566477586664778868677788886
111111121133342253333422535444225354422655554466777766667777668878888888
111111112222233122433333224433556444777564477885664778856667785566888855
111111123334441234444212334542223335566255555662777588667788886677778886
111111221132222431355244333352243663555477666544766685487678854877778888
122223331212333311122243111554436666574465555744668557446888877768888777
111112221134114255344442553464725333647255366772583666725836677788888887
111111223333311233344412344455526644452276666552767655827776588877788888
111122221222233211333334153356441555564455566674886667748886777488887774
112222221111324213333245136634451366445573666455776864457788888577778885
122222221111322411113334333335446655554466657774866557748665877488888877
112223331114235311442553144225331462255344666655466676578777777788888888
111122221111122233444252344445553334456533377665777776558787866688888866
112222231112323341123333451266634516666645567777455587874458888744588877
112333331124433312254443122544441255666612555576125777768887777688888866
122222331224533311245533112455331664455511644457666664778868877788888777
122222221132234413333344115334441156666415576764557777665578888657788888
122222231142242314444443114566631155566315575563777757638887776388888863
111233331112243312224433124444351224466578888655788866557887765577776665
122222221111332211444333114433536664435766544557665555776688888788887777
111122223141222231414442314445663333455637735556777755567788886678888866
111122331122222311242333144443554464533546675555666788586677788867777888
112233331122333311122243155242461544444655477766557788665777888657888866
111112223311112243333322444332254444465577666655776866557788685577788888
111222221132224411323444113333345556734455667774556678775668787856688888
112222331224433312443335126444351266744516677555166675551688777788888887
112222221134442211344425133647551366475513664755336677753866777588888888
111122221311222233311244553334465555334655744446577788667778866677888886
111111123334121233445222334452623445526634457776855577768885776688888766
111111112133333422335344223554442267544426675588267775586667758866778888
111112221334222513344225134444251334645533666775666867558688875788887777
111122221113322214133552444435524466335574633858746668587767685877776888
111222234122223341112553446115534466555344665753846677738668887388887777
111122223331111234315552443555624333556247777562477776664487886648888886
111222221311244233312244333155443361544466655555667578886777788866777888
111222231411252314455523144452231444555366775333677773886767788866668888
111111121314444233344222353344625536646255366662557888625777788857777888
112333331223445312434453124445561224555611225756188777768877767688888666
112222331122233311242533114445531445555364778558647788886467777866666788
122222331244423312244333111444331115647755556777585666775866668758888887
111112221122222314424433154443335554633355646677566667775567778788888888
111122221122232451332344511333345553444466577774665557776666887768888888
111111221344122233341222334444523366445573668885766888857766688577777555
122222231123333312233435164444551664447511666475166777758687787588888855
112222331223333312245553124444531644745816477558166775581667778866678888
122222331122444311122433155444331544673715556737888567778855666788886667
112233331142222314422233154444631555546317575466177756667777586688888888
111112221113124455532224533332445533624456366644566667775887777788888887
122222221113323211113333445136634556666644577786445778864457888855577788
111222221332224211334444113344445133366755555667585866778858666788887777
111111112331444423444544236665552336666522377675233876752288777588888875
111222331142223314445223114555231446573344665773666855776888577766888887
111222231422222314444453115444531155555367777533666677736886778366888888
112223334122222341155523441555534411556347188863477886634788886677777666
111112223141522234415222334155553444445536677775336678776368787866688888
111233331412335344122353411225564122556647255566477888864777788647788866
111222221113324455113244555132245333344453677748556777886667877866668888
112222231222433314244335144463551644633516666755116867558888777588887777
123333331232244312222443152644771566477715564487156688871556688715568887
122334441222334412223344112335441113655517666555777665887766858877768888
112223331224223312444443124454331555556311577566715778667777886688888866
111122334411123341122233422255534555556345777663477888664778666647788888
111112231441122344415223464552234666527346685773668857738685573388885777
122222221123334211553344115333441153444655555746887777768778766688888666
111112221311222233122455333444556634455563347755664478886677788866777888
111122221311244213333442155333425553664275555644777666847766868877788888
122223331244333312244335122444551111446577718865777786657788866588866655
111112221122222311333233455633364456666645557676444577774855778748888888
111222221112234211133342533333445564444755648777556687775666887756688888
111111112221333322233444522534445525346675553466785884667888888677777766
122222331222433312444335111143551664435516645557666475776687777788888888
111111221342222213444425133444253336747583367775866667758868677588886555
111111123333112243552226433552264335726644457766445557764888877688888776
122222221333332211334444113445661734555617748566177485567778855678888866
123333441222333412222334111244441511666455666666555778885777888855777788
122233331123334411222344112253446155544761555477665777776658887866688888
111122223331244233111142335444423556644235556666557668867577778877788888
111111121314422233444222334444253366772536677775366667758688875588888555
111111234111222344455223444522234555553345666337666877376868777768888887
112222223111111233331442535333425555444465557474668877776888888766666877
122222331124455312244533121445531114455366674553667777736687877866888888
122222221111123214441133443333354666637546777775466678554687785588888855
111222221112333214133352143343524444455546666555667775886667788877778888
111112221314112233444222334544623345556637477556377755667788588678888866
111111121133344233334422344442223545666255556662557666885777778877788888
111222331111222314452233145523334445555346666755467777774678788866688888
111122223311122233411422344444443335666738556677885566678555567788888777
111111111222233344223355442233554423366544778655477886557788866677788866
122222231124243351244443511111435555664375766843757688837576668377768888
111111231222222311242333554433365554736654447776554476665777768688888888
111111112223331324234333244445632447556622477556877775668787855688888566
111122221131112233333452334444523446455274666655766888857667785577778888
122222221133324211113344566113445566634456667347558673475887777755888888
111122221112233344112233455552334555563344577688447766884777688877666688
122222231111442311414223514446635544663355777663577786635578886357788888
112223331422335314423353114255551442255516447777164778876666687766888888
122233441122234411233344112344451123355566666775677777756688788568888855
111112223444122233441112335444623754666237566566375555683775888877778888
122344441223445412235554122333541233555511366666117678867777786677888888
122222221113224415134444551334345113333455566666575667768777777688888888
122222221123344411234445613334556111344566733775677777556667888568888885
111222221112323311223334155553345555536466666664677774448888774488888777
112333331122323311222234511124445555564455576664777766447787866678888888
122223441122333412223444111533341555563417755664778556667888886677778886
111111121122222233333242533334445556666455567744586687445866877788888777
111222221132444211324442133344551366645533766555377768587766685877788888
111222221112233314422433154444331555443366555557666688776668877788888777
112222221133244411132234113333345567788455667844566678485666788855577778
112222223111142233111442344444553467775833677558366777583667555866688888
111111111222222322444233554433335554433657544886775588667777866677888866
111111123333121233442222344552253444555536647577666475786687777866888888
111123331221223311222433512644335666444756666447588864775858877755588877
112222231124442351144223511443335514336655543666577666885776888877777888
111111123334112234444422333344223555422655757666577778865788888657788666
111111221333122413222254332555543335545466654444666677886677788877778888
111112221333342211334422153344425563447256664778556777885666788855677888
111112221112223214442332444433334554363655778666557786665557888677778888
112222231442242314444423111114335566663355566337585667775886777758888887
122222221113332214113555441135554633355546663778466777884667778844678888
111111111222222342225553466666534476665344786553477888534777885347788833
111222334411223344412223554126335441163355466666555767678587777788888887
112222231222423311144433551144435551464355576633857776668888776688887776
111122221334422213345252133455561134455677334556778846667778466677888888
122222341123333411233344122563441155664471555664775856667778586877788888
111122221311142233154422335554423355444635574776357777768888867688886666
111122221111233314422333442233536445555564475575646777776668878766888888
122222221111233311142353144443534445555364555773666667778888666788888777
111111112122234422252334625533446655334465533744655777786677888866778888
111122231111223341444233444452234666572366555733685577776885587766888887
111111221113222233332442335525443365554466667554668677548688877488887777
111122221122223341115233444655334776655347768553477685534776888847666888
122222221333242411133444511633345166637451556774555666748856887788888777
111111121134442233344222344452263334552637755556877757568887776688888666
123333331233445512324555122244451266444512666655111666777777777888888888
111223331122233314225533145225361455557614885776448877764487767648888666
111222221311111233333342353667425556774255667744566774445677848856888888
112222223122444431125544311115543333355463675554666777786677787866888888
122222221233333211114433511144635555466377554466755884467788888677778866
122333331123343511222435112224456114444566666645677655558777777788888888
111111112234444122344544233335452223555562637785666378856777788866677888
122223331212244312112453111444536444555366665753668677536888775788888777
122333331244333312444445124466551226677511226755818867558186677588886777
122222221111334215513442155134446655334466533347685588876888878766677777
112222221122333411253334611555346715533467555844677788846767788466678884
123333331222234311112443155224661552446615744486557888865578888677777766
111112221113224213333442335534225555344456657744566777776667788866888888
122223341122233451112334551623345116634455566744566687745886877788888777
122233331112222314224443144444331115563655555666577766685777786877888888
122222331222333311233344111114445564447456667777566778875566688755588888
112223331122223412255534115555346115653466666334767784447678888477778888
111111223441122234551522345555223455666634446667348668773388888738877777
111112221131322213333242335552443657555466678554666784446767848877778888
122222231111223341112533414555334445653374466555746666887776868877778888
122222231124423311444233114455336164455361655573666575776688777788888887
122222221112233341113353411443534444635577746665777788657788866588886655
123333331222222312442433111444441555545617755556177766667778888678888866
112333441122344451123334511236345122666455277664552786687557886877778888
111123331141223314452233145522334455526644577266845777768858777688888666
112233331123334311222543162555441626655416265544766685847777888477778888
122222221333324415534244155344461153374611537766155887668858776688887776
111223441122333411233434122334441255556472775566777555668877766688888886
122333331124444312244453112245531662455317626558176666587768885877777888
112222223111142231314424313444443335556637858556778885667888856677777566
111122221111123244444332554543325555443265577338667773786666777866888888
112333331222243311522433115524441555246615774446757666667576888877788888
111122221331124211334242333544426355554463655774666577776885888766888877
112222221223244411133454671134546771355467773554677833556678835866688888
112333334122223341552223415662734155667741856777418566674185568744888887
122233331223344311244433112224441555555415556777166668776688888766888777
112222231224422311445553116455331664455316644533667775386777888867778888
111111111233333322222233444252536455555564477775647787786447888866666888
111111123144122234442255333422563344255673347556777775567876666688888888
111223341212333412222534111255346666533466555554667777446888777488888877
111111221333112233444442333554226535542265554478665777786777878866668888
112222223111142231554426311554663355744635587746335874468388777688887766
122222221123244411134444155334461555336617755366778553367888866677778888
111112231122223314422243144444435566666355566633557776375887777758888888
111122223111112233444526334555263444552633344566777755667877786678888888
111112221112223245153332455553324454563344445636777866667778686877788888
111222221113233211333322133445554444555564775775644777886667878866668888
111111112222314423333334225354346255544462775548667558886777777866668888
111222331144233311142253661442536777425367674253666745556777458588888888
111111123444122233341222334444526366745263367755666675557777785588888888
122222231114233311142243156444431566643355567437566677775567787858888888
111233331122234351112344512223345566274456667774556688745866887458888777
111122331222222311244333114444435446666355555563777775667887758678888886
111122331121233312222333145523554445555647444656774886667778866677788888
122233331112455312224533114245336142455561444755666777786677788866788888
122333331122223341255236411152364115566644556676455777764888777744888888
111111231414222314442253444225534662553366665733668557736888577788888777
111122221333322214333332144445521144657784466577866655578666557788888877
111111123444121234422222344425663455555637555666377778863777886633788888
112222221332334211333442113444441134567788555677855566678885567788866677
111111223331411234444442333544223635552276555528766658887776688877776688
112223331124222311144223144433331445555564667755666687758668877588888777
122223441122334411123334152263341577683415576884557768845776688855776668
112222221111123211444332566643775644437756644377556663775888337855588888
112222221133342213335426135354461355546611555446777744667787778688888886
111122223141522231415226314555663445577634557776344777763348888638888866
112223331111233411122234555223345666743456677444586677745886677755888888
112222231112223341111233444445536477453364775553668777556688778566688888
111112331122122314522233445253334455556344455666748888667787886677777886
111222231411123314441223445422334555633345566666556678885767778877778888
122222221133444213333442133566441355677415566674115668775556887788888877
111122221311222413322554133355446733354467755548677588486677784866667888
111122341122233451222344511233345556634456666344576667775777778858888888
112222221112333211133442551633445566634455666374556777748568787488888877
111222231122423311244233511444335554443356666666577786865557888877777888
111112231114442351664223556442235566442356677423556877335868873788888777
111111123333311243533362445555624555566246666672444777728477772288888888
112222221111111233334422355344443355664473566664755666887557888877777888
112333331122333312222444111225441555554466557784665777846677778866688888
111111221133322241553322444533624445366274453666777588867755586677788888
111111112122234422233334225334346555344465557884657578886777778866666788
111222221112232211133333444433354644477566488755668877756668775568888755
122222231112333311224334115543341555444455556664778888667787886677778866
111112331114123355542223654442236555442367574423675778836777788866668888
112222331422222314444443115544331155553361655573666777778666688788888877
111111223311144235544422355544223335644233556662775666667777888877788888
112222331112233415122334151233345566664475658664755586847778868477778884
111112223144111233344442533444225536622655366666553777768557887788888877
111111112222223122243335666443356644433566477355684777556848875588888777
111112223113114233333342356444425564742255647772566678775568888756688887
111111221333222211433322554363625443666655476866544778885447778855777888
112222221223333311244443511154335155544355564467866666678688887788877777
112234441123334412235544112355441123356677235566772885567777866678888886
111233331212223312224333125544661155444655574466577746685778668877788888
112222221133224411335244163355541663355416663574668885748687857488877777
111111121333222213333242535362425556664455776664755768847777688478888844
111111221122222231444442334544663545566735556667335588678338876788887777
111222221133232211333332143566661445555644555756477777764888787644888886
112222221111233241511332445555334456653745566337448666774888667788888777
122222331111233341222333415555534116655544666675446687774468877788888877
112222221123332211113333144335554466555544667575466677774668788748888887
111222221111132244513332445536624445336674453668755536687758886877777888
111122331222233412233344112334441555566455776684577768845776668857768888
111112231451123314522223645223336455553364444557664888876688778766887777
111222223112224231115444331555543335666433555664777766847787668477888888
122222221213333211133444151336441553664455666644556788885767878857777788
111111123341552234415552334455226334572263645772636447776666878788888887
122223331442223311444223111444431155555366666553678868556778888867777778
111112223112224233114442533333425553444655577746588887665877776688887666
122222331114223314442253114655531146557344465573888665738666677788888777
112222223111142233144442311445553336445736668557366685578668875788887777
111111221133333241532222455336224555366644455567844486678888866788777777
111111112223333122223433225534365555444657744746587777465887876688888666
111111112133333322222233244562634455666744855567448555678488766788887777
111233334412233341112223411225234455555564657775646878776468787766688888
112222221112344251133342513334445163344455666666555567867777778877888888
111222231144422311422253114555536445775364457853677778836667788366688883
111123331422233314222235142663351466665514446665774485557777888577788888
111111223131144233334442533647425366674255677742566677725556878258888888
111222221133245513332455113224456134444566337475666777756867877568888888
111123441121233411222354662233546623335465555554667777746888877468888877
111111112222122344422233544444335564333357666666577766885557788857778888
111122221331122233114422333546663355467655544676885447768554777688888877
111122223122224431144245311644453366646533376665883767758887777588887555
122222221111112211344444333455443364555536666785366677853677788577788888
111123331112233341122533442225367444255677445566777456667885586677888888
122222331124323311243333112444441155564455556677556666778866887788888777
111222221111223344412233455155334455556374566663744788637777866677888888
111112221111332244555326455553264553332644777326844873668848766688887777
122222231244233312544433115544336155447361577778615577886156788866667888
111111123333112234444422334552223647552536477555664777756688887766688888
112222341222233411123344111334456666334566777745677855456778855567888888
111112221131222244312256433335564444355674473566777735667887558678888886
111111121312222233324422334444563334445677755556775585667778886678888866
112222221123322311143333144444331544467755886667558667675586677755888887
111111221333312415563324556632245563324455662244756667847777778478888888
122223331222233415523334155536641566664415666774155777741877784418888888
111223331112234412222344155233341556663455667744856667478556777788888887
111112221333222213432325114333556444445567445555677777886667788866678888
112222221113322214113333144536334445666644755556477585567777888677888886
111112221122223311232334555333346555777465557874677778446666688468888844
111112234144112344444123566642235566622355576623557786835777888377788883
122333331222334311255543122554441125544617558846177888467788688677776666
122222331224223311444443111433331554678815546788556667785567778856667788
111111121333332213443322554443225556444255664772856666778566887788888777
111222223111224231112444355554443333556477335664778558667788886677788866
111111112222133324422533244425336444753364677555666788856777885566778888
122223331111223311422533144425331446655544465555777666668777777688888888
112333331222223312244233111444441514467755556677888556678855667788886677
111111123314122233444442334454226355572263577788635577886556778866667888
122223331112444311124333561244435612244356667777555666775586877758888888
122223331222223314433335144446551444666511666555716788587167785877778888
122222221111324411333254613337546137375466777754666677546888855488888554
112333331122222311144223144445231466455364667755666777758867877588888855
111111121344441233344442335455523555562233576662777788627877866278888866
111223331122233312244333112244445166664455776664557768685577788855778888
111111221312222213342455334424553334446573884665778888657888666577777665
122333331124334311244443122224441552556611555566775888867777866677788886
122223331122233411112234115556345556563457766634577664447777684878888888
111122221311142233331422353664425537664457376664577768645777888455588888
111112221331222233311422553444445333644455576666588776665588776788888777
111112223333111234433312445536224445562674455626777756667887558677888888
112222221111332214333332145555331445555644445666774788667777886677888886
112233331122333312222345162664451666645516444475164777757777885588888885
122233331112334412222344125533441155564417775664778758667785586678888866
111111221331422253314266533342265344472653444776555777768558776688888886
122333441222234412122334111133441555344566655555666677776867787788888887
111111221333312214443322444333224455666245555567558866678888676788877777
111112221133222413352424133524443355446435577766555787768777866688888866
111112331141223341444233444422335566227355566277565677775666778858888888
111222221111222314155523444455534464555346667883666778336777788367788883
122222331244233314422553145555331456563714566677148686771488866718888777
112222231122443315522433165544331655477316554773165647776666488788888887
111122221332244213223544133335541166354466667544677775556788758867788888
111222221222342411553444155333461155344655533466777386667788886677778888
111122223112242231144425316644453336644537366665378868557788885577777885
111123331142222314422333144225331455555544666577848865778886666788867777
112222231112223341155233441533364415366644455776848557768885777688887766
111222231114223351446223514462335144666355546673855486738588867788877777
112222221133324413332244155334441553446615766666157777685578786857788888
111222221311112233314422353334443555664455556744566667778886677788888877
111112223331442255311422553134225633344456666674566886745888887758877777
111222221312242213144444331145543366665433666655376555587777888877778888
122222221211133211141333444455534445533346775588666775886677758866677888
122222331442422311444423111544531165555377665833766558387666688877777888
111111123334112234444442334452223655552236657555367777776688787866688888
112222221121123241114433444445534666655376686653776855537778853377788888
111111121333322213342225333444256744442567777455666877556668877568888885
111112231442223311444223144542236645533366775538667755586777775866888888
112222331112333314125336141253564422555644455566774486667888888677777788
122333331223443511224335111244451162244576666455786666557888888577777788
111111123333311234435522334555526445575264777722644477826668778866688888
122333331222233411253344122555641555566411566664177777648777786488888884
111111221333411233534422335554223555446255744462777777667788866688888866
122233331123334412223344125244441155546671755666717755567777866688888888
122222231114232314142333144433351144555566645775666655786777777868888888
111222221122233311142333155444336554777365444777655477886556878866668888
111123331112222311452263774522637745566377456633774586687445886844558888
122222221233344211133455113344551633455516674457666774578666777788888888
111122221331244253311422553314245563344456637747556887775666878766888887
111111221133222213332445633322456663644577666445877674458777785588888855
111111221345552213444522134555523344452263347788637778886366778866667788
111222223112444233124442311145443335555536357777665578876668778766688888
111222231111233311222343555624435656774356666743566887445588877488887774
111122221311122453331224553333245556344457664448576888885766666877777788
112222221111323211143332544444335446433755566667555866675888776788888777
112222231111122314441233546662335444663355447663855777668555777788888887
111222234112222341555523411555534415333346666663466777784467888877778888
112333331123343311222444122524661125444655557746557777668577766688888888
112222331112233311122334561233745666677456866744568887445888877455558774
112222221113322214113333445136337455566674455566774558867744886677788888
122222331212233311142343151444436515444365555777658588876888887766666777
123333331222343411224434122554441626554516667555166777751667877788888888
111122334112222344112233451523364555533645777776455766664477788688888886
111122221113242251332442515334445555334456666347568773776688777766888888
111111221333122214432252443333524436655547765555476666884766888877777888
111122231422223314455233114552531645555366477733664477886647777866888888
111222221113222214433333143355631477756644788566477785564788856647888556
111222223312244433112445333124456331174566677745667777556678555868888888
111111123312221243332222434355554443355647775566447858867778888677886666
111223334111233341552223415552334155226644556667486666774888887748887777
111123331411253314442536144225364477253647722536777725668875556688888886
122223331222333311223434111144445551446475588666755588667577786677788886
111111121334414255344442533334425366377255567722566667225866777788888888
122222221111332244113333445136634551366645557666455776774857777848888888
111222221122322411333344155364441533674455366747566677775668778855888888
111122221112223211442333544333335544666655446776554767668557777788888888
111112331444123314452233145552334455522364655227666777776668787768888888
111111223314114234444442355554223355552263377572663877776668778866688888
111111112222213422253334625553346666533466775534866755748887777488888744
111233331112223411125534222253346665553466757554667774446778888467788888
123333331222334312522544125555541256566416666644117786481778884877777888
111112221133332214433222144433325454446655555566578888667778886677777886
111223331112223311442233514442235544466355564677586666675888877758888777
122333441222233415226334155263341555666411566664155777741887877488888877
111111123444112233342225333462557344622573446555766665887776658877788888
112222231111222311413323444453334464573746665777665557786558778866588888
112222221344224213444445134667551366775513667755136777581368875833688888
122222221212333311145353116455531664553366645777644457876488778764888887
111223331222445311244453122645531266475316644753667777536778855867888888
112222331112223314112333144423356664555567744855674488586777785866677888
112222221333322214433335114434551114446577774665777866557878865588888666
111111112222222132444245334644453366664536655555367777753688777738888888
122223331244233511142335144423351144255561477775666668756688887568888777
111111123341144233444442333452226633522266655577666577776885557788888887
112222223142525231445555311455563114447631447776377778663788888633888666
111112223331111244333322444335226444457266665577866557778668555788888877
111111112213333342233355422663554266555542667775426678774446887748888887
122222221333322413333344111114445551446455577666577766665578886877788888
111122231121233311222344555233345655534466755444667778846777778866688888
111111221331422213344222533344425663344455666667558776675888777755888887
111112231122223311224235666443356744433567744435677888856778885566778855
112223441123334412222345111233451677834566788345677785456777855566668888
112222231112333314123553141225534444655364446755666667758677777788888888
112222221332444413322454113666541136655413336654777766557888855877778888
111112221122223214443332154433335554463785446677855566678885667788886777
122223331142223351422333514466375144467751144677581886775888867755588666
112222331114423314444223114522331445533677756666755566687755688877788888
111123341112233411222344522333345255566455576664577776847786668477888888
122222221211133211133333415336664455566644556676445877774558778748888887
111122221312224433112244331544443335564738856667885566678555677788886777
111111234115122345552233445552234445662347756623477666337776868877888888
111222221133222413334424135334441356666415577864555788665757886677778888
111123334111233344112233544422365447222655477766557778865577888658888666
111112331122223311244223554444235555544365566433666666778888877788887777
111122223312222233111144333354465535546675554466775844667778866877788888
111111221133333214333522644435526464552266644552677488556777888867777888
