112222113322413555413335444655477668777668979968999888
111222133422113442333444556667586667588777558887999999
111222133222113445633455673445677455678888679889679999
111122331442331422355426354466557896577896778896788999
111122314225314225344555334675834677886667889677899999
112223112423144423144563788563785563788566778596799999
112233112223412533415553445657446677888677889667899999
122222132344133334115664155664775564778568798888799999
111222131242133442533344555546758866788666788999777999
122222133342113544613544613574688577688557689977689999
111123122223142333444536445566777566777556888889899999
111222311122333442553344555644577666877796879996888899
112223112423114423544433556663577666577778599988999888
111122133122334422534446534776577766588769588969588999
122223144223114333144553146555776588766668799988779998
122223111223411333444535644555666775677778688888999999
111111223333244553244553224455666777686797688997888999
111222111232444432443335663775666775886775888955899999
122223122443111443514433555563775666776688977888999998
111222133342135342155342554446756666776888977788999998
111222112233414233444433555667885677855697886697899997
111112333122344222354444356666557776587776588888999999
122222133324113344113554555544666667869977888977889997
112333112344112344222345666645766555778588778889799999
111222133222143333144444555666555676888876898977999977
122333112233122435116455666445776645877745878999888999
111112334412334452633452666452765552768999788899777889
111222111322443332443355466555476658776688779888799999
111112331222333442534442564777566677586687588889599999
122222113245133445134455136455636777666788999778999888
111123122223142553444453466553766583776688799888779999
111222131222133333455555446657448667488867998867999977
111122131222333452334455444555677777668979668999688889
111222131222331444533446573746577776589966588996588899
112223122423144443114553677533677555667888667898999998
111112133332334552664452644452666552778889778889779999
111111223334222344253344657774658877655887659988669999
111222311122333442334445664555666575886877988877999997
122333122343122443114445166665778865778865799885799995
111111222344233354223354667754666754677758999958998888
122222123333143356144556145576147576847776889996888999
111222311242313244333445677455677558697758699888669998
111222131452331452334452364555664777867797866999888899
122222113244153344155334155364775766877769888669889999
112333112343112243552246755446758486758886778966799999
112222311122333144353644555644556677888667988877999997
111111233334223544623554625544625788677798677998699988
111122311222344552344555334465377668776668779988999988
112222112233411553445533644553647777668877688999688999
111222113222133344533446574466577668557968577988999988
111223112233122333444555444665777765776665899999888889
111122311222344442334566334556777556787756889996888999
112233112333112234566264556664557884577984777984999988
111112314222334422354446357766357766857769855999888899
111122133332133442544442556662556667857777888979889999
111111233333223444225464725664775668755568779998999888
111122313124333224553244555664775664777768999968998888
111122132224133244533444563677566678559678599778999888
122233112234156234156634156634556774857774889979888999
111222331122331442335444665748655788657778657988699999
122222113332113444133544655554677858667888667778999999
122222111112333334355554554444666778677798679998699888
112222113332113332444444555566775566877669887799888999
122222134442133344115346715366785566788556778999788999
112222113322133344153644556664577664578888579898779999
112222311242351146355446355546337746887996887996887799
111112333412333422555442655542667748677788667988999998
122222111123144333544433566477566667588877588997589999
111112334412334442334522555526757666777766888899889999
112233114223144233144253664555765588769998766998777988
112222133224113334513444566748566788569778569778599998
122223111223114333444355446665766855768895788899777999
111112133222333322445555446655477668477668779888999998
111111222233422333444435667455677775678885688985699999
122333122223144433155444115666755566788869778889779999
111112133422334452344552364552766588766688777998799998
122233112223144453145553146553746666777768979888999988
122222133342133544113554617554677584667888677988699999
112334112334152234152234655544666577688887688997999977
112223142523142533145533145566748666748869788899777999
112222122334113344513444563667566677588997588897589997
122222113342133444135446135566755586777886788896799999
112223112233112333455556456666456777448887949887999987
123333122223124443114455166455666557868777888997899997
111222131224133254663354763554768854766854779888799999
112222113224133334153664556644566774557778999878999888
111122341222341552344556334456738856788886799966777999
111112331222333224355444556647566747566777888999888999
122333124443122443125543155566157786977886977886999986
123444123334122334122554155556177766877996887996888996
111223122223113333445566455566445768477768779998999888
112233112223142433144435666455665557869777899997888897
112233111233414223444253466655766558767588777988999998
112223112223144553145553644573647773677888669888699999
111112133442334442334222555566755886788866778996779999
111123122223142533445533445666455667899967889997888777
111222111223444323444333566777556777556688956888999998
111233412233411223444423566667568777568977558999588899
112333122343122344112445678845678855678859677759669999
122223114223114433514336554466557766577768979988999888
111222112232415533455336475536478666478886478899779999
111122331122344442334452635555666675677778999978998888
112233111223144233444253645555666665777788999788999788
111222131122333332444556445566455666778888777898799999
112222311124333124355554365544766648777668977888999998
111122131224536624536624533644573684577888577788999999
112222111324155324553344653344657788667788677889699999
111233112223412333452677456667456677455587488888999999
122333112233112443512446555546777546778666788999888999
122233122234111334551364556664577644577688779888999998
111111222223444423455433555533667788667778669788999998
112333112344112344222354665554766655777689788889789999
111111222233422333445536455666455667489977888977889997
111123142223142233444563455563758666758886778999778999
111222314425311425333425364455667775688877689887699999
123333122233114224114444555677585677586677888669899999
111233111233442235642235644775647775668755688888999999
111122113322433332455562445666475566478899778889778999
111111222233244443244333567788566778567788566998559999
111222311222331444533664553664555664777778799998998888
122222123333111133455555446657466877466887499887999987
112233111223142233544663546666544788555788777798999998
112234122334112334512364566664555764577777888999888999
122233122433124443114453165555666758966788999788997778
122333112223112453144453664555664758677788677988999998
111112133222433352463652466655477685478885478989779999
111123144123442223445233655537665577688997688897689997
111112133332433222444425666475667775677855998885999988
111112133222333224534444556646577666557777888889899999
112223111223414523444553646573666573868577888877999999
111222112233414233444533465555665788677778697988699998
112223112223145333145553445656477666477688997788999988
112333122233114223514446544766577766578796558899888999
112223112233112333445555446565446666777888797898799998
111122134442135422335426335466555776888976888976999977
111222312224311444333544637558677558667588667788999999
111122132222134444533647536647536677556877588888999999
122334112234122334115344555664775668775668779988999988
111112132222433562433566443556478856477856778889799999
122222121333111344553346555746587746887746899766889999
122234122234111334513364555664755864777866778888999999
111112312222334425334555344465776665776888796998799988
111222312242311444355554335564376666877769878799888999
122233114223144233114443556677558667588667589997889997
123333124443124453122456127556177586777586988886999996
111112331222433255443255643755644777668877688889699999
111233411253412253442253644553678859677889667889677999
122222123333133444111444566667588667588887599977559997
112223112333142355142355444655746688766888776998779999
112233112223411253444453664553666758967758977788999988
111223122223114333444355464555666775686977889977888999
111112314442334422335422635555667785667788969778999988
111222311124355224335544335546777746887766888996899996
112222111322441355433335446755466775867799866799888899
112222311242311544355544366554367777367788668888999999
112223122333112343155444665544665577688777689979888999
112333112233142553142255644455666478699778697778999888
112222133332113342155444555446756666788896778899778999
111111223333223453244455246457866957866957886977889997
111122333112333222445555444655746688779668779688799998
111112333122334522344552645577644577666887969987999888
111122333112443332445522446555666577688887688777999999
111222133222113344553446573446578886577786597986999986
111222331142333142534442566647568887568877569897599997
122222113332133434154444156666555766577788779988999988
111233112223122443555643555643778644788666778999788999
112233122334112344152344655774665788665778695978999988
111233112243122243556443566643567648557888777998799998
111122331122333224355444654477658777658979658999668889
111222311442314422335467335467555567888967888967999967
112233122233114233144444556778566778567788566998599998
111222133442133542133542665544665788965788969778999778
111222341112344452334452633755667755677888679888699999
111222113222133444533344555546778566788666778889799999
123445123345123345123445126785126785666788967778999998
111112312222332445633345664445677555687777688999888999
122222133332111133444556455566457766487776889979888999
111112133322433325444425666425677775668775888895899999
111233111223455523445523444523666677889677889677889999
112222312442315644315644315666335556777888779998799988
111112333312345552344452677452667452677788688889699999
111223122233124335144355664445667755867779867999888899
112222132445132445134455133655736668777688799688799998
111222311224351524355544333564788664786669788899777999
112222111122333444353444356666755586777586779988999988
111111222223425533455663455663444663778888788999777999
111111222333222344553346554446577666577688977888999998
122222123333144553114453614455667757668777698888999998
112222112233411553455533444563748866778886778966799999
111122334112334222334444555566557766887766889779889999
111111222223444323445333455667556667588677888877999999
111222133222113334563774566774556774586684588884999999
122333112443122433112444556777566777556888956688999998
112223122433124443144553155553667888667778697978699998
111222122233144335144335446655766655776888779998799988
111112122222334455333445366455766485766888778899779999
111122132222133333444445645555665777866977868979888999
111222133242134442133544663557665577688577688887999999
111222131122334442333544655554666577668977888977889999
122333112223411123444553446577886597886597866597869997
111222112233412553445533647553647788647798667998699988
112222113324513324513344555644758666778996788896778999
111122131224333224353644556647556647856997888977889997
111123411223455523466523466523466573477778978888999998
112223114223144423154463755563755663776689788889789999
111222112233412333444435664555666755677788779888999998
111111233333224345244445266655266755868777888977899999
111222331112333342555442544466556666777778799988999888
122222113342113344513344555664556666777788799888799998
112223112223114333444355464755866755867799866799888799
122222111123144453446453666553667553777773888999888999
122233142223144433144553116557666577866579888779889999
111122113222433332453666455666455777485887488877999999
112222133332134432114455666445766655778885777988999998
112223142223144333144435166555766658796958799988777988
112223122443124433114335664775666675888975888975999975
122223124443125443115433165553665777688887699887699997
122222134442134544136555136655133677888667899777889999
122233111233112234555634566644557644887699887779887999
122333124433122435124445167555167588667788699778699998
111222113224513244533364553664755664788969778999778889
111112312222344425366445336455376665778885778889799999
112222314552314552314556314466334776887766888779899999
112223122233114433144435664555677758677858697888699999
112223411233411223444433566678567778566778555888999999
111112314422344522334552364577368557668887698897699997
111222111233444223444553666553766583768589778889779999
111111222333242335244435644555677589678889677899667899
112222113322133445133445664455667755668777888897899999
112333112243122443152543555544677788697778699998666988
111112331442344422333422566667556677558887958987999987
111222331112333422535444555466577466778886788986799999
111112333122344225334525644555664777668777868999888999
123344122344112344112335662785677785699785699785699885
111123144123444223455223555533666666778889788899777999
112222112333412355413355466657466857469887499887999877
112222113232113333445666445677485677485677885999885999
111111222333242353442553444555678889678889677779666999
112222112323113333455556444556446666777888788899779999
111233122223124433144443566666577768577888557998599998
112222133332111432444435467775866675869675889975889995
111112341222344422334555634775638875688775688979669999
111111222333222433444443556667555667588677888877999999
112223122323144333144445166665766555778885778988799999
112233112223112333444555664457668457698857699877999887
111111233455223455223455623444663777668977688979888999
111112133422533442553442563472568777568997668897688999
111122131222334442334544635557666577688597689997888997
112233111233412235446235466555446665777899788889778999
111222131142533442533342566644576668579988577988779998
122233122233114433115466555446578496578996778896778899
112222311122344155364455364455366677368777888979889999
111223122233112433555443657744657884657888677899669999
122223123333124345114445166455766855766888779998779998
123333122343122244155544155647165677866697899997888897
112223411123456123456623455633457668457988777998799988
111112133222333425364425666445667455877775888979889999
111123441123422223444533667535667555677788697988999988
111111222334253334253664255664556644777788788889799999
111222113222413333445366455667455867485867988877999997
111122312222314444334456733556775566785669789999788889
111112133222433332444452647755667855677885667888999999
111122333112433522443562445567485567889667889677899997
112222311122314444333445663555677855678889678989677999
112222134442134442135556135566738566738886779988779999
111112344142334442335222365555666665777788799788999988
111233141223144223445523455663556667899967899977888877
112222132442135544135546135546337666777886788899789999
112334122334125334125444125555666667869977888977889997
111122333112334222354444655574657778657798669998699888
111111223334522344552344552346577776889976888976899966
111222112223144443445333655573665577668779688979888999
111222311122333342354446555466575466877796877999888899
112223122433124443154633154666555566778889788989777999
111122333112344422334442555556757886777866798886999996
111222312245311245333445673445677755688779668999688899
122233122334123344111445666475677775687995688895889995
111233411223441233452236457666457766558779858799888999
122222112333143356144356144456777556877756888886999999
122233112243152443155463154463557666777688799988799988
112233112233112233444555444566778556788966778969788999
111222113242133442333444566667558667588777598887599999
111222131422331442533344555546576666777688799998799888
111112314442344422333322555566758886757866777886999999
112234112334112334522344555664577666577688997788999988
122234122334125334115344615547655877698887699887669997
112223122433124443115463555463556666788888779998777999
112223112223411333455366445566477556478886778999788999
112223112333122343144444555555667788677889677889669999
111223142223142333144355446655777685766685788889799999
122333122435124435126435116445666755677778979988999888
111222134252134255134655334665734466777768799988999888
123333122223111243155444655447685577687779688999668899
122333122334112344112554555544666667888677888777999999
112222311122331444354446355566355667888867899997899777
111123412223412533442533466555467588667778677998999988
112223144223144423115433555536756666778996788899778899
111122133332134352644552644552664577687779687999888899
122222133324115344155344155346758886788966778996779996
111222132224133334135544667544667555677788679888999998
111222112223415333455663445663445566778889778999778899
112222122334133354115354665554766684777684779988999988
123344123444123354122355112665666655777788799988799988
112223122433112433514443564667566677588887598877599999
111222131422133425333455664455677458667788699778999988
111222111324533324533624555664756664778994788999778889
111111223444223344523364523667586667588777588879599999
122222111112333444334454367755667758669758699758999888
111122331122334422344455364557665577668997688977888999
111222331244311224355554336654777654776688979688999988
111222132224133334134444555566557666777688797988999988
111222132224133544135554335564666664778888778899779999
112233111233412223444553446555776658766698779998799888
122222113324111334556334566644557664577888777898999998
112222112234513334513344556744586777586779886669889999
112222311224331144355554356664357664877699887799888799
111122113322333324566624567684567884577844579889579999
111122131222333442553344555546788846778996788996779966
112222311422314455314445333555667899667889667899777889
111122333112443322445352445555666667889967899997888777
112222112333112433444443566667588867589867589777559999
111111233455233445236645236645227645777688798888799999
111222131124335224335444355466755866788886779896779999
111111222223244553445553645333647888667788697778699999
111122133122334522334555444556774666778869778969888999
111111223333222334255444555464578666778686778889799999
112222133322133444135544155554667788677788679988669999
111112331422335422335442555546778946778966788966788999
111222111322455326445336475386475386475886777886999999
122222113342133444153446153666555566788999778899777889
111233112233122233444445465555766665788699778889778999
112222122333114435614735644735664775867755868999888999
111222331122333124355544677584675584677884667889699999
122333124333124444125554125655166677888667998887999977
111122133224133254336254776654766654778954788959888999
112233112233112433552444554466755886779886779886799996
122333112223144423154443155666775556788866799888779999
122344112334122334112354666554676588776588799588779999
112333112343112443222544677548677588677558666598999998
111122311422344422345466335556355776888876988976999977
111122341122344442345662355666335786955788977778999988
122222123333111334516444556744566777566778599998998888
122222111233141433544443566663555768599768999788977788
122233122433124435164435164555166758669788999788997778
112222133332111332455556447556477776447666888999888999
111222133324153324155324556644756648766998777988799988
122223142233144435144635166635176655778859778999788899
111111223444233544235554233655277688777688979668999968
122223123333123445114455164455667757689777689999688889
111222131242133244553644573664573866577886577888999999
111122133332134352644552645572645777648797688999688899
111233122233122334155544666544665574687777888887999999
122333112334152234152544155544666667677777889999888899
122333122243155243115543155444666778697788697788699998
111222331112344422335446735466775866795886795588799998
122222113332133344155544155674885674886677886677999999
112222122333111343555344655444657788667778667998999988
122333122333122445166645166445167845777885797985999988
112233122223114443515433555446756666778886799888779999
111122314122344225344455335556736666788996778899778899
111222113244313245333245666445678885679885679985777999
112222113332411532445533444555677778677998666988699988
111222131222331444333455674485677785679885679885669999
111123411223445223465253465553466773667788999788999788
122233144233114223154443155567856667856697888997899977
111111222223244533445533644573665577688897689897689997
112344122354112354122354673354677558677788666998999988
122222113244113544133544637555637775666778699988999888
123444123334125534122534126555166667888677898997899977
111222111232444235443335466635767655777685798888999998
122222111332113344553344555674566674888677888697999997
122334123334123544126554126554166577866777888897899999
111111233333224443255544226554766658769688779998779988
111223412223411253466553446653466553777888777998999988
111222113222413333443555466655477665477688779998999888
123333123344122224155444115555666777688977668979888999
112222111233414233444563477563777566887566888559899999
112222311244311244333344556666557668557788977788999998
122233112433112443152643555644755668799668799998777888
122222132455134455134465133465137766777668799998998888
111122131322333322445666455556457766488779488779889999
111111222222334444335446375886375886775866755896799999
111223144233142223144433555666557786597886997786999788
111222111332433332445552455566447776887796887996889996
111112333212333222444445664655766658779558799988779988
122223122333111443551443655547666547688877698887999997
111222111222333334556344566444566778567778599978999888
122223112323144333144445166665766855788885799985777999
111123114223444233442253667553677555677899678899688899
111112134222334422333444555555666777666877999878999888
111112314442344522334522336555666657886997899997888777
122223144223154433154463156663157667557777889999888899
111112331222333322445555446655744688779668799688779998
111122311222333442355444356664755688756688779988779999
111112132222333425344455344555666666788889788999777799
122233142253142553145533145666144666777788799998799888
122333122343122344154446155576185976885976889976899776
112333112333142255142256744556748566748886779886799999
122223112423111443555543556643777643776688979688999988
111112122222344456345456345556337776837976889976888999
111122113332333222444445646755666755868775888877999999
112333142333142225142655146655447658997668997788997788
111222132242134444133554335555677788677988679998666998
111112312222334442534466534666537886557888577998779999
122222111123441333544367544367566667558977588979888999
111122311422335442355442355546366666777888778889799999
111111222333222443554443555543667778669978669778999888
112333142223145523146523146557446577886997886697889997
111122112223444233445333455555677777666887688889699999
122223124443124443115333615557655877666877688887999999
112222113332133432144445666475666775887755888795899999
111123122223124333444453455556775766877796889996888996
111222111322433325433555444566784569786669788889777999
111223122223144433154433556477586667588867589867999997
122222112333143353144555144565774666778696778899888999
111111223344233444233455265557266657888667889997899977
122344122334112334152344155667855667885667988877999997
111123411223422253444553465573666573866777888799889999
122222112333113334155444665544765588769998766998777988
112222112323411333445355445556746666776888778898799999
111111222333222343556643555644756664788884779889779999
111222111322443332433556445566475568977768979768999888
122333122233111234155644555644566664778888799988777999
112222133322113334514444555466577866579866779888799998
122222111233141335443355445556748886778986778996799966
122222111233143333144555664775664475668975888977889999
111223411233414233444253667255667755667775888888999999
122334122334122334115544155664557668777688779688999998
111222312244312445314465377665337655777665888889899999
122222133244113444113354663555677855667888967778999998
122222123333114353144555146665446765888769877779889999
112222311242351144355664355564378964378966778999778889
123334122234112334152444155556775866779886799886799986
111111223334233444253446255576255776889976889976889976
111122113332444322444332556677556877566887569987999988
112222133242113344133444555677856667855667888897999997
122223112433112433514443566747568777568799568899568899
112222311142333142353444655574655777666778699988999888
111112333122333422556442556644566674577778999788999888
122223122443114433115433655477655777658897688999668899
122333122333112244516664516644557674557778999878999888
111112333312444332544422556626555666778889778999778899
111222113222143555443355443365477668977688977668999988
111112133332444332544222546788566788567778569978569999
111122133222133244334444556666577766577788559998999888
112223112323412333414566444566775556778856788999788999
111222331122333142344444566677567778567888569898559999
111112334122344222334455637475667775687855688899689999
111122311222334442533344566774586677586697588897589999
122233122333112434114444556777556787556687999688999688
122233124233114233114455644755667758699758697788699988
112233412333412223411555446655466665777788778888999999
112222112234511334555344556334766664778699788999778889
111122113332433532455522446557846667846967899977888997
122333112223112433514444566664578869577869578899577899
111112334512334552344552344652776662778866977888999998
122233111223411233455663456666455778459788499778999788
111233111223422233445553446555466666777888778889799999
111222131332133322455566444556447566777768979988999888
112233145233145236145236145266445566777778999878999888
112222122333144443145543155563785866788896777896799996
112233122443112243515643555643577648776668779888999998
111222113232413332444355446775886775886775866995869999
112222113422113444333564355564758569788669778699778899
111123144223154223554423556433566666777788778888999999
111222111342333342553642566647566447558777888799889999
111112133222334422334445664775688775668775688895999995
122333112223145523144553144655748666788996788896777999
122222113324155344155334165534666664777888779898799998
122222112344511344516344556377556337666777888899889999
111122313122333422534444555564577666778869788869789999
112223122243155543156543156443666473688877999877999887
111112312222344525344555344657336667886677888977899999
111112132222333332444555464557466577869997866997888897
112233112333122234144444555555677778697788699988666998
112222133332114332144555644457666857669857999887998877
111122311422344425334425637885637785667785667885999999
111222112233142333444356774456788856788556798566799999
112333122334112234515244555446758886778866778669799999
123333122223111123445666455667455567488877489779889999
111111223344223544233546235546775566788886778986799999
111222131222134444335544633555677758679788679988669998
111233144233114223444223555566777556788896789996788996
122222111132415533466553466653446753847777889997888999
111223144223154423154423655553667773866677888997889999
122333112333112455612455662445766485776488799998779988
111222133322113442553446553746558746888766877796899999
111122133142333342555442665442665577866779888779889999
122222133324111344153344555664755666777688799998799888
111112134222334422334455637455677558677788669988699998
122223112233143335144445145555678888677898677799666999
111123141223442233455233445556775866779866779886999988
112222112233113333445666445667445567855997888997889977
123333122243125443125544155664175668777968799968799888
111111222333233344255544256547856647899667889967889977
111233411223441233542263544766555776587776888996889999
111111222233422553466653446553466573488877887779899999
111122312222314445334455634755638775668779688979688999
122222113332113445133455664445766685767885777988999998
123333123344122224115664515764555764888766887779899999
111122344112344422334552637758637758677558666888999999
111222131332133322444555444665776655776688799998799888
122222133324113344113554675554678854678889677989667999
111122112222333444533647553647586647586677588997889999
122233112443122443114453555553666788696778996778999788
112333112233142223145556445576445776888976898976899976
111112331222333342555442566444576888576668777788999999
122222113324111344555334555634766684766988777988799998
111111222233455223445533444553667888677888667779699999
112222122333113343514446544776577776588896589996588996
112234122234123334113554666544667558697578997778999888
111112333312433522445552446552466677866977889977888999
111233144223144223144523665553677755688799668799888799
111111222233242333444453645555666675688877888997999977
122222111332411333455536455566477866447868777888999999
112222112333142343144443555556775666776688798888799999
111111222334233354235554265754667784677984679988699988
122222111123415533445333445566475886777886997786999986
112222112332144433144433566666557768557778597988999988
112222312445312455311445336645366665777778799998998888
111222311222331445334445367745667785677985699985699888
111122333112344522334552644455667775866799868779888999
112222111123455523455333456663444666778999788899777889
111222311124355524333524663574688574688774689977689999
112233122233112433154444556664566777568777598888999998
112223122323144333114555644455677785667788699788699998
123333122343122244114445615555666775668877888779899999
112222113342511342566344556334566674588877889997899977
111223112233145223445553645573644777666778969988999888
111122311442344442333322566666555677885579887779889999
111222112232415333445536455536477866478866778889799999
122223124333124343114445616655666555778888788999777999
111222112233412553445553466533467778466778969788999988
111222131322133332444444556666566777557788597988999988
111222311124355224365554365444366667388977888997899977
111111233455233455223455223446777846788886779866999996
122233124233124443111443566666555567588887999887999777
112223122233144443155543156643756688756688779988779999
122223121233111334555634555644777644787699788699888699
122222113324113344153446553466555768999768977768997888
122222111112333344553664553664556644778889788989777999
111123411223444423554223657733655778659978699978669888
111122132222133444335454635554677588677788679889669999
112223112333122435144435664555664775688799687799888799
111111222233243333244445666645678885678885777995799995
111111233455233445233455222445677778669778669998699888
112223122323144333145667145667445677885679855979888999
111111222223445523445553445663666633778888778998779999
111222311224313244333444556667588697586697588997589977
112222312455312445316445316645376685376888777898799999
112222113322133334155544555674666674677774899999888889
111122133442133342534442555562576666877769878799888999
122233112223144333114445667455687775687755689999688899
111122122223133333445555445656446666777788799998799888
111223112233144223546663546673544677555777888999888999
112334112344122334152234556664557668757688777988999998
122222111332114433544336544776577766588766598888599999
111122112222333344356344556447856677855697889697889997
122333122223111133455556444556746666748899777899788899
111112133322333452444452455552667778669788669778999988
122233142223144453114453155553667777666778699988999888
112333122233114223144555446555466777866777868999888999
122334122334112334152644156647856697855697859997888977
112223411123441223444533665537665577665778999788999888
111223142233142333142555647555647777647888669998699988
111222131232133332455556457566477666477788449988999988
122222111132145533445553466533467899467889667899777889
112222122334111344533344555554666777866697888997889997
122222113342133544163554163544666578699578997778997888
112334112234112234552334556744556777666788996788999988
111223122223143333144444555566557766887776887996889999
112222311442331142533446537476577776558886588986999996
112223111223441233544633544666576678577778559888999998
111122311324333324556224556444576888576988776998776999
112223122333124443115543555544666667886977888997899977
112223411123414223444333555556566666778888777889799999
112222122334113354133554667554677584679984679888679998
111123441123422223455533465553466666777788797988999988
111112312222333425334455444655666675889677889777889999
112222112233114333444453666455667775868775888975899999
111223411233441233442253466655776855776885796888799999
111112132222333442334455677455677455687799688889668999
111122113222443325433355466775446675888675889677899999
111111222233242533644553644453666755677778999978998888
111112333312443322455226455766455766477786979888999988
111122133332134322444425647885677785699785699785669985
112223122443125543155643155643776643786699788899778899
122222111112333333445555444556748866777886797886999996
123333123444123454122254155556177776778966888966889999
111112122222334444335544335555666678667778999788999788
111112331422344442345552366552366577668897888997899977
112222134442133342113445663785967785967785966785999885
111112344152344552334522334526777566877669887969888999
123333122223111123455566477556478566478886477889499999
112233111233414233444225646555666755867777888879899999
112222113322114333444443555566785586788886779966779999
111122113332333442554442555642756668777668799988799988
111222113442133452334452366455776685777685799688999988
122222111112333344533446577746577746588666589999588899
122233112223111433544463547766547666557778958888999998
111122132222133444335544365554667758667778697988999988
111111222222333344335444665554655788669788969788999777
111123444123454123456623557623577623577668997888999988
122233122333142345144445116775866775869975866975888999
111223122223144533144553446553666757687777688888999999
111111222222344555334445334655376666778886779988799998
111123112223444223445333455666555766777768979988999888
122222112344111334553334555644566677668877888779899999
112222113322113444333445666645768885768985799985777995
112333112323112223455555466675466777468797448999888899
122222112344133334115534665544677558677998679998679888
112233122233114233514444567488567998567798567798566998
122233112334122334155554156544666774677788697888999998
111112122222333344355544355647856647866677899977888999
111222311122333324355444555644785699786669788869777899
111222133422113424533444535666555667888677898877999997
111123411223442223544663554633556667588977889997889977
122222111233114433555436755436754466777668979988999888
122223142233144333154446155666157766855777888879899999
111122311422334442333442566677556667588897588997589997
111122131224332244333444555678566678596778596778999988
111112333312345322445552445652746668766888777998799998
111223441223411233444253666553655577677778698888999998
112233122333122344115644555664556674888677889777899999
111112133422334422344425366555766585768888769998777999
111112313222333322455556447556447866497886997786999788
122223114223144533144553145563777568779668979668999888
111111222233242433444433555556778566788666788899779999
122222133332133445114455164455766885766688779998779998
111122131222433332453566455576445776487766887999888999
111111223334223344223444555566556667888867889777999997
122222111233114443444333555567855667888867899667999977
111111223334253334255544255446278886778886777966999996
111122131442333422354442355555667778667788699788699998
111112333312444332444522677552675558678888677989669999
112223142223144443145333165555667775666877888887999999
111122131322333322455556445576844476887776888976999996
111122113222333424533444556774556877566887966987999988
112222111332451632455633445637455667488867888977999997
111112312222334442333445666645777665777555888899889999
111111233344225334225344255646557666777688797988999988
111223412223411233444453666553666555777778999878999888
111112334412333442354422655552657777666787996888999988
111223411233441223444253666653678655778855777888999999
111122113332455532455332456662444666777899788889778999
111122113332443332544622544677566678596778599788599988
122223112323111333445555466758466758466778499778999988
111233111233444223452263455566455667889677889997889977
112223114223154233154433654777654877655887699888669999
112222111132444432544333567773567778566888566889599999
122333122233111234561774567774566784566884598884599999
122222111233441533441533644555666665778888977778999998
111112331222344422344555346575386577886667886997899997
122333112333122444112444567777568887566687569889559999
111112122222344555344555364477366677368677388888999999
122233112243511243514443556643755688777668997768999988
111122314122344452334452366657366657888557898877999997
122222111123143333444355644555666657888677889777899999
122234123334122334111444555555678888677778679998666999
122223114223144443154663155563785563788669778899778999
111111222233425233455553446573466677488677889679889999
111122311422333442354442355566775866775886778886999999
111123112223422333444535464555667588667778677888999999
111122133332143532444552446552666577686977889997888997
112233114223144223154433655477665778655778669888999998
112233122233142335144555164457664857698887699887699977
122233142223144443115543155553666777686677888897899999
111122113332453322455362455667456677446777888888999999
111112331222333342555442565644566674868977888997899977
122223122433114443144553167753666755867759868799888999
111122131222333442553346555446775466778896788996788999
112222311224311444333344555556566666777889778899788999
111111222233223333456677456667458867458887458997459999
112223122333142435144435146555776665776868799888799998
111233411223441223445233455555666677688697888997899977
111122133142334442534422536678566678556778959778999988
112222113322411333444356744556775586778586798886999996
111222331122433152443355645557647777647899688889668999
122233112333142355142555144465747668777688976688999998
111111222333242335244635446655746855766888777988799999
112222311224311444335544336555776658766688779988799998
111111234444233354223354266555267775667888677998999988
122334122234111234551334566644556677588697888997899977
111122131322433332444552664455677755677788699888699998
111112334412344442335552366522666557867777888887999999
111111222222334444344566333566755568779568779998799888
111222111222334444534666534677536677538887599987599988
112222311422314444315664355566337556887776888779899999
111122341122344225344455366555376688376688777988799999
111222331124351524355524365444366667889967889977889977
111111223344222344525334555534666666777888779988799998
111222331122334142354446355546777556787966887996888999
111122112222334555334556344566347886947786977786999988
122233122333112453611457666457684457684857988857999997
111122311222333452363455664455674485678888677998779999
122333112223112443144443556666566777589997589897588897
111112333122332224344444566666557786557788577988999998
111112312222344442333344566777566788566778559998599988
112222311224311444335554335654765688766688777889799999
111112334412334442533422555662566677567777888888999999
112222112333112333445555644775648775648879688979668999
112233112333122453124455444665766655777688977988999988
112222113223113333455566457766455766487779488899488999
112222111322133334555634755644758664788664788999778999
122233122433124453144553146557166657889667889777889999
112233112223114233444443556667586667589777589997588899
111112331222334442344452366655778665778865788995789999
112333112334122344122554666554676584677588779998799988
111122333112345552344452366452776458776688776888999999
111222331112344422333444555667556667856997899997888877
112233144223144423114523666553766555768889778889779999
122222133244113554113554633554677774678799688889668999
111222311122333324355554666654667754877774899994888899
111122331122334422334555444556778586788886777966999996
122333112234115234515234555444666666778999778899778889
111111223334233344222444566666557768559788959788999778
111122311224352244356664356664357784355788997778999988
122233111233112243566643566447564477555877999878999888
122233124223144433145435115555667778699778699978669888
122333142233144235144255164557168577668777698888699999
111222111222344555364445366645377665337778999788999888
111222112223415333455536457536477776488976488996889996
122222113332114533144553446557846567886667888997999977
111222131244132254335554336654666654778899777899788899
111222131244132244335544366555366578667778999778999888
111112331422533426553426753426758466758469788899778999
111122113422333442335542675544677558677788669888699999
111122133142334442335442655552667758667788699778999988
111222111324333324555324566644566774586799887799888799
111233122233122443155543655544666647687777888897899999
111112331222344225364555364475364775668977688997888999
111223141123542223544663544663557663577778997888999988
122223122333114443114453666455768885768895768995777999
122222111123441533445553455633466666777888797888799999
111222331112334442334442555566577886577866778886999999
112222112233114533444533644577688557688857669897699997
111233111223442233444235466655665557868977888977899997
111122112223442333455553456663456667488877889877999997
111222113322413332444435647755666755686775889979888999
112222112233114443544333546667566687598887598987599977
122222113332113334156444756664755564778568798888799999
122222123334133344115444155666775566788596788999778899
123333124433122444112254155555667778677978699988669988
111222133324135524133524655574677774666784698888999998
111222111222333444353546355546788546778666778999788999
111122311442333442533462555462557666777768999788999888
111123441123422223445333465777865557866577886999886999
112333122233111234566274566674586774587794589994588899
122223122333144443154663154667155677885697885997889997
112222111223144443443333566677567777568999568999558888
122223123333123444111455664457688857688557698977699997
112223112423144423154333554667856677855697889697889997
111223112223412533465533466557446577466887998887999987
111233141223441223444253677553677558667758669998999888
111112133222433255433256445556744866788886789996777999
111122131222433325444335644755666758967758967788999988
112222133322133455163455164457866457886477886997899997
111112122222344444335456335556375886977786997786999886
111122113332444532465532465532465777866679888779889999
112222112333112333455556454566444666778899788889777999
112222122344133344113344555567586667586967889977889997
122222112333111453664453644553645578667778999788999788
112333122233124443124556144566775568779568799968799888
111222131122334425344445366555366657868777888797899999
111122132224133244533444553678566678567778569978999988
122334112234122334115534655744657778659778699888669998
111233142233142223144553647758647758677558666998999988
122222111132145533444533645553647777687997688999668889
111122311222344442345546355666335566778888777898799999
122233122333124435114455166445666775867775888799889999
122333122233111243144445666645665555778888779898779999
112222134224134444133555133566775586777886788866999999
111222341112344422334456375556377556887776888996899996
111112334412334522344522364577668557688857689877699999
122222123334113344155344155564775666777686799988999888
111111222222333344555334556444566677668877988887999997
111122311442333442356472356472556777566788569998999888
112223122333112343154444556477566677586679588879889999
122223111123144423554433554663556667899677889997888977
122344122334123344123554116755866775866775886979889999
111223122233124333144455664455766855776899776899788899
112333112443122433122455664455666675888975898977899977
122222111233415333415553446657446657886677889997889997
111122113222333332444444555666555666788999788889777799
111122333112443332445552445552666677886977886977889999
111112313442333422354422655477665557668887969887999987
122222111132144433445333455556778856788866779896799996
112222112324133334134444555566557766887669887799887999
122333112233111223444556474456877756879556879996888996
112222111223143333444535446555666675688777988887999997
111222113332143352444352664457688557668857968877999997
111223411233412233444235645555666657886777889997889997
122222111112333344355644355664756664757888777998999988
122233142223144443115543155553666777886977886997886999
111111233333222243555244566644556784966788997778999788
111112133222333342444442555667885677855677899667889999
111233141223441233445223455567855667888667898677999997
122222123333144433111444566666557786577788597888599999
111112331422344442355542365552366777668779688799888999
111223411233441223544423555553667888677788679798669999
112233411223411233444253466655666755877759877999888899
122223142423144433145335165555167888667778697788699999
122334112344122354123354155554666678669778999788997788
111112333122334442355442556642556677886677888779899999
111122311452334452344552334652666657688777888797899999
122334112234112334152354655554666664777778799988999888
122222111332114533444533465557466657668887988987999977
111223112233414223444553664573655577688877688997689999
112222111232441533455533466553446778996778996788996788
111222331224311244355546335446775666785699788899778899
111111222344233344233544255566557766887796877996888999
122223112333112343155544556647856447886777866997889999
122222113332411355413355466655467889467899467889777899
112223122233111443555443655743665748667778969978999888
111122133332143222443555444566777566777586888886999999
111122333124355124335224665444665577687777688888999999
112222112333142553144453446553776588776688776698999998
112223122433125433115443555644756668776688779888799999
111122133122435662435562435666435577488997489977888997
111111222233224433554463555463577468976668977788999988
122233121234111234566634566634555744885779887799887999
122222111234113334555344555344666777688887699987699987
112223122333124553114553444556477766778669788869889999
112223412333412253411553466655446657886977888977899997
111112333122333442555422565444566677866997889997888977
112333142223144223154463154666557768957768959778999888
111222111233442233445335465555467777666877688888999999
111223122243152443155433556437856477896667899967888997
111111222222334444354546355576338576998776998776998886
111122311442333422344425366665667555877775887999888999
111123142223142233445553455653466677866777888979889999
112333112233122243155544655748656748666748997778999988
111111233444233554233554222554666667886777887799889999
112333112233122243144445664655766655788859778899778999
112222314422311445314455333655776658766688777998999988
111111222233244233544443556673586777586997586697888999
111222113224133244333544666554676655777785999788999888
112222111122334555334566334567444567899967898967888977
112222111132444332544333545666555666777899788889778999
122223142233144443111453677753677855678855699888669999
111223112233412333442555445565746668779668799988779988
111223111233442223445533446577666557886657899977888999
111122331122433352446352466555466657477777888899889999
111122314442314442335522366557366557668877888877999999
111222341112344422345555345657366677366778999878999888
111222312224311444335445365555367788667988677988679999
111112333212343222344444555566557666877769877999888899
122222111233144443155433665473655577666887888897999997
112223122423144443114333556667588667588677589779589999
112233122233142533145566145666745568744888777788999999
112222133322111334555364566664557864777884799984799988
111222341112345562345662345666345777345877888887999999
112223111123444523445523647553677753677888668898699999
112222122344133334155344156647556777566687999887999888
112222311242311444333344566677568677568887559887599999
122222133332111435164435666455667485777485997788999988
111122113322333422344444555566577768576668779998999888
122222123445113455133445163345667775677788669998999888
111222331244331224331544555554666677688877689997889997
111233112223412233444443566677556667588877558887999999
111122133132453332455522456666457668477778479988999988
122333112233114223144555644577648557688977688979668999
111112312222333324536664557664577644578884577888999999
122222123333111134566634564444566777555887988887999997
111112314222334255334255344655746668777668799998799888
111123412223415523455623445633475668776688777888999999
111122133224132244334445635555667588677888679998677999
111222113332413332444452664655766685778885778985799999
112222113322113333455555456667446667489777489997888899
112222122344133345134445136665666755888775899777889999
123333122243112243155546175446775546777866999868999888
122222123344113344113344555556576666777688778888999999
111111222333242253444453645553666657867777888979889999
111222341112344442333542355566556666777899787899788899
111112341522344522334552334655764688766688777788999999
111111223344222334552344566347556667856977888977889999
122223122443155543155443115433677788667778669998699988
112333112233122443125644555664775664775688779998999888
122234112334122344113345666645776655778995788995788899
111222122233113333455555456777446877466887466988999998
111122311222344255344445366655367658367988777998799988
122233124235124435114335614455677775668778668888999999
111112122222344455346455346557336667388677988887999997
112222122334133334156644155664775664755888799898779998
111112333312343222444442566667556877596887599987599887
112333112334112344522644525646555666777888779998799988
111233411233412223445523644557666657889657899977888997
111111222344233334223444555555666677886677889977889999
111122113332444432554432556632755666777886977888999998
112333112233112443522444555664775566777886997886999988
111111233334235544235444265557266877269887669987999887
122222133324113344516344516747566777568897568999588899
111123122223124333544443546666566778599788559788999778
111111233333244443222546255546775586788886799986779996
111112132222333324355444556447586677586777886999886999
112223122243155443154443155533667788667788697788699999
122222112334133344135544165547665777665879688879889999
122223111123415623445633445663455566777788779888999998
111122113322433322435566455666455767447777888888999999
122333122343125344125444155566157666877769878799888999
112223111233414223444533465555667775677878699888699998
111122112223452333455533456666456778446788999788999778
111111223334223344253544255546778566788886779986799996
112222112233114333544663554466554667587777888799889999
111111222233244233445633455667456687556887998887999977
123333122343112444152264155664555666777899777899888899
112222111122333344536664536764588764558774588877999999
111112313322333224566624557664557764857994877994888899
122222111342113345663445633455678455678889678989777999
111111233444253444253336255576288576287776887996899996
111222133332143322144455446557666577668577888897899999
111222331244351224351544355564366667899967888977889977
112222311122334155344555364757364777664887669988999988
111123141223445223445233645553666757867777868999888999
111112133222443332444532645557666557686977889977888999
111111222223455233445533444553667788667778697998699988
111223411223412233455533466555446777866777869999888899
111112133322453332455552456662446667849997889997888777
111123141223445523455223456773456873666877969887999988
111122333112333422444425677485677885677885699855669999
111122341222341552344556345566347768377768999768999888
112233112334122344152344556674566777566887588887999999
111112314422334442354662356662356777558997588897889997
122222133244113444133455163555666775688779687799888999
112223112423112433544443566663566778555778999778999888
111222331242311244333444566777556687566887558887999999
123344123334122234125554115554667778677888667988699999
112222132442133444113334566677566777556788599998599888
122222132444133345136445136555166785667788999778999788
112233122223114433144453664557685577688577688897699999
122222111123441553455533444533677899677889677899666889
111112331222433256435256435556477776448876999876999888
111122314225314225344455336457836657888677886697999997
111122113324333224536624566664577774587994587999588889
111112313322333422444425647885667785667885677895999995
112222132234133334115444655774657788659778659888669999
112222113322144333144443566677555667558867998887999987
122222123334133444153544155566157776887666887799889999
112222111322144333544443556673566677568887598887999997
112223122323114333144445647775677855679885669985699988
111222111222344445344665337655837659837659887699887799
122233122334152534155534115444666677866777888997889999
111122133442133342553442555642578666778869788969778999
111123141223442223544333546667555667588677889977889999
111111222222344445333455366455367785966788969788999778
111122314442315442335542335552666677667777899999888889
122223111223113333455555454666444666778888778899779999
111222133244113244333244555555677778667788966688999998
112233112443122443124433555555677888667788677989669999
111111223333223445623445627445667785667785997885999988
111122132224133324335444665477685577688557668887999999
122223144223144433115433515666555766777768799998998888
112333122223111243444443555567556667886697888997899977
111222131122333332444455646455666557687777888979889999
112223122243155443115443555433666667867777887999888999
122222111233141335444335446555666775687777688888999999
122223112233144335114435664455666675888775898977899997
112222133422133444153344155556777756888766889796899996
111122334112344222345555346557346877666887699887999987
111122311442344422333452355555666778677778669998999888
111111233344223334522444552677555678666678999778999888
112222133224133334115544666554677854677858677888999999
122222111323113333444445455555677777668879668999688899
111112122222333444334455364755866759866759867779888999
122223124253114553114533444553666788669778699788999778
111223112223144423544333554677556678596778996678999888
111123415523415223445263455263477663777668799988999888
111222133322113332455566445556447666847799888799887799
112233122333122344156664155664775644775888775988999998
111222311422331425344455366455366665788899788899777799
112222111122333334355544655444657888677788667798699999
111123412223412253445553445533667788667888677989679999
112333112334512634512664552264577764577864979888999988
112222122333144443114533664557688857698857699857699977
111222331442311422344455336555666757866777899997888899
111222133332144322144355446675866775866755889779889999
112222111122334455344455336455366677866777889997888999
112223122433152443154443155553667777866679888679889999
111222131222133445336445366445766685778885799885779999
111233144233114233444255662255667755688799687799888799
111122134142534442536642533662553667587777888879899999
112333122223124443144453166655667685977885997785999788
111123441223441223455233455536778566778666788899789999
111111233334235534255554266664276844276888777889799999
112233122233111243566643556447566447589997589997888877
111222131244331224533344566647566887556877588897999997
112233122433122443115643555647566647568887888777999999
122222134452134455134455136656133666778899778889778999
122233144223114423115443655553675888677998677988667999
122222111234113334566634556634555674777774888888999999
111222112223133333445556447556847756847996887796889996
111112134442334422334225635555677758677888679889669999
122333123343122444112544155556788566778996788966778999
112222122333113343516447566447556847596887596887999987
122223123333123455144455116445766685766888777788999999
111112312222344256345556344756384756388766889777899999
111233112223122443555543665743665744677778698888999998
122222113244113344133354666554766655777895778899888999
111123414123444223554233555263785866788896778996779996
122333122234125334165554165544167747666777888899889999
