111122314122334422333444555555666677888677889677899999
122223112243114443154643756633756668755998759998779888
111233122243152443152463554463556666778999778889778899
112223122323114333514444566774586677586697588997588999
122222113425613445613455613455633478697778699788999788
111222113222413333443555444665776665788865777888999999
111233112233142223546663546766544778547778559998999888
112333112233112443522467554467554667588667889977889999
112223122233114443144453677753676755666755899999888889
112223122233114333154444555466575766877796887996888999
122222113234133334115444665477655577658997688897688999
111122133332134432544462554662577869578869578869778999
111112313222333224355444555544677777667888666988999998
111123114223444223455263455763857763857966877969888999
112333112233145223145526444576845576877776888996899996
122233122433112443114453667455677755678959678999688889
111122314122334552334452344555666778677778668888999999
112223111233144223544433546677555687596687996887999887
111222122233144563145563744563774563877569887969888999
122333112234122334154444155666555667899697889997888777
111222113322143352643555643755644778647788699788699998
111122311224333254633254655554666744886777889997889997
111112122222334444355544355566337766777668979988999888
111222311442351422355444356667356867358867999877999887
122223112233411333415555444455677888677788666798699999
122333122233124435114445614755667758666758999778999888
111122333112344442345622345666755568775968779998799888
111112334212334222334455644755667755667888677988999998
112333112333412256412256444556478556778896778996788999
112222134442134442133555133556777856788866789896799996
122233142223144443114533615557655887666887968877999997
112223112233411233444553644577666557688857688897999997
111223411223412233445563455763455766887776889976889999
122233111233112233444445664775667775688875689995889995
112222113242113444333455673475677775688855699888669999
112333112223112233444445677845677855677855668889699999
112233114223114233444235466655776555766888799998779988
111112314222334422533444535677555677888697866697889999
122344122334122354113354155554666667889967888977899977
112223122233144333154444155567855667888667988677999997
122222111112344455333445363455667785677888679889679999
111122113332333442444422566666567777558997588897588999
111233112233144223444423566666567777587799588889558999
112333122233144235114255644455666665777788798888799999
111122131222333442334455677455677485677885666988999998
112223144233154223154633154667854677855677888697899999
111122133124332224355444355466557786777886979886999986
111111222344223334256334556644556667858777888997899997
111222112232413333445553465755468777468887668897699999
112222111232144433445433555663557666777768997888999988
112222113224133444153334655554657889667889667899777899
111112312222333244334445666455677558667758999778999888
111112334152334552344522364552664788699778699778699788
111233112223144233445236745566745556778886788896799999
122222113332144333114555444555667778667988677998699988
123334122334112344122554165554667588677788669778999998
111122333124353124553624576624576684577684779988999988
122222132444133345111345666345768855766885778899779999
112222113322143566143556443356477756477756899999888889
122333122343122344111444556666555776885976899977888997
122222113332111344553344655544657777666677899999888889
111111222233224435444435677335677555667789688889689999
122333112223114253414553444555666777886977886997886999
111112333312344222344255446775666755687775688888999999
112233111233412223445553444555667777668779688889689999
122223121243111443555433665443665778665778999788999788
111122133322134552334652444655466665777788799998799888
122222132455133455133465113465788469788469788669777999
111122113322333442355542666547686547688547889977899997
111222131122334442334566344576889576899576899576889577
112223411523441523441523645533666577677778699998998888
111122314442314442333322566666555677589997588997888977
112333122333124444124455126555666757869777869997888899
111222311442313442333452666455766655777859778899888999
112233142223144233145536144566778566778556788889799999
111111222233423335426635447655487655487699887699887799
111111223334522334552364572664577664577764888889899999
111112331222332244335544666544676555776888779988799998
111233122223112333455555444566478886479866779886779999
111112334122344526345526345526347566777786979888999988
112223142233144233144553145556788856779866799886779996
112222111322441333444353466655667555767888777888999999
112222113224133354135554637754667854677884679888699999
111222131442133342555342565344567888667888677799679999
122234123234123334111444566677556667588887589877599999
111223111233442233442553455566475668779668799998779888
122333112223112443155643755644775648775688979668999988
112222113322411333444435466655766558769588779888779999
111222111232444233544433555663775666785896788899778999
112333122443122453124453164555666577886677888779899999
122222111132144333444433556667566677588997588897589997
111222112232144333445336455776455766885796887796889999
111112333122443352446352746552746588776588776688999999
122223144223144443115553615753688753687799688779668999
111111222233242333445563445567845567889667899677889997
112233112223112333455666455556447766448799888799887799
112222133332134432144555144556788596778996788966778996
112222111322133344556334566444576688576998579988777998
112223122233114435144335647885647785667885697785699999
122233122233111143555443665544666547688877989887999977
111222311222331455364445366455376458776888776898799999
111122341122344225345555344567336667899967899967888877
122222111132441333444533646555666775867775888799889999
111234112234122334523364556664557764587769887799888999
122233112223411533415536455566477786499786497786999888
111233441233411233455222456777456777856666858999888999
123334123344123554125554122654178699778669778669788899
111122131442333422334452664755667755677758688888999999
122222132444133344113554613577655577666877969888999988
111222131122433332443555444665666655778899788889777999
111112312222334442335467835467885467885967855967999967
122233112223111333445555645777645777644888669888699999
112333122223111233444444555566578886578896777896799996
111222131224133244335554366554776654776888796988799998
112222112234113334556334556674566674587774888979889999
122333122333142255144445114555666666777888779898799998
122222123333113344155544156554776684766689788889779999
112222111233441235443335647855647885677785699788669999
111111222222333444533466534466577766588799588779588999
111111222233233334255544675544677548667888667788999999
122222111233441133455553446553466667868777888779899999
122223111223114433554436557436577466578896778996888999
111222131242331442334445366675886775866755887759899999
122233142233142435144435116655766855766888777998799998
122222113324133444133454165557866557886777866997889999
122233112333122345114445667445667785677885678885999999
123333123344122244111245666745667785697785999785998885
111112133332443322544662546662547688577778559978999988
111233114223514233554263554266754468777668799998799888
111222113242153244553344655334657777666877688899889999
111222311122333324553544655574666774686794887799888999
111123412223412253455553444533678888677998667798667999
112233112233142533142556445566744568777668799888799998
122233124223114443511433555466575776877796889996888996
111111233333234444255554256574266678266778997788999988
112333122223111233445556445666745586749986779888779998
111222131242133442533466553446557766857796877999888899
112222311122314455334456374456377556877666879999888899
111112312222333332455566444566447586777586797988999988
111122113322433522435566435567485667489697489997888977
112223111423144423554423657833657888657788657799669999
123334123234122234111544665574668577688557698887999997
111222131122333442334455677445677885667855667888999999
112223111233415223445563445563477566778866798888799999
112222311142331542366544366574386574886577889597899997
122233112333142553142455144456777856777866888866999999
122223123333124453144555164575164877668877698887699999
122333122343152243155544156544176666777886778888999999
111111222333224353624553644455664758667788777888999999
111222111222334445333445637455677775666675888889899999
111122133222134425334465734465777765878665888965899999
111112333122332224355444655547665847666877888897999997
111112341222342255344555346775346678396678996778999888
122222112333133344115546555446785846788896778996779996
111223112233122333444445647775666775866755888885999999
111223112233122333455555444567446667889677889677889999
112222113322411335443355644775664775688875689979688999
111112132222333342563744567748567748566748596988599998
111122311422344452345552346655336667886777889997889997
111111222333223344253544655544665778667778967988999988
111122113322433225433555444455677777688799688889666999
112223122243114443144333555567566667588867998887999977
111122331122344422333455674455677755678899678999668889
122233122233114335144455144556788856777886977986999966
122334123334122534125544116554776588766998766988779998
111111222233224443544633547638577668579968579968579988
122222111112333444334455366455667758697758697788999988
111122113224333244533244555564566667886977899997888977
111122331122333224534444566647568887566877598897599997
112222133422134455134445136775836755866799866799888799
112333122433112443512446552466557768577668779998999888
111234121234122234553334657894657894657899657889667789
112233112333122234156644756644756648755588778889799999
112223142253145253145553144463788663778699778669788999
112222113242153344153334655774665874665877688887999999
111122122223144433564733564737564777568889568999568899
111222331242331142335444665554665777665777888999888999
122223111233114233544443554666566677588779588779889999
111122122223144443545433555663577663778869778969888999
111222133222113455633455634455674888674889677789679999
111222131422134452333455634455667775667877699888999988
111122122223144533444533645573655778699978699778669888
123344123344123544123566122556177756778756998886999988
111112132222333324355444556744556777886677886699889999
111222331122334125334555444455666667688887889997999777
111122113422333422344445366655666785999785997785977888
111233121233122233444444555677566677566877588888999999
111222133332143322144555445556477776776666899999888889
112222112234511334533344555544666678966778977788999988
122233123334125354125554116544666748696788997788999778
111122341122344422334456355556357776887966887996887999
111122131222433325434355444655788695788699778699778669
112233112223411423444453677553667588677558697988699998
112222113322133334155444556774556774666778996888999988
122223111123144523445553445533667788677789678889669999
122223111233144233154443657748655778665778695988699998
111112314222334422334456374556778556788566789969788999
122333112344122354112354666554676554677888977788999998
111111233333224553224455624457666457688777689997888999
112222111322133333444555644475666775686795887799888999
112222133322114335144365446665748865788965788995777999
122222112345113345163445663455663475867777888997889999
111122314122334422335466355446555766888776888977999997
112222111322144333445553466653467755667777888888999999
112222113322114333544436547466577666578999578889578899
123333122233124444125554155564178966778996788896778996
112233112223145523145563744563744566777766889999888899
111111222233445223445553445563776663776688977888999998
122222111123143333444453677455677775666655888888999999
123333123443125544125664125564127566777886779888999998
111223122223144453144553645533665778677788699788699998
111122133322133322445566475566475566478999478999778888
111112312222332444333445666645678885677885779985799995
112222311142331442335446735466755566778596778899888999
111122122223143333544443566477556678956678959778999888
111222111232444235466635467735466735888735899775889999
111111223333222334552664555564776664877744879999888899
111222111322333332445555446665476865476888779988779999
111122311222333442355544366544665577668887888777999999
122222111332133334155564556664756444776888779898799998
111111222333442233452636457666457768459778559978999888
122222133332114335144445146655777655887666877999888999
111222341112344422333445355555667788677788669798699998
122222113324133354135554165544666664777778799998998888
111111222344233334253444256666556776577788597888999998
112233412223412533416535416555446667889967889997889777
111123122223142533444533644555677588697788699778669998
111111222234253334255344665344655778677788678889699999
112223114223144423155433556463556666777888778898799999
111222331422311442333445666455667555677899778889788999
112222133442113342133544666547685557685777688799889999
111122131222433526433576443576844576885576889776899999
111112344412333422534422536667566767558777588999888999
122223111223114443544543555533666667899967898977888977
111122113332443332544622546666547688577998577998579988
111223112233412233445553466758469758469758669788999778
122333112223111423555463544466554666777788799988799988
112223142333142533142555146665446675886777887799889999
111223122233142453144453664753666758677758999758999888
111122311222344442344566375568375968375968775968799988
112222134224134444133566135556735566777786798888999998
111122331122333322444555455567446667888677888677999999
111223412223411523445533446537866557886677899677889999
122333122334112344152544155554667778677978669998699888
112233112223142333145666445566744556788959778999778889
112223112333142533142555445566477766488766888779899999
112333122233112443152446555446557766877766879999888899
111222331244311244333245667745667775866795899995888895
122222133332114533144555144655746668776988776988799998
111112133222443252433355445556477766878776888866999999
111223111233452223455533444556476666778699778889788999
123333122233144255146255146665144665777788779998999888
112222311112334452334455636445666755688799887779887999
111123411223442233442533455567556667889667889977889997
111122314122344442355542355566337666777768799988999888
111112334412344522334522634577665557668977868979888999
111112333122443222443356744556755586777786988886999996
111222133242133342155344665574685574688877688997699997
111233111243522243526643555643566644788888799998777799
111112313322333222444566445566455766875799877799888899
122222111123144433556443576433576668579698579998779888
122222113332133444113444556777566677586679588889589999
112233112333112223455555456666444467888867889977999977
111123112223442333442563447566777556787556888896899999
122222112333113343515444555446577766887966877969888999
111112333122344442334452555552666677688879687779889999
122222113332114433144443556666577776558776588999888999
111222341122341552344555346577346687366687999987998887
111111233333223444225554265554666664777778798888999998
111222113342513442533462534466577666557888997778999988
111122133224133224533444555564776568776668779988999988
112233122333112443152644555664577764578668778888999999
112222133244113244153346557346577766587966587999888899
111222312224315444315544355666356667389977889997888977
122233144223144423145533115555666677866877888897999997
111111222223244433545433555436576666778896778999788899
112222111122344445333445363755667785699785669788999788
122223111233114233444453674558677758679558679888669999
111222132244132444133354677355677755678858666888999999
112333112234112334522444555546566666778999788889777899
111123112223442233455533446557466857666877888877999999
112222111232144433444333556666755586775886779988799998
112233122333122453114455666455664457688977888977899997
122333122234112334115444555646775666775688977988999988
112222111233441233445336445666555576888776888777999999
112233142223144423114553664573655577688997668977888999
122333122223144433111455664455666755677777899999888889
122222113332133444113544666554666755888775898877999997
122222111132414333444335465555666775667788999778999888
112222111223145553445333455637446677888667899967889997
111111222222333334553444566664577664557777888889899999
112333122233112243155444555544677888667988667989677999
122233122233111143444443555677855667858677888667999999
112333142233144223114255664455666755867779877999888899
112223122243144443114533666537655557689977688977888999
122222111233441135443335446555666775886777886979889999
112222112333112334555534666544676544677778979988999888
111222331242311244355644335664555666777778999788999888
111122333122334125344525444555666777686799886779888999
123334123344122344112254167558667558677598679998679988
111222131222133344555334565744566747668777868999888999
111111223333222343256644755664755864758864778889799999
122223111223441133544443566663556677855779887799888999
122233112233112433144445647775688875688775668995699995
123333122443112243115244665554666577886577889977889999
122233124233124335144455114555666667677777888899889999
111122131442334442333422555667566677568879588779889999
112233122443122443115543666543667558677588777998999988
112333122243152243154443156477556667858667888997899997
112222113422133445134445633555666775686877888877999999
112233111223441223444533647555677775678885668988699999
122333122223111133445555446655744666777786799888999988
111111234444233344223355625555627899667899667889777889
111112132222435552435556433366444667899677889997888977
111122113222433352433655476665476655477788497988999988
112222111122344555344455336457836677836677886979889999
111122311442344442335662735562735668775568798888799999
112233122243111243564443566643566777555887888877999999
122222112333113343155444665544677588677588697788699999
111112134422534226534276534476533776588876589976889999
112234122334112334152364755664775564788566788999788999
112233122333122344114445664775666785967785999785998885
111122341122345225345555344466336667888967888977999977
111222111322444332544633546663555667588977889977889997
111112333122344225364425367445667555867999867779888899
111122311442333442354422355555666677888667899997889977
111112133332334222554426754446758886758666758999778999
111222311142335442355462354466355776777766888888999999
111112314442344422355522333555667788677778669888699999
111122131422334422333444556667588677589667589997588997
122222111233114433554433556447586777586697886697889999
111222122233144333144443555666556667588977888997899977
111222111322443332445533455556477666777688997688999988
111112333312433222444552664455678859677859678889677999
111112331222333224354444655774665777665788965988999988
112222113242113444533334555664755666777886997788999988
122222111112333334355554657444657774688779668999688899
122234112334112234516634556634555664788999778889777899
111222112232145533644553644553647773667888967788999998
112222111123445523455533445336477866777886798886999996
111222311422314452344455336557366577666777888999888999
111111222233425233455563455663446677846997899997888877
122223111123415523444553664573664573677778699988999888
111222131244132244335554335664775566777668979988999888
122233112233112435164435666455768459768459778999778889
111222131442133442536442536777536778556788566888999999
122222111234133334135564555664756684777684977988999988
111222133322134324134444555566577776578966878996888999
111112312222344442355446355776385576388876999876999876
112333122343152243152644156644557666577778999878999888
111122113332445322445332645777645778665578669988999988
112222113322133334155544556664577684776684799888799998
112233122333122344155664156664755564777784788888999999
111112122222334444355554333554667777667878698888699999
122222112333111333444555644555674888677788677989669999
111112334412354422355442356662355766888767898777899999
122222112334113334516344576664577664557788597888999998
112223114223114243564443566633556677558877888779899999
112222311142333142354444355567558667888677886677999999
112223122423114443154433556663755566777768788888999999
112222133332133452164455164445666755867777888879899999
123333122223114253114455644457668857668857968877999997
122222111123143333444435466665786695788895788995777995
122333112344122345126345166445776555786699788889778999
123334122334122234156444156777156777856669855999888899
111233144223145233145223645557648577688887669877699999
112333122343122344112444556777566677556878956888999998
111222131124335224635554635744635748667778697888999998
111112133222443252433355446655466665788899788899777799
122222111123413333445536455666455677488687998887999977
111112314222334252334455344555677778697798699998666888
112222111122333344355364556664577864578864779888799999
112222111322144335443365744365788665789965788965778999
112222112332411333444435466665777665788995778955888999
111112333122453627453627453627455667458867488997889999
111112333312344442345422665572668577668557988887999997
122222111332144333145366745566744556778856779888999998
111112133322332224356644556444566677588777588997889999
111222314442311442333342555666555666777789788889789999
111122122223145553644553644453667733677778699888999988
111122314442314422354562355566337568997668997888997778
112223122333112443155543555444666667688887998877999977
112222133322113444513664553644755688756688777788999999
111223141233142223445553465573465877666887698887999997
111122131222333244334444555566557666777868798888799999
122233112333112234155544555446777646777666888999888999
112333122344122344125344155666755886758886778996779999
111122133224135224335554355444666667888677899977889997
122333122433122443115444165555665788677798677998699988
122333112223114243514443556477566677568687588887999999
112333122233111223444445466665665555777789788889789999
111111233333234444224455266555266665788888779998777999
122223114233114235144435666435676555677778999978998888
122222133332144433144555164557168577668777698888699999
122222112344133344115334555664577688577688776698999998
112344122344112334512634552636557666577888779998799988
111233114223414223444523666553766589765589788889777999
111112132222332444335446355746558776588876989876999976
111122113442533342535342555442666777667778699998998888
112222111233415233465553465573466777466778499998998888
111222111232455233455563457763447763477666899999888889
112222111223143333445663445567455567899667899997888877
112333122433124435126455126455776458796668799998779888
111111223333223443244445265555766858776888766989779999
111222311244331224335444355667555677866677888979889999
112223122333142533145555145666748869748669748899777899
122233112333122344156644155644557668577768779998999888
111233411223412253462553466553466657488887889977999977
111112331222333224354444555466575666777768997888999988
111222122233144333145553445566475666777688799888799998
111112312222332445637445637745637845677885669985999988
111111222223243333445553455566446667886977888997899977
122222111112333334535444555544666677688777689997888999
111112331442344442335622735662775666775558799888999988
111122133122334422533466554446555666777777888999888999
112222111324513324533644573644577688576668577988999998
111122122223144433444533665553666557687777888799889999
112233112333122243155444555544666777666877888897899999
111112132222433332435555444456788956788996788996777966
112223411233411233444253664557655587688887669987999977
112222112342155344155334553344666677866997888997889977
111112133222333244553244566644567777566877599888999988
111122311442344422333425663555666575886777888997899997
122333122223111433516444556664566774557777888888999999
122333122223111143544443564778566778569778569888569999
111223122223144333154443555546566666777777899999888889
111122312224315254355554333674866674886674888977999997
112233111223441223455563445563477566887996887796887999
122222111132143335444355446355766685766888779898779999
112222122333111433444453455555667888667788677989679999
112233112234152334152344555564766664768888777898799999
122222113332143533145556145576847776844796888796899996
111122311442334422355442365557365887668887669877999997
111222113422513426553466533446573746577776899999888889
111122313122333422355444555544666666777789788889789999
111112133322332224355554554444667778666678999778999888
122333122233114243114444566777556667588867558887999999
112222111232143333443566455556475886477786778886999999
111112314422344442355562355662375666377788779998999888
111222112232414333444353465555666775886679887779889999
111122133442133442533442556772566778566778568888999999
111122331122433352445352445556746666788699778999778889
111222133332144432144432555566556667889967889997889777
112233112223112433544443556477566777586679588699888999
122223111223145533145336445556446666788888779989777999
111233112223414233444235647775677755668995688895688999
111122133122333224355444654477658887658997658977668999
111233122233124433124444566667588677558677588997589999
111122131224333224355554365654766644776899788899778899
111222133342133442153542555546777746787666888699889999
122233142335142355142355144465166666777778979988999888
111122113332433322445552444555667778697788699788669998
112333122433122443112445666455677885678855678999778999
123333122223112443115444555647855677888677866697899999
112333112333122224155554678554678844678884677999667999
112222122344111334553344556374566677588697888697899997
111111233344232344222354677754678755668795668995888999
111122133122333452364452664755684759684759687779888999
112222113322143355143365746665746685744985777988999988
111122112222333444553344555346758996778966788996778896
122222133234113334155544155544677788677788669998669998
122222111332141333544366544666547776555778999878999888
112333112333112444222454665554677755678888677998699998
112233122333112234144444566777556777566888556988999998
122223142323144333144556147556177756888756898766899999
112233122234125334155364155664756664777774889999888899
111222113222133334566344566447556647588877589997889997
111222133224153244153344553664577666578969778999788889
112223122433124443114543555553677777678888688999666999
112222133322111333444444556777556767856667859999888899
122223112233144335144355164755664758677788679988699998
122222113332113433144455664455766655776889778899788999
111122133222133332444455455556478666778869778969788999
111122334122344122334556344566788556788856779896779999
112234122334112344512334556664755688775668799998779988
112222133245113245133445637455677458667888667788999999
111233141223142233445236745566745668775688795998799988
111122131222334255344455346655346677886677899997888997
111122134422134425333425663455677785679885679988679998
122233124223144533114535164555664788669788699788999777
112223122423144443154333156666555676577778979988999888
111222314442314442315562333566778566778556788889799999
112333112443122433122444555677588667586677589679889999
112333112433112443522244566774556677586677589999888899
111222312224315564315664335564377564877764888799889999
111222131142333342344442555556577776897976899996888866
122222112344113334133444556777566667568887588987599999
122222123344133334155554115564777664787666789999888899
112223122323114333144444556666556777586977588997888999
111122112222344445334645337665377655777665888888999999
111122112223444233444333555555666677888667889777899999
112234112234152334152334555544677888677888677999666999
111122333112334222344445664775867775866755869995888999
111122331222331244334444555566577566777668799998998888
112222133224133344113444555567558667888867998667999977
111122131224332244533344555546756666788699788899777899
111222341112344452333452663455766655768888799998777998
111222113442133422536444536666537786559788959778999788
111222312224311544355554366754366784367788969778999988
111112133322333422544442556477556777566887669988999988
112222113322133445133445674455677755667888697998699988
122222111233413335413655466655466758499788499788997778
112222112332144433154443555553666777688887689997689997
112222311224315544315544333554666777689997688897688997
111122112222333444533344555546758866778866779886799999
122233112223114533414563444566777556778566878999888999
111112333412354442354542355562777862777866999866999888
123333123344122224115554165554766684769688779888779999
112233111223144523445523445663775668795668799998779888
111111222233242333445536445556477756877796888996889996
112222112233113333444455464557865577866779886799886999
122233111223145253145553444563478666778869788969778999
111112314452344552344552366522376888376898776698779999
111112312222334255344655346655344666778889778899778999
111222331222431155433365446665446765877775879999888899
111112333122334442534422564777568787568887566689599999
112222111122344555344455346657336677388677888679899999
111122132222133333444566444566777566887599877599888599
122222111132133333445566455766455766447778999788999888
111122112223444423566443566333567777567878599888599998
111222331224311244333444556666557776855976889977888999
122233122233111443155543555444667899677899667889677889
123333122223111123445555445566447768777668799968999888
111123411223445523455223445533666777668997688977888999
111222122233113333444445666645667555777885788889799999
112222111332441532445536455536477736778996788896889996
111122131442334442533642537662577688576698579998579988
122223112233411153444553644553667859667899677889778899
111222131244133244335246355746558776588776889796899996
122223142233144443114533615555666577886997886997889977
122222111123415333455553444453667899677899677889667889
111233111223422253444453664553665578699778697778999888
111223411233441253442253455553667788666788677788999999
112233144233144223154423156777556777556666899999888889
122344112344122344125366155336557776577766888999888999
111123141223442223444533666553766655788885778989779999
112233112233122433155444665544665788665788777788999999
122333112433112453122455664445666655789999788889777789
111112133422334422354442355666555766877776889979888999
122223121233111443555443657443657899657889677899667889
111233122233122443144443555555667777666877968888999998
111223112243152443552433566443576666577899778899788899
111111222344255344255344255336777736888776988866999996
111111233344233345264445266655226675888875899777899997
122222111132441335443355647355647785667988677998699988
111223122223114433555433565444566666778889778889779999
122222133324113344113444555666576668579998577988779988
112333122453122453112453644455667785667788969778999988
122223111223411533455563445563477666487699887799888799
122222123444113344113354666355676755677785979988999888
111222331112334452633452644457666557869577899997888897
122222121333111344555344565344567778966678996778999888
111112334412333422355422657488657498657998657998667798
111112341222344442333542367555667558677778699888699998
112333112334112344222444555667555677886667988887999997
111111222333244333254444256666556677857777859999888899
111222111222334444355554336554736666777786997888999988
112222113322143333144566444556777556788596788896789999
112223111223144233554443566473586777586667588997889999
112222113232143335146635446665446775887755889779889999
123334122234122334111544677554667588677588679588699999
122223122333111433561444564477566879568879568779588999
111222131422531424533444553677553677866667889997888999
122222111233411335446635446635747685777685799885999988
111122133332143322544662544666547776587779589999588889
122222133332134435114445166645667775677855997888999988
111122311442333442334422555667895667895567899967888977
111222113332414432444332555677586677589667589967888999
111122131222334442533644536664566778597778597988599988
111111233444233444223555263557268857666887698877999997
111122122223133333444456445556777856777856888896999996
111112122222333344355444356477556877566877966888999998
112233111223441523455523456663456777466877998887999988
111222113332143522643555643557648877648877648897699999
111122333112344222344566344556777566778569878599888999
122223124443124443155333115555677888667899667889677999
111222111222344445344555333565376668779668799888779998
111222112233144233444435666735866775867795888795899995
111111222333442353422355444555666666788889787899777999
122222111332411355443335466665467755467888777898999998
112222113322413556413556443566443567888967899977889977
122222133332143355145556144456147666887969887999887779
111112331222333342556642556644566447588777889797889999
111222113322133342553446555446758846788886777996799996
111112331422333422344442555566577766577766899999888889
111222113222133444533344555647566687568687998887999977
122333112223142433144455146665766655778885777988999998
111222133322143332144455446665776865777865799885999988
111112122222344444333554663357688857698557698877699997
122233112333122344115544665447685577685779688879689999
111222133222113333455666455667485567489977489997488897
123333122334112244511244555664556677866977889977888999
111112314422334222334555364457666557687777688999888999
112222113332145332145636445666455567488777889977889999
122222133332134355114445144555677788667788699798669998
111223141233142233442553465555467778966678996778999888
111222331242331142335644755664758864758869758869779999
122222111132143333443555446655466775867779868979888999
112333122223111233444567444567555567886667888977899999
112222113232143335143665444665748655778659788899778999
111111222233242553644573644573645573688779668799888999
111223411223451223455663455633445666777777888889899999
111222133332143432144442566677568667588887599877559999
112222122333114443144533664577665557668577888897899999
111122113332455322455362445366475668477868779888799999
122233142333142235145555144465176668777768799968999888
122222123344111344516334556634577666587777588899889999
111222112232143333544443555647556667888677899677889999
111222111233455223455553446633744666778886788999778999
112222311142331442533344556674555677888697886697899997
112222311124331524633544635544678559678899678889677799
112222111322413335444335664455677755688799688779688999
122223111233141233445663455667445687955687988887999977
122222112333114433144553644555666665777888797898799998
112222311242314445314555334556377786778886798986999966
111222111222333344533444555564758666778686778889799999
111111222233422333455366445566445566777888977788999998
111112133222334422355444365774665777655878668888999999
111222131232133332444455445556777566787796889996888996
111122113222333244335544555664756684779688779688799998
111222111222333455344465377465387465887665887769899999
112223111233412233445553446555466777668887969987999887
111112314422355442355442335662375766877769888769889999
112222133242133344135544165547666557689977689997888897
111112333312443322544662574662574689578689578889577999
111111223444233344225334625777655788665778665998999988
122222112344155344115344555366777336887966877969888999
122222111233411333444435465555766685776688777988999998
122222123444133344135554136577166557886997866977888999
123333122233112444112444556666576896578899577889577899
112233122223114433514463544766555786597786997786999888
112223112333142253144553446555466677886997886977889997
111112132222332444533466534476555576889976889976889977
111122133332143222443555645557648887648887666997999977
112222111322441333444533664555666578996578977778999888
111122311224332244355444355667385567886667899977889997
111122333122443125463325466785466785467785999785999788
112233112233122433155444665474655577666887999877999888
111112132222333244553344556446556666788899787899777899
111112331422334422335426555466785469785669788889777999
111111223333222343255544556444566778996778966778999888
112333112333112222444555664445666675888775888977999997
122222113324153444153664153664753688759688759988777999
111222113242133244333554665554667584667988777988799998
112333122233114223514446555446577776577886999886999886
111111233344222334255344255664758866758866778999778999
111222122233144553144533445536775766877766888996889999
112223111233144233544263544666557686557788997778999988
112222133224113344153346555746585746887766889776899999
122222134442133344113546153576855576889776899976889976
112222112333112334566344567744566748567778599998599888
122333122233145236145766145766145786945788945778999988
111222113324133224335664555644755648779668799988779988
112222111322144333444533465557665577666777888888999999
111112344412334422333422566667556867598877599887599987
122333122223145533145555144666144667888677899977889997
112334112234512334512344562747567777568899568899668899
122222133244133444135545136555166667888867999887999777
111122331124335224335244555544667889677899667899677889
122223112233411133445535446555476666776899788889778999
112222113422113444333445663555677755668779688799888999
122344112334112354612354662354666755888775898977899997
122223111223114443444333567777567887566688569988559999
122223124333124433114555144565777765787669888669889999
111233122223124333144445647775677555667589688889689999
122334152334152334152244155674156677888667899677889999
122333122333122444155554156544166777886677889679889999
111233122223145253145553446653466777468797868799888999
112222314422314444311555335565377766878766888769899999
122222111132144333445335465555466667889697899997888777
112222311224315544315544335646375666877776879999888899
111233122223114233444553455556466666777788779888999998
112333112334512344512246552446557776887766889796889999
112222112332144435144335647735667775668755688999888999
122233124233124443111443566777568897566897568897558999
111122133342153442553342555442677777678899688889666999
111112313222333242344445674555677755667788699998699888
112233112333112234552444555466577486779886799886799986
112222113322113344553444553466557766888766899777889999
111123122223144253445553445533678889678889677779666999
112223112233112433554436554476859476859776899976888976
112222111233144233554443566473566777586679588979888999
112222134442133342113344556666557766857779858799888999
112233122333112234515444555446756666777786999788999888
112233144223114223514463554663566677588977588977889999
111222133332143522143566744556744566777568799888999988
112222133332134442135544155554666667688887889977999977
111122131222433332444356477756477756888856899556899996
111123441223441223445523655573665773667788699788999988
111122133322134422335446555546577746888766887796899999
111122131422333442335542665544665577668887888997999977
111222131222133333455555466577466678469778449788999988
122233114223114233144453664755677755678758698888699999
112223112233411233444553446577666577689557689997888899
111111222222334444333544663555666755868777888877999999
122222133244134444133555163575166578669778699778999888
122222111324113334555334565544666674867777888997889999
111112314442334422534622537666537776555776888889899999
112333112333122244155244556674556774866777869999888899
122344122344122344155336155636155666778899788899777899
123333122233122445111455664457688457689957689977688997
122333122243111243155443554466758666758996778999778889
112222113242113344553364553664755664778699788889778999
122223124433124433114453615555666657867777888879899999
111122122223133333444444555666755568799668799998777888
111223411233412223445533455666455666778888779988779999
122222123334133434115444615777655788665778695998699988
111222111222345555344556334466374886378896778996778999
122223122333111433514444564677566678569778559978999888
112222133342133442113444556667566887569987599887599877
111222111222334444334456377556387556887756888766999999
111112133322443225433255446555466778966788967778999988
112222111123445523455533456663447663777768799988999888
111222131242331245344445366785366785667785999785999788
122234122334125334115634155664556664777788999788999788
111111222233424233444433555566557776887766888769899999
122223122333111433561444566474566778567788599788599998
122333122223111433144455667458667458967758967758999988
111222331112433352443552444555666788966778969788999778
111222131244331224333444555556756666777896788899788999
122222133332134434111444555555677888677998667998667998
111112333122344442344552366652666555788888777798799999
111222133242113244553344556347586777586677886699889999
112234111234551234555234675234677734667788669998999888
111222133232113332444445666475677775667555888899889999
111122133222134442333544665547668557668857999877999887
111123415223415233445223455563477866777866788886999999
112233122333112234516444566644567888567888557999777999
112233111234152234555234565634766664778884788899779999
111111223444233444253366255366255766857777888879899999
111233411223441223544263546663555677588697889997889977
111111222233242335444335464775667755688759668799888999
111111222223243333445553455666457886477786779986999988
112222113332133342144445664555666755677777888889899999
111111222222333444533674536674556774586677588888999999
122333123344122344125544115555678888678789677799666999
122234111234112234553334556644566777586797886997888999
111222112232413335433665466665447755488775888877999999
111122331222331244355544355544666677888667888977999997
112222111232144333444335645555666578677778699978999888
111112134442334442335522355627856677856977886979886999
111222311242331442334455366455667758667758977988999988
111112133222333442563472566477566447586997588997588899
111112312222334255634455633455667448667988777998799988
122222133332144335144665146665147655777858977888999998
111122133322133224553444556447556777666787688888999999
112222111122344445346665346775386755386775389979888999
111122341225341425344425366555336666777777888899889999
111233411233414223444223556677855677855677886699889999
112223142423144423114333555566755666777868799888799998
122233123333122455166445116445776455766888779898799998
111112132222333244335554665774655744668779688879889999
112222311244311245336445366455366655777788799788999988
122222123333111343516644576664578694578994578899577889
111112331222332244533444555554677888667789677889669999
122233122333124553164455164475166475667778999978998888
112223112223113333445555444565477666778886788996789999
112222111332133342536644566774556774586794588799888999
111222111322444332554336554436557886777986779986999886
111112331422344452334452637752677755667885698888699999
111222133242133542133544665574665574869777869997888899
111122333122334152344552644455666665778999788899777889
111112133332334552444452647752677752688759668999688899
111223411233441223445623745663755568759668799998779888
122222111233411333444356445556775586779886779886999986
111112133322435322455362457766457776457866498888999998
111122113222443255463557463557463377468887668887999999
112222112324511334555344553364777664788699778669888999
122223124243144443155333115555667777688787668889699999
112222133332144332144566144556775566785969788999778889
111112334142344442335222365555666577667778999978998888
112233111223414253444253646653666555777778788888999999
122222123333113344114445677455677885677855699888669999
111222131122334425344555334655774666788886777886999999
122233122233144443145553146555176888776898776998766999
111222131422331424335444635555665778677788699788699998
111111222223444423455533455336775866977866977886999988
111122131442534422536442536677533667558677888979889999
111112331222333244536244556664557664577899778899788899
111223122233112333444555444665788655778669788699778999
111222311124333224355444355554666667688877889977899997
111123112223442233445536475536475866775866799888799998
122333142335142235142655144655174666777688788889799999
112222112332411355444335674435677785667885667888999999
122233112433122433114444567778566788566778556998599998
111111233344235334225444625778625788665788665778999999
112222133322134334154444156677556677856679858979888999
111112132222333324563444566674568774568799588779588999
111222311224315244335544635574638577668887698987699997
111122113332433532446522446555746885766888776989779999
122233124235114235164435164435666655778889778989778999
122333124433124453124455125556178866977886977786999986
111112313422333442344452555552678888678798677799666999
111111222333422333442555445556748866777886779886999996
122233122234155334115344615447665877665877688887999999
123444123445123455123355122365166666788889778899777999
112223122323144333154446157466557668577768579888999998
122234112334112334152634555644557666877796878799888999
112333122233122443155444155554666677686977888997889997
111111223333224433255444256747556777586667888699889999
111112341422344422334552336655788665778695778699788999
112223112223114443444533555563775666777766888888999999
112223112233112433554436544666546678557778977888999998
111122113222333342355647556647855647889647899647889997
122223142423144443155663115563755663777688977988999988
111112133342334442344552655522665777688887698897699997
111223412233411223444433566666555567588877889977899997
111112333122432225433555444465778865778866788966799999
111222311222331444335564355564775864778866788896799999
111222133222113444553444553366755666788699778889778999
111222111332443352443352645555647778677988667998699988
111111222333222343555643576648576648576448977788999998
111233114223144223554423555463758866788866778996779999
111222131142333442355542365447665777685877688899689999
123333122344122344125554115564777566787996788896889996
111112334142334442334552665522675588679888679998677799
122223122333114334114444555556758886777886997786999966
111222113322133425634445636455666455788888777778999999
122233122333112435114455444556788656788666778899779999
112233411223411223455553466573446578966778967788999988
112223112333112243555543565444666647869977889997888977
111112133222333224553444566644566788556788999778999778
123333122234115234165244165554667754867799868799888799
111222112232144433555443655543666773688777688887999999
111111222234223334533444566664555677588677889779889999
111122112223445523455533445637846637886667889777899999
112223122333123344115544666544766558769958779888779998
111222111232455233465573465573466673486977489997888899
111222112232413333443556744566745586775986779986999888
111122133122334452344452364555666775667778999878999888
112333112233411223455626457666457688457788457798999998
112233114223114223544433546666576889576899578889577799
112222133322133455113445644455677785677988667988699998
122222113324133444113354666654665555788999788889777799
122222123455113456133456133456774456778866799888799998
111122311222344425344555334556377786977886978886999966
112233114223514223514463544663557666577778978888999998
111122333122343125344425644555666665777888797998799988
122222113324133344153544155546758896778996778996788966
122333123344122344125554116654666657899957898997888777
111122132222133444533344566647555677856677888979889999
111223412233412333412566447556487556887596877796889999
112222111233441233444453666553676558776588779888799999
112333122233114223144555664457684557688887698777699999
112233122243112443156643556443556667588777889779889999
122223111223144333144453664555675589677889677899678899
111112344412335442355422355526377666777688997688999988
111222131332133322455566454566444576777776888999888999
122222112345111345666345766345763345788845778999788999
111112132222433332444536445566555766887769877799888999
111223122233112443555543566443566647886977899997888977
111112333312445332465522467528467558467778669788999998
112222311425331425331445637445677775688975668999688899
111111222344255334253334256664556664778999788889777899
122222132444133454133554136555166677667778997888999988
111222131122333342355544655447685947688977688997668997
112222111223144443445663555663755683779683799988779988
112222133322113444133554677544667555677888678889699999
111222111222344455346445366675368675388775389779889999
122333123343122244115444155566775566788869778969788999
123333122223144423144455115556778586788886777666999999
112222111232414533444533455536775866777886788896999996
122222133324115344615334615544655778677778699988699988
112223112233411233444453664655766685778885778985799999
122222111332143333144555644455666665777888797888799999
111122311425344425344625366625336655777778788888999999
111112132222334525344555334465777466778886788986999996
122222111112333444533446537746557666557776889999888899
111222311124335224355544355446376666777768978888999998
111111233344255334225534225544666667687777888887999999
112222113232143335146355446655446665778999778989778889
111112314442344542333522366527666577685579888779889999
112222312452311455314456334556374866777886788896799999
111111233333244355264445266455226665778888779998779998
111122133422134422333444555566577566877769878969888999
112223112323112333444445647885667885677985677985699995
112223122333112433154444555564775666778886788896799999
122333122343112243511644556647556647586777889997888999
122223112433112433144435646755666755677758979888999988
123333122334112224155544155544666788669788699778999778
111122133324132224533444556477566777566788569988999988
111233144223142223144433555555677777666887696988999988
111112122222333334356644556444556777566887999887999887
111122133342133342555542564442566777668977868979888999
111112313442333452344452655552666672868777888977899999
111233122233124433125444555646775666785689788889779999
122333122333112244511444555466577776577886888896999996
122223122333111334551644555674885674866674899777889999
122333123334122244111444555667566667557777889999888899
122222113332113444133444566667556677558887959987999887
111223141233441223444233566678566678555778995778999988
112222311224331144533344566664567777568897588897589999
111223112243155243555243567443667743667888697788999998
112233112233114233554266574466574468579968579998779888
112223122233111443554443555543666778966788967778999988
111111222334222344553344556347556667888667888977999997
122344122344112344112335667375677775666555888888999999
111111233333222443552644552644756666757888777998999988
122333112443152243152543155546777846977866979886999886
111112122222344445344555333356778956778996778966888996
111222131142334442354542355566375666877796877999888899
122222111123413333444443556667556777586679588879889999
111222131124333324556324566674558674858674888777999999
111112314422344422335426355576385576988876998876999776
111122112222333344555344655347665847666887988877999997
122222111233441133444433556667555677588667988887999997
111222113322133442563347564447566687568887559987999987
111122112223445523445553466533466773866779888779889999
111222131422331424355444335555666678996678997778997888
122333142223144523145553145567148667888677889667999997
122222111332411333444355464755667775677885669988999988
112222112233113333455556475666475866478889478989477999
111111222344233334256634256644555667588887988777999997
112222113242113444333454366557886557866657888977999997
111112133322433322445552466657488657486657888997999977
112223122333124335114655744655774665774668788888999999
112222133332133442155444165554667758697788699778699988
111222122234115334555534678534678834678894677899667999
112223111223144233444533465555665777688887688997699997
122333122223144433115446155746557766577886997886999988
111112331422334442354452355552666777688897688897699997
111123122223124333544366544466557766857799857799888899
112222113242113344555334556634577664776688799988799988
112233122223144433154443155566758569778869778669788999
111112331222333244553244556644576888576998776998776998
112233112333122434124444566777566678596778599998559888
122223122333111143544443554666758886755866777889799999
122223124333124536144536114556774556788966778999788899
111222312244311244333354666554677755678759678899888999
122222112333113343516644566664557744587777589999888899
111123414123444223542263566663577683577788579998599988
122333122233124453144455164555166677869977868997888997
111122133222133244335444655478665578695778697788699998
112222133342113442153344556674566677586777588899889999
111122311222333442355444356466756668755888777998799998
111122133122443332455532444566777556789996789896788896
111122312224312444333344567777566687566987559988599988
111222131332133322444566745556745566748886799988779998
111222113222413333445366445666455556777788977988999988
111222134422134425134555334565736668796968799988777988
112222111223415533455533456663477866478896478899778999
123333124433124445126465126665126775887795877995888999
112222111223451333455533456566446667847777899997888899
122222111123415553446553746533746838746888766989779999
122233112223111333456667455677485677485697485999488899
112233122223144433144553164755667755687799687899688899
122222111323141333544637554677854667854967859967888999
111122132224132544335554633754688754688779688779669999
111223441233411253444253666253765558766888777788999999
111223112223415233445533644555664777666777889999888899
111111222223444233445533455663556667888677998887999977
111222113222133344334444555677555667888867899667899997
122222111233441335461375466375466775467755899999888889
111223111233444223445253645553667588677788677998699998
112222113332143332145555445666475896478896778996778899
123344122344123345123545126555166667869997889997888777
111122132224132444333546355546557776877996878966888999
122333112223114253144453644755666775688975689977888999
122234122334112344113344555555666677888667898977899997
122223145223145553144653114653774663777766888999888999
111122113332443322445326445786555786577786999786999886
111222311122334442335444355556777566887776888996899996
112222111322143335643355644557664857694887699877999887
122222133244113344153344156666555768995768977778999888
122233122333124355144555114456774666777766888899889999
111112133322443522433526455576485876488876989776999976
111233122223144253145553644553674888677798679798669998
111222311245331245333245677445677485677885669988699998
122223111223114443555433554436566666777888797888799999
111222132242133345133445674475677775688995668995688899
111111233333243456244456274556277556287766887999888999
111223112233412235446335466665446555777778798888999998
122333112233122443115644555664756684759688799988777998
112222112332413333415566445566475586479986777988799988
122223122453111453661453764453764553766888778889799999
111222133224133324153444555674856677859667899967888997
122233122234115534155334155444677788669778699788669998
122222111112344444334555366675367775367885967888999998
122222111112333344534446534776577766578896588896589999
122222111112333444333444566667555677558677998887999988
111233112233142223445553644557684587688887699997669977
122222111233114435444435666735686735886775899775889999
111122133322133324566624555644576684578884778989779999
112222111232413333455553445566446666777888797788999998
111122112223442333444433556777566887568897568897569999
123344122334122334112544155556785866788866777896799999
122223112443112443516443556633566777567787598888999998
111233122234123334124444555677555667888867999867999867
111122113332433522463552465557466777466787488888999999
112222111122333444533344566674567777566887559888999998
122333122443112443152643156647558677558667998887999987
111123122223123333444555664555664788964788967778999978
112233144223114423154423655553657777667878699888699998
111112134422333422354442356666556768577788579788999998
112222133322133444113456778456778456788556798856999996
111222311122344425344455366655366775368977888997889997
122223123333123455116445166455666445788888777998779999
122223111423151423555443655443667783667888677788999999
111111222233224333544443564777566677555667888999888999
111122131224335224355444335564775666786699788899778899
