111112331222344422335444635788655778665578699978699978
111122122223144433445433655553666577686997888977889997
123333123344124444122555162578165578666678999778999788
111233111223444423546423556723566788567788567798999998
111112333122433325466625446625446755877775889979888999
112333112233122443124445666455676885677885777885999999
112233122443112433512436555446758666758886777889799999
112222133242133445134455134665766685768885788999777999
122222111233113334553444566644566777556877998887999988
122233111233112233444444566666577776578899578889558999
111111233334225334255554256664277664777764888889899999
111112333142353442354442655522666578696778997788999788
122222132344133334155444165555166666778888777788999999
111112314522334522344552344655377666877796888796889999
112222113332133432154444555564758669788669778869778999
112233122233112453164453664555644577688877689977889999
112333112223112243555543556644766684768884778999778999
122222111342155344153334556344756688776688799688779999
111112331422344442355452335552678888677889667779669999
112334112344122334122344556678566778556778596978999988
112233112233122334155544556544776664766888779998799988
111111222223452663455663456633455773488877488897999997
122222133342113344113544555564758869788669788669777999
111112133422333442553442556642557666777776888899889999
122222113324111344553344553647588667588667889967999977
111222113224153244553344566334556666788999788889777799
111112344122334442534662533662555566778899778899778899
111233141233441223442253645555667885677899678899677899
122233111223114233444553674855674895678895677899667899
111222113242513244553344653774653777658789688889669999
112222111322144333444335674555677755668779668999888899
111112331222332244536644537664557664557777899999888889
122333112233112234155544556744656784666788999778999788
111122133122433352435552465657466667448877888897999997
112223122233144435166435164435766855776885779988799998
122233111233112243444443555566788556778996778996788996
112223412333412335412555416655446666777778979988999888
122222111324115334675534675334675544677899687899688899
122222133332143435144455164557166577668887688877999999
122223112423114433154436754536755586777886788896999996
123334123444123454123555122657166657668887888977999997
111111222222344444333354663557866657888657889957999977
111222133322134424133444566666557776588877588979589999
111233111223445523445223445553667788667788677998699998
112222134422134444135555133355666667868777888877999999
111112333412344442355542356552666672886877988877999997
111222131122333442563344566664555564777899778889788999
111122331222341442344455336655776665778865778888999999
122222133332114335144665144665746655777858977888999998
122222111123144443554433556773566773567788669988999988
111122133142334442534642535662555766877776879999888899
111122314422314225334555634455637788677788667988699999
112223122243115443615433655443657777657887698888699999
111222331244331245631245637445677775688755668999888999
111112341222344422344555366557336657886997886997889977
122222123333113443114455674885674855677885677989669999
111222112223415333455363455567466667448887998887999977
122223124233114435164435166435666555777899777899888899
111112314422344422333452365557866557866677888997899997
112233112234512234516334566644556674857779877999888899
122222123333133444115554166654667554687779887799888999
122223124423114333114443566667568867588887599997559977
122223111223114333444355446655776859776859766899788899
122333112243511243515243555444666677667777888889899999
112222112333112443555433554466754666777886788889799999
122233111223114423555443566473566477586677888879899999
122333122233124453114555144455677888677988667998667999
112333112233112223444444555567895567899967889667889677
111122132222134444333544673558677588675588677998669999
111112133222333422563444567748566748556778596978999988
122233111223141233445536444566777556877956887996888999
122222132334133344111544677545667555677788699988699988
112223122233114333154446555446557776887976888976899996
111122112223444233544336554736855776857776888996899996
111122134422133442533442536778556788566778596678999998
111122122223143333544443555467885567886667896777899999
122222111132133334555534566644567448667788999778999788
111111222334252344652334655344655788666788777788999999
111233451223451123455223465773465877468887666887999999
111122134125334225344255334657884657886667889677999997
111122314425314225334425334555667777666887699887999988
111112344122344422335452335555667778677988679998669988
111233411233412223444423555556758886788996778996779966
111112133222433252433555466557466877469887469987999887
111122331122344452364452364555367775866799886799888799
122233124223114433144453165555667758677888677998699998
112222133224133344113544665554665577688887689987999977
112222111132443332443536445556778856788956788966779999
111111222223244453445553466533667538667888777798999998
111222131242133442533466553466555466777888799898779998
123344122334112234155234155554666667677777888899889999
111233112223142333442555444655777658779668979688999688
111112333312433552455552446672446772886677889679889999
112233142223142333145555145567846667846697899997888977
111222131442134442333342555555666667688997889977889977
122222111132133333444455466775466775668775888885999999
122223122433115443115543555443666677886677889779889999
122223122433111433514443555466556667888867899877999977
111111223333223344255444255647856667856967899997888977
111122333112344442344552355552667778677788668889699999
111122311442333422344425366775667775667555888899889999
111222133322144332145536745566745668745688799988779998
122223124423144553114563714563788563788569788669779999
111222111322333324344444555556777856787866788896999996
112222111223144433544633546673566677558887959887999987
111111233333224435224445267475667775688755689999688899
111111222333222334566364576664578884577884577894599999
123333122243112243144445166555776655766888778889799999
122333122223111133455566447556447586477786999786999888
112233122334123344125664155644556667588877889997899977
112233112243115243655243657743655744688777689999688899
112233111233142253444253664455667558677788699778999988
111122331122433352443552644455666785677788677888999999
111233112223412253446653444653788655778695788699778999
111222312224315444315644335666735869755869777899788899
111222311242314442335544335555666666778899778999778889
111222131422331442334445637555677775666675888888999999
111112333412354422354442355552677777666687969888999988
122222112344133344135644135666775586795586799888779998
111222133322133424134444555566577886577866778886999999
112222122333113343514446555546777546777896888896899996
111233112233414223444423566777566678596778599998559888
112222113442113342333546555546577746778886798986999986
122222111112334555334465734465734665776688977888999998
111111222333242235444335465555466777668997868997888997
122233122233111134566634566674577774587884588894599999
112222311224311544355546355446378866378886777786999999
111112344412344422333352666652776558776558799988799988
111122131422333442335542666544766558796588799998777988
112223112223145333145636445666445677855777889979888999
112222122333144453144453166653667558677588779988799998
111222111322333324535664555644756684776884779888799999
112223112423114423555433555443677888667788667798699999
111112133332443222443526455556477566777886979886999988
111222133322133442153446755546785546788966778996788999
112222311112345552344455336445366667888867998877999977
111112314422334442333452677552677758679558669888699998
111222133245132245133445663445677775678875688999688999
111112312222333244335554675544677584678889677889669999
112222111232441533455533455636447666777886997788999988
122223121233111433554443554466556667888867898777999997
111122133322134325644325664455667485677885777888999999
123333123443124444122255116655776558766888769889779999
112222112333142355144335644475666775866775888879899999
122223112323111333455555444656748666748896778999778899
112222112333112334566634556444556674858777888997899997
111122112223442533444533664537655577688877689879689999
112222111322143335444335446755886775866675886779899999
111111222222344555344465333465378865778669788869779999
122233121233111233444555446557466857668887968987999977
111222133322143325144355664455666475688977889977889997
111111222233444233444253666753667755867795887995888999
111223441123455123455523465623466673868777888797899999
122223124333124435144535146555166777886679886779889999
112344122334122344123345166555776655777668799888999988
111223111223444233445233455556777756877666888996889999
112222111322413355433355466655466777468777488899889999
111122132222133444333444555555666666778888777788999999
111223144233142223144453677553675588675998677988669998
111222133322133442134444555677585677586667888867999999
111122112222334444344566335566355667895777899997888897
111111222333442233444235646755666775677785999985998888
111123412223415223455333445666745566777768979988999888
112222122333144333144445165555766858768888766999777999
112222111122333445333455666445666745777775888888999999
111122311322333342555542655444677848667888677798699999
111223411233412223445553465553467888667889677989677999
111222311224331254355554335644776664786969788999778889
112222111232413333444553464555766658766888779998779998
123333122343122444125554115654775688766688777698999998
111122133122334442533462554467555667886677888977899999
111222111332444352443352463555667758669788699788999778
111112334122344422334452367755666775689975688975888999
112233112223144523144553445563777566877766888869899999
112223122433112433144443566666555576577778979888999988
123333123344122444122546117556777756788556888966899999
122222121334111334563364566664557884557884777788999999
122222111132444133554336554436557886777886798896799996
111222112232415333455336445556446666777788999778999888
111112133422334422344425366555766655768888778899779999
122223112423144443114533666537686557688857998857999977
122234123334122344111344555666577866578886578999778999
112233122333142553142555146665748866749886749988777999
122223112233411333415555445566476668477688779998799988
123334122334122234111444555556775866798886799886779996
111222132242133444135446335566755568799668779988779988
111122131224333224334444556666555776588876887779899999
122233142223144333144455116657886657886557886977999997
111112345152345552344452333422666667868777888977899999
111223122223113333444555446657466557866777888979889999
111111233445236445236645237645237655277688977888999998
111122132222134444335544335555667788669778669778999988
111112314222344442345562355566335667899677889977888997
111111233333222234562644566644577684577788578889599999
111222111222344444355554355666377666387779388979888999
112222111324531324533364566664557644577777889999888899
111233114223144223544423566663555567899967898977888977
122333122223144433115444155556775666788669778899788999
111112331222433325443525444555666777686797689997888899
112222112233114333544443546667566777586887588897599999
112222111324513324533444553466556667888967898977899977
122223111223411533445533644577646557666777888889899999
112223114223114423554433566463556667588877888777999999
111112122222333334556634577664587664587774588994889999
111112334212334222334445674885678885677785699795669995
112222311112334442344455365557366577667778688888999999
111112333212443222443355645555647888677789677889669999
122223142423144443115533155663557768997668977768999888
122233112433122443114443555556785666788699778699778899
111112331442334422344225366655667658997558997788997788
112333112233122434124444555666557666587777888979889999
111222133422134425134665334655774655777688979688999988
111111233334222344256347256447556677588667589997888999
122222111233114533444533464555766588766888769989777999
112222311112333332444555446665466765877775888879899999
122333112344112344122345666645766555777588788889799999
122222113244133334153554155564766664777688977988999988
122223114423114423144333555567566667568777888799889999
122233123333122455144445114655666665777888799998779988
122233144233114235114235644755667775668775968888999998
112222314442311142333344555556775666778866788999788999
111112333312444322454322456666556777556887888877999999
112333112323112223444555664475664775866875888877999999
111233111233442223544423555466578666578996778999778889
122222113332114433144536445556777856799856798886799986
112222112333112343554443556644576688577668779998799988
122222113245113445613455633445637785666788977788999998
111111223455223455623455623444633777687779688889689999
111122133322143332544442555546577776889776889666889999
111122131442333422534442536666556777556788999778999888
111222113324133224553344655547665847699877669877999888
112222133322134335114455664557684457689997688997688977
111222113332133432444452677455667758667558967888999998
111122313122333422344445666455676885678885779985779999
112223114423114423554423655533665777667778969888999988
112222133332111332444445666645777665778555788888999999
111222112232133334534444555564566667888677888977999997
111111233444223345222345677345677785667885668885999999
122222111123415553444653446653766853767883777888999999
122223122333143355144455164557164877668887688977699999
111222331112433522435555435666447776487976888976889999
112223122233114533414536444566777566887596877599888999
111112333142344442345562355562758862788669778699778999
112222122334156334156634155634775644775688779888999998
111122333122333122455566445556477666447778999788999888
111122131222433332434555444555666777688787698887699999
123333122334112244512446517466577666577788598888599999
112233112443112443522433555466578886578666778999778999
111223112233142233444453674755677755667895668899888999
111222113322133332445555644455647788677788667998699998
111111223444223334255344265377865557866697888697899997
111112333212443222443356445556778556788966778996788999
111112333312344322445226455556475666778996788899778899
122222111123441553644453674553678533678888678999677999
112222311112334442533346555446758886758886777966799999
111112333122443225433255444655766665777688977888999998
111222133232143332144444566666567788555778995778999988
112333112223114233444255467555467758667988677988699998
122233124223114533114553664455664757866777888879899999
111233112223144223554463544763555766887776889796889999
111111233333222453662455662445768845768945778999778899
112222133224133344113554665554667574667777888899889999
111122133342133442535422555446756666778996778899788899
122222133324133444135544115555666777688887698877699999
111122132222134444335466335466785556788856778899779999
123333122443124453124555124665177765877766888969889999
111112334412334222534462537466577866577868557888999999
112222112333142435144435647735677775668855668888999999
122222111123444133454436555336578886579886779986779996
122233112223144333114455644557689557689977688997668897
112233122233124335144455146557846657888677886697999997
111122333122333122445555445566476668477968779998799888
111222133242133244133444555566577566877669887799888999
111122133222133332456666455566444557849977889997888977
111122344112334442354622356666356777558977588979888999
122223112333142433144445166655776558776588776998999988
112222122334133334155544155564666664788889787989777999
122233124433125463125463155467155467888667889977899997
111112122222333445333455664475866475886675888977999997
111222111233452236453336455556477866478886479889779999
112222112323113333455555444656446666788899778889777999
112222122334133344135544166574665577865779868799888999
111222131422133442533444536677566887556887956987999987
122223112233144443154433155677856677856677856999888999
122222133342113444153464153666555786577786999788999788
111112122222333444333456774456777556887556888896999996
111222111233444223444333566677568677568997558897588999
111233144233145223145223445555667888667789677889679999
112223411123441223444333556666755568779568799998779888
111112333212333222444444555667555677888667898697899997
112222133322114335164345664445667555867777889997888999
111123122223124443566433566443576888576788577798599999
111223112223415523445553445663478663778669788899778999
111222311122334425334455364457666557687777688999888999
122222123444113434153334156678556778566778596788999998
111222331224311424335444635555667578677778669888999998
112223142533142533142536144556748566778896778996788999
111222122234153334155344555344666777668887688897999997
111123412223412233445533455667455667888667988877999997
111122113422333422344455346655777658776658796988999988
111222112223415533444533446553666757686777888979889999
122223112333142435144435164755667775677895668899888999
111233112233412233445266445566475668775588977788999998
111122113422553426533426534466534667588887999887999777
122333122334125534125544116544776589776889766899768899
112222111332133332444445664775677775688885689955689999
112222111223441333544633554666754688755688777889799999
122222113244133354133554165574665774667778699888999988
122222111332113333455555465777466887468887466987499999
111223114233144233544263547266557776857996857996888899
111233411223412233445235445555677788677889667889669999
112222122333143335144445166745666775687775888895899999
111112314422334422534426533776557786597786599986998886
111223411233441223456623455663456677557777888999888999
112222113224113444563774563774563377568889568999568899
112223122233111333444556744556774556777886999866999888
111122311222333324355544655784659784699784699788669778
112222111232144433443335466665667555777775888889899999
111112333312343552444522445526777566778996788896889996
112223122233111443556443566443567777568887569987999988
122222123444113444513366513366555766885779887799887999
112222133322111333444445466665665555778889788989777999
111223122233112334556344556647556647886947889977889997
111111222223244433445333455666755568777668779998999888
112223144233114223144533645555667758966788969788999778
111111222344233334255344255564775666777786999986998888
111112333122334422344442556666576688579998579998577788
122333112233412253411555445566477666477886997788999988
111122333122443122443355467555467775666877968888999998
111233141223441233455263475266475668775688795998799988
112222314422311444331554335555666677888667898977899997
111222113222143333544436554466755886758866778999778999
111122331122333224356644755664755664758894778899788999
122222112344113344155344553367566667586887988877999997
111112132222332455344445346555366777668799868799888799
112222133324133324115544555544666777689997688997688897
112222113224113444333454365555666775667788977988999988
111233441233411253442253462555666675869777889997888997
112223122233144333114444555555667888677788679789669999
111222131425331425344425364775367755667789688889689999
111222113244513224553444533366557886997786997886997786
122222111342151344553346753346758846758996778996788996
111233122233124233154446554746857776855976889976889996
111122314125344225346625346655347658397688997778999788
122222113342133344115346555446556666778888777788999999
111222111232445532445336445336785586788886777796999996
111222111232444233444333555566575786977786978886999986
111122112223444233444553665553665773869977868977888999
111222331222331144335446555446557766777766899999888889
122223121233111433444435646775666875996875998875998875
112223411223411523445533445536777566788866789969788999
112223112423511423554443555433677777666667889999888899
112223112333122435166435666455786445788845788999777999
111223112223144423444563555563758863788669788699777999
122222133332113444153464155466755586777986779986999888
122222112334111334555334665554677774687784688889699999
111222113244153224553344553364577668779668799688799988
112223112443152433152433555446577776778886999886999866
111112314442344522334522633557666557668977888997889997
111112331222334224354444355666557768577668977888999998
122223114223144333154463155466775556777866979888999988
112223112443112443552433556437556677866997868997888997
111112133422335442335442665542765588766688799998777998
122222123334113334115444555564777568796668796988799988
112233112223112433554443564748566788566788567778999999
111122314122344425334625734655737658777658999668999888
111112134442333342355442555522667788677778669988699998
111122134422134442333452635555677785677889678889669999
122222111233113334556634576664577644557774888999888999
122233124233124433144455116555666657886997889997889777
111222311122344452334555634455637788667788677998699998
123334122334122534152544155564177866778886799986799986
122222123333114435144435146665777765778965888965889999
111123411223442223544433555563756666788886788999777999
111111223344233354222354667554667554667888997778999988
122222134244134445133355136557166757666777888888999999
111122134422135422335444335555677777676888666888999999
111112344122344422355426335766835769855769877769888999
122222111233113333455566475566475886477786478889499999
122223124233114333144445167775666775668975888995889995
111222133442134442133342556777556667588677588699889999
122222123344133334115554155564777664877669887969888999
122222133342115344115334555544677777678888688999666999
111222312245311245334445364555367788669788669778999978
111222131242134442334545365555367777668778698888699999
122223122443114433514673514673566677556877598888999998
122222111132145533446533476538476558476668777888999999
111112333122344442345462375662775566788556788999788999
112222134224134444133355163555667775677888678898699999
111222111332333322445566444566478556778586778889799999
111222311422331425633455634455677485667788697788999998
111223144223145223145553445563776663777866788899889999
122222111324113334533444556646557666857777888887999999
111222113332143332546662544677546687548887598897599997
111222133422113452633455634445666655778888777898799999
122234125234125334115534165734665774866777869999888899
111222131422135424335444355667355677886677886997889999
111122311222333424353444655774657778655798669998699888
122233114233114235614235664455764855766899788899777899
123333124433124455122455162457166657886677888877999999
122223111233145233145553445667445667886677888977899999
112222122344113334155344665347685577685877688897699999
122222133332144433111444555556785866788896778996779996
111112331422334442533442555562778566788866788969779999
111222131442133342555342555346788846789996788966777996
122223144223143333144555164555167777668787688889699999
122222123333111334551444566647558647588667889977899997
111222111222333444354466355466355766885777887799889999
112223112443112243564443566773556673558677888879899999
111222113422133442333544677554667555677888679988699998
111111222333442223444433555677588667588867589667999997
112222112333112443544433545666555666778889778889779999
122223142243144443111333555555666677888677898697899997
111112134442334522344522336577666557689957688977888999
122233111223411253445553644553647888677788679798669999
111233141223441223455233445666555666778999788899777889
112222133242134444133345166655766658777558797988999988
111222131122334552344555334465778466778669778969888999
111233111233444235444235667225677755677895688899688999
122222134442133544136554136655136657886777889977889999
111123112223442233444433555556758866788886777966799999
122222123334113344513444516777556777566888566898999998
112233412235412235416735416735486755486779886679889999
111233121234122234556334566664567744588777588887999999
122234112234511234513334555644576668777668779998999888
111112333122334442344522645555666657869777889997888997
122222111112334444334455336655776685976685977788999988
111222113322415332455637455637456677486677488999888999
111111222223233333444455666455666455788999778889777899
111111222222344444333354366655765558768888769989777999
122233124223114443156643155643775666775888795898799998
111112333122343222344445646555666575688877888997999977
112222111322414335444355643357666857699857698877999887
111223122233112333445555645577644477688897688897669999
111112331442344422354226357666357766855779858799888999
112222133242113444133354677554677755678885688899669999
111111233333222443225544555544667788669788669778999978
112222311122314455344555334465377666777686979888999988
111222113242513442553444533677583667586677888679899999
112223112223114433555436544436577766578796888796889999
111111222333244433245535246555746668766988779998779988
111122334112354222354444356666355566777888997778999988
112234122234111234555534655334667774687999687799688889
122222111233113334566364556664555744777784999788999888
111122311222333442354444355566756666758889788989777999
122222133332111133444445646775666775688755889759889999
112333112233412223414555444555666778667788969778999988
111222331142331542635542635444655777688887698877699999
111122132224133244333444556667566677589997588997588897
112223122423114433144335647755667755677858668888999999
111122133332145362445362445562745566777886798888799999
111222112223415533445333455666445666788888778999777999
111112333212343222443555444565777665877766889996888999
111122331142344442334552355552667777866697888697889999
111222311242351244355546337546377546778966878996888999
111122314222314442333544355566755668799968799968777888
111111222233233334244444555555677788667788669788699999
111111222333244443245533245666775666775588788889799999
111111222333422333425566444556745566788886778999778999
111112331222433322453666455676455677445887999987998887
111112312222344452344556334556738586788886779966779999
122223111423154423154443555633756668776688799998779988
111122331122333224534444555466557776877996887996888996
112222311242314444315564355666375686375888777998799998
122222113324133554136654136554766654778894778899788999
122333112223412553411553466655467777466787499988999888
111222111322433332444355644557666557866777888799889999
111111222333422233445553466655446657888697899997889777
122223112423114453166453776453776453766855798888999998
111122311322333322455556444566744566777886997788999988
122234122234133334111564555564775664777766889999888899
122222123344113445113455663457663557668777888799889999
122222111132144433554333554667854667859967889967889977
122333112343122345124445166745666775868775888975899999
111112331222332244335444655547665577668887969887999987
111111223333222435627435677445667455667458997888999988
112334122334125534125534126554666664777888797898799998
111233122233114223444553446555666675888677898777899999
122223111223113333444555464455666775886779886779889999
111123144423144223554223566673566773556877888887999999
112222112332114333444553445555666667688977889977889997
111222131242133244563334566644555677588697888997899977
111111233444233334222544662555665578966778997778999888
112223112233112333444555446555476666778869788889779999
112222133322133444113546755546755846798886799886779996
123333124433122444112455612555666775866777888897899999
111112122222345555344665344465337766377786979888999988
122333142233142253144555146665146675888677888977999997
123333122343112544162544162554667558677778679888999998
111222132242135644135664735664735564735888779998799988
112222111232144335443355644355677758679778669888699998
111122134122334422334445366555666655777788799998799888
112344122334122334112534655574655778666778969978999888
111223111233444223554233554666554766887776887979889999
111122131322433332444552664455666775688795887799887999
111112334122344452344552365572366577886697888697899997
112222133224133344135544155546777566887766889769889999
111222133332143322144456745556748556788886777866999999
112233122233114233154467554667554677584667888997889999
111111222333223343244445667455667755688759688779889999
122223124333124433144555164665166655788899777899778899
111122134422134422334455366655378659778659788699778899
112223122333124343114445666645678885678885777955799999
122223112233111443544443555663577666577768999788999888
111122113222443332445536445536755666788969778999778889
111122331124333224536244556774566774568977568999888899
111222133244133244135244635555667758677888677998699998
111122311222334255364455366457364457866777888799889999
112222113322113334556634556644556674889774889977889997
111111223333244335224665244665746655777775888888999999
112222122333144533114536744566774566775586978888999998
111222111222333344553344555664577664777668978888999998
111222111232444432543336543666557776588776589979888999
122333112343122543112544555544666667888677899777889999
122333112433112443152246555746577746577886888866999999
122333122343112443152446155476885776885776885976999996
112222133224133334155444156664756888756898756998777999
111223114233144223554233544667566667587777589999888899
111122331142354442355442335552666778699778697788699988
111112134422533422534442533666555776888976888976999977
112222132442133344115346555346756666758888778998779999
122222133342113344153544155546777566788966789996788899
122222112333111343556643756444756684755688799888779999
112233112234122334156344556447556887566887969887999977
112333122223144523144553144655776658766988769988779998
112333122233112243156644755644756664755888779988799998
112222112233114533444553446553666657688777887799889999
112333122223112433514444564777566787566987556988999988
112222133224113344133445678845677855667885667785999999
111223122223144333145553445655476668777688779688999998
111223411233441223544423555563576666777886997788999988
122222113244133344115344555366566667589977889997888977
111222111222333344563344566644567777567887599888599998
122223111223141333444453455555667778677988679998669988
111122133322144332444532465557666557668877998887999987
111222131222134444333554663554765589766689788889777999
112233142333142235146255146555746888746668777788999999
122334122344122344113354616555666557688877998887999977
111123411223444423554223556633756688756998776988779998
123333122233112244115446775546755546778966878996888999
111122311422334442335442355566777556778996788896889996
111111223333222343244444556667855567858967888967999977
112333122233142235146555146557446667486877888877999999
111222331242311442334445366665667555877795877999888899
112333122243122543115543665444675588677788697798699998
111122133122333224344444556677855677855677886699889999
112222314224314444315667315677355667355677888999888999
112233122233112433155444555446758886788986799996777966
111112133222334442533442555466557766877796888796889999
111223141233441223445523645773665877665877695888999998
112233144223144423155423155553666788676788677788999999
122233111233141233444255465557466657668887988987999977
111222113242153244553344533664576666577777888899889999
112222113223143333144445667455667755677758699888999988
111112132222334424355444356777356667855967888967889999
122223124243144443111333555556775666877776888896899999
112223112223143333144444566677565667555887988887999997
112233111233144253642253644557664577688577688979889999
122223121233111433555443565444566677868697888997899977
111111222333244533246553246655446665777788797888999998
111111223344233444223554263577865557866777886999886999
112233112333112223445555445666445766888776887779899999
111111233333222344225554677544677554667899667899888899
111112314442354442355562335562377662777668798888999998
112234112334152334152234556664577664578868779888799999
111222131222133444563344563774568777568887569889569999
111223114223144523445523455533666677888677899697889997
112222112324155344155344553334677788669788699778669998
111223122223113333444444555666555667899967898997888777
122222113324111334553344655544677588677788699798669998
112222113322114333444443567777566778556888566998599998
122223142243144443111533666553667855677885778889799999
122223122433111433144443566666557776855577888997889999
111122312222314445334545634555637888667778669978999978
112222112333112443555433566447556477896667899997888897
112333112233112223456666455567485567488777488897499999
112223114423114523644523645533655777687797689999688889
122222133442134445133345116675666775677785998885999988
112222112234133334155344555446757666777866788899889999
111233411223441233444223556677556877566877569888999998
122233124235124435144335146665166765887775887799889999
111122113322433225433555446665447765887669887799887999
111223112243152243555443556473666473867777869999888899
111222113232133332455566457766455768449768499778999888
122222123334155334115344615554677784677888667889699999
122222113332111334566344576644578649578699578889577899
112222312244314445311455336655376658777668778888999999
122334123334122234115544617554667755677889678899688999
112233111233142223445553445566745866777866788899789999
122223124433124443155543156563156667889697899997888777
111222133222134444133445637555667558677888667798999998
122233111233142253144453647455677755678888679898669999
112222311142331442334445366555666575688977889977889997
111112122222333444355444335677855677885667899667889999
111111233344222344522334566664566777588887588977599999
111222122233144443144533555563757866777886788896999996
122222112333144443115443665553766558768888769989777999
112222112323143333144444566666557688957788955778999978
122222113324133334155544155546788846778666788969779999
112222111132443332444355647355667755677788699998699888
111112313322333222455556445656444666777888799998779988
112222122344113334133564555564775864799866799886779988
111222131224531424533444533666555667889967889997889777
111122113322444322454333455566778556778896788896799996
112223112433152433152443555544677777668887699988669998
122333122433122443155544155564177668776668799998799888
112223112233144233144443556666555676589977888997889977
111233112233144233442255644755666775686775888799889999
111112134222334442344552336555666775866799887779888999
122222112333111433554436554776554476888876899776899996
122233124443122443155463155563157666777896788899788999
111122133332144332445522445555666777886799886799886799
111222331122333124536444556664556674588777889997889997
122233112334112234155634755664755664788694778999788899
122222111123441333544366574366574668577788578889599999
112222122333144333145555144465766665776889788889779999
111122314442314442335552336652666758996758997778997888
122223123333123444154446155666175568777568799988799988
122233122233145533145555144446166666777788788889799999
112333112233412223415555466655444667888867887777999999
122333112344152334152264156664556764587777888887999999
112233111233412223444443555566755866779886799986779988
122222111132133333444444556666556777556788997788999988
111123142223142333442536455556457666887769887999887799
111222111322333332455566455567488667448867949887999977
111123142223144423445523666573666573888577889577899999
122223144423155423115443615553666773667778999788999888
111112331222435552435652433656447666477899778889788999
123333123344122444122554115556777566787766888896899999
111222311222313444333454667754677755678885698885699999
112233112223142553144533644555647788667778966788999998
122222113332113334155544665544666574868777888877999999
122222113342133444113344556667566867598877599887599987
112222113322144355143335446775466755668779868799888999
111122333122333122445666445677445677855677859999888899
122223114223154433154443155553666677869677889997888997
122222111332114433566433566444567888567988577989577999
111111222333223334244444556666758696758899755899777889
111111223344522334522334556644756888756889776689779999
112344122344122334112334567777566787566688599998559988
122333112333142255146265146665744655774888778898799999
111222111322333324566344556644557648597678997778999888
112222111324153324555334565634666644778888777798999998
111222122233144433144453666553655577668877888779899999
112333112333112222445556455766485776487766487999888999
111233122223124333154446555746557746777666888999888999
122233114223154423155443155543666777689997688997688897
112222111122344444355466335666355677358887988987999977
122222111132441333444536745536775556788886789986799996
112222133422134444133354166555766859766859788889777999
111122311422333452334452644555666665778899788889777999
111233112233412223455663445666445556788888779989777999
122222112333143353145555145677446667486967888977889999
111122314422314452334452366655377685779685779688999988
111222113232413332443555444556788856778886779996799966
122222112333113334154444655547655777666877688888999999
111222113244313245333245666445667555677788779988999988
111122133122433332444562474566777566877556888959889999
111222112223145533445536748536748536748996778966788999
111111222333442233444235664555667585697788697778999988
112223112233112333445555444665466675888679877779889999
122222113332133344156644156644557667587777588899889999
123333123243122244114445617775667755687995688995688899
112222311122331445366455336455666445777788797988999988
112222113332114532444533645557645777688877666888999999
111122314425314225344255334657838657888677899667999967
111222331422311424333444566667556777586977589999588889
122344122344122344113335617755677755687959688999668889
111222113242513244553346533446577766578866779888999998
111123142223144223544633546637588677588697588697599997
111112133222333442553462544466578666578888579998777999
111111233333234555244455244665266667277777888999888999
112222113322113333444566774556744556777566888888999999
111112133222333322445666455666445777845597899997888897
111122334112334422536442536647555667859967888977889997
112333112234152334152444552466755866788866778999778999
111222311122333332445567455667455667448867999887999887
111222311142344442333342556666556776557778997888999988
111111233333244443225446225666555766885779887779889999
122222111123441433544436555736577736578886979886999986
122222133244133334111554666554676854776859788899778999
111111223333224443255443256647555667888677888677999999
111112313222333224534444555466575666777868977888999998
122333122233111234155544657444657788657778699988669998
112233111223144233544263554766854766855769887799887999
122233112234152334155534156644758664778966778999788899
111223122223114333444443555555666667886977899977888997
122223144223144433145553155653177668776668799988799988
123333122343112444512647512647555677856677886999888999
122233124223114433144435167785667785677885668895999995
111222131142533342533642556647856447856977886977889999
122233142553142553142533144566174776877766889969888999
111111233333244443225544225666755566778869778899788999
112233112233142533142555446755466777468877668888999999
122222133244133544113544163557668557688777698887699999
122333122343112243114444566777566687555687599987999888
112222311442331442351546355546357776877666887999888999
112223111123455223465553466653476893476899478889777899
122333112243122443154463154666755586759986799988777988
112223122423114433144335647555677558679988677988669998
111112314522334552334452634552674788677778699988669998
112222122333111443555443555443666667886777899997888997
122222113332133444135444165555665788677788677889699999
111111222333244443224453665553677758679758669788999988
112222112234511334533344555544667778677788669988699998
122334122344122334111534666554677555678899678899778899
111223114223144223445563745663785563788569788969778999
111222331242331244331445666455676558679958779988779988
111233142233142233144255445556775866788896789896779996
111122314125334425344225334655776665778669778899888999
123333122223114423155446155446755666778886777988999998
111122113322444322443335466755666755867759888779889999
112222312244311444331554365577365587666887969987999887
112222111132443332443555463557468857666887698877999997
122222111332441133444533645578655778657778666998999988
111233122233124533124555644475664775688877688879699999
111111223333223435226445666445768455768995778899778899
112223114223114423554433556437556777886997886697886999
111233111223422233445535466555446778996778966778999888
111112133322334442344552664552766655786999788899777889
111122133122443322445336445776855576885976899976889976
111223112233122334566344566744566774577788599998599888
111112333312342222345555444556477766778866788886999999
111111222333242553442653446653466755867777899997888899
112223144223114233154336754466755886755866778889799999
111222131244133244335254365554665777688877689979688999
122233111223144423145553645553647778677978666988999988
122223112233411135446335446555466578966778997778999888
111122113222333324536644556664577644578999578999778888
112333112333142225144425674485678885677785699785669999
112233111233415263455263475266475866475888477788999999
122333122333112444112544555554666677686877888897999997
111112333122334422535426555466757468777468799968999888
122222111132413333444553466657466557868957888977899997
111233411223415233455223455666445666777888788899779999
122222133332133455111455666455644477688779688779889999
111233144253144253142253647253667755666777888999888999
111111223445233345222345666345768845768895768899777999
111222311422331425334445637745677555678999678989668889
112222113442133452134455334555666777886697886997889997
122233122243144443155543156663156667859777899997888897
112222113322143333145555446665446765886799888799877799
111222331222311444355546355746385746888776988776999996
112222112234133334135644755664756684759688759988779998
111222331122333142354444554666557776577866997888999988
111123144123554223544233554263756668777668799888799998
122233122243114443511433566478556778566788569778999998
111112133322333222445666445677845677845697885597889999
111111233333223444222454555554666777668797688897889999
111112133332332222444555446657466557668777888997889999
112333112223112423444443555666557768577768999768999888
112333412223411523416523466555466758467788777998999988
111122314442314452334552635552637778667778698888699999
122222133332111433514444566747567777566888556898999998
122223111223141563444563445563755863778866777888999999
112333122233112435162445764445766555766899788899778899
112333412333412225411625466665446755877759888779889999
122222112333133344155554165574666774687774688899889999
111123112223455223445553465733466777466877969888999988
111222131222133334553444555464775668776688796888799999
111222132232133334155664556644576684578884779988779999
111112333312334442444222555566758886758886777796999996
112222112323113333444456745556748556778666798888799999
122223111123415523455533465637466687469887499877999887
111233441233411223445263475266775556775896788896889999
122333122233112434155444155467558667888677886677999999
111222111322433352433555446655476666477888778889799999
111122134425134225334425334555666778666788999778999788
111123144423144223554223657733655777658878699888669999
112333112334122234152444555466785586788886799966777999
122233124433122435144435115555667778677978699988669988
111122133322134342534442566477566877569887569987599988
111122133222134425633455634475664775688875689977889999
112223122333123344115444555664556667888677899997889977
111233411233441233422255466665477765777865888885999999
111111233333223444522644552674855677885667889967899997
111222111322433332455536444556477856778886779986999986
111112133222433552433652466655467685497888497778999978
111223122223114333544443546666555567889967888977899977
123334122344112334112244555556577866978886977786999986
111112333312334422444422555666575776577786999986998888
111112133222432255433355444655477666777766899999888889
111112133322443332444552465552666577668897888997899977
111111233344232344222354666554776555776688788889799999
111122333112433352444552464572665578697778699978699888
123333122233114255114255444655477666777866799888999988
112222112323113333445666475666475588477588477588999999
112223411223411233444553664553665577668777998887999988
122233114223114243154443657773657778655588699998669988
112222122333144333114445666645667775887775888955899999
122233122433152443155543155446177766778966878996888999
122222113332411536415536445736455776477766888899889999
111233114233144233444256772256778856788556788566999999
111223112233122334555534565444667774866799867799888899
123334123344123554122554112554667889677889667899677899
111222131244133244335264735564755668775668778888999999
111122133442135422635442635547635577689777689999688889
111123441223441223455263455663756683756889788899777999
122233112233412335411555444675466675886977886997889997
111222133222113333444445467755667855667885697788999998
111123141223444423455223556633566667577777888889899999
122223142233143335144445167775168875668775688995689999
112222111132433332444535445555666677668887999877999887
122223142323144333145667145677145677855697885699888999
112344122344112344512336552366577866577868577888999999
111122122223144333444335467775667755866795886995888999
111111222333243335244455246457886557866777866979889999
111223112233415223445533446555466788669778969788999778
112223111233144223445553645773645578667778669988999988
111122314442314552344522333555666778677788697998699988
111222111223455233445533446553476668776968779988799988
111122333112443322455362455566447566877776879999888899
123334122344122334112554155554666667688777888997899997
111122133422134422333455664455677775687875688889699999
122333122233124435144445115555666667867777888997889999
111122132222133333444455647475677775666885969985999888
112223111233441233444253664655766655788885779889779999
112223111423155423555423665433766448766988777998799988
112223111233144223445533644577655577688977668999688899
111222111322444332544633545636555666778888778989779999
111122133222133244334444555566788556778866788996779999
122223121233111433444443566666556777855597888997889997
112223111223144523444563455563756663777868778888999999
111122331122344422334555364555664788677778669788999998
112222111123455523445533445336746666777886799988799988
122223112323114333154444556646555666777788799988799988
111223111233444253462253467553467558667788967788999998
111223441233411223444233566677588677588667558897599999
112333112234122334125444555546577866997886977786999886
111122113222433332434555444556777656887666887999887999
122222111332141333445553465557466777466687999987998888
111222331122431525435555436677436678446778996788999988
111222331112334422344555364555664788677778669978999988
111122133332133422555442675544675884677888677899669999
112223122443124443155543156663755683777688799688799998
112233122333122443114455644555677885677988677998669998
111122331422331422334444556677555667586677888897899999
111222113232133332444445466665667775887775888955899999
111122133142534442533442536662556667857777888879899999
111123112223442333442355644775666755677758699888999988
122222111123144333445335445555666666778888778989779999
111112133342533342556442756642756642758688778889799999
122333112233111223444456445556775666775886977888999998
122333122233124535114555614578644778664788669778999998
111111234444234455233665236665237865277885777888999999
112222133324113524133544665554665774866977889997888997
122222111323144333144563447566887556877756879956889999
111223122223114443444333555666575566778896778899788999
111122341222341255344655334655734666789996788899777889
111111223334222334255634555644577648777668997688999988
112222111324155324655344655344677338678888677789699999
111222312224311554335554335674866674886674888777999999
112222122333144443144533165557666557668877888977899999
112222113232113333444456447556887556887756877966899999
111222111222344445346645333665737665777895788895889999
111123441223451223455233455563476666777786788888999999
111233122233114233554246754446755666775688798888799999
111112333312443322455522444556777756788966788966889999
122222111123441533455533467553467778467978669998699888
112233122234123334115444665554667558667888997778999978
112233111223441223444533645557668557668887968987999977
111111222334522234553334555644666647867777888887999999
112222122333111333444444566667588867588967558997599977
112333122334122434125444155555677778667788666988999998
111122133324135524633524666524667554877994887799888799
122223124443124533144563155563156666778999778889778899
111233411223412233445263445566555666788888799998777799
111222341112344552334452336455766658766888777788999999
122222113324153344153444153666557776587996887796888999
122223111223451133456633455677456667458777498888999998
111122133322143322443555465577466577466687998887999988
112334112344122334152344552667566677568877588979889999
111112333212443222443555463665466675887775899977888999
112222111232441333455553456663456767486777888979889999
122222111233113333444555446555476888776998766698779998
122223122443114443114333566666555576887579887779889999
122233122334123344115544617554677758677958669998699888
111122133122333342554442555544666667688887887777999999
112223122233113334514444555564577766887996877966888999
112222111232413335433555444565466667888867998877999977
122222134442133546133546135546177556778966778999888899
111222132224135554133354663554768894766894768899777899
111223144233144233144223566666556777855799885779888999
111122113332433222443555446575466775886777866999888999
112233111233451233455226455566477766477886497888999998
111222133224113244553334657884657784655788666778999999
111223111423544423544623576623578663578969578999778889
111122133322134425634425634755664758667758977888999998
111112133322444332544362546662576869578899578889577799
111223411123452223455553456773446673866977886997888999
111122122223145333445553445563746666776899777899888899
111111222222333333455556475586479986477986479986479886
122222134442133344115364715366755586777586997886999988
111111222233425233455553446653476688476888776899779999
122223123333124355114455614475664775667788967888999998
123333124443122443112545612555666665788899787899777899
112222113322144333144453664755667758677558678888999999
112333112323142223144444566777566777566889588889559999
112222113332113332445555644445666675886777888797899999
112222113224113334553344556664566764577788779998999888
111112133222333324556424556444556666778888778999778999
112222133324133524163554166544666554778899778889778999
111222113332133322444555445565477866778886799986799986
122222132344133344113544166557666577688557998887999987
112222111332143332443555465575466677488667888997899997
122334112334122344112354666654675555678888777798999998
122223121233111334556344556774566784567784967988999988
111222131422331442534466533466555576888776888977999997
111112331222333242536644576644577664577888579988599998
112222312442311455361455366455336477886677888977899999
111112134222334252334455366457886457866657899977889997
122222123334115334115344655544657888677778666978999998
112233111223415523445523644573647578667778669888999998
112222132244134445134655133665736685777685788889799999
122222111123444133444553555563778863788666788969779999
111122133422153442553442533467558667888667899967899977
123334123444123344122555112565777665887669877699888999
111223122223144553144553446553666663777778799888999988
112222311122314555334565334566774666744888778898799999
111111222344223334233444556667586667588777588997589999
112233144223142233144535164555666757867777868999888999
111122134442133442333452655552657788677888677989669999
111123112223422553444553465533467777667788669998999888
111122133122333422553446557846957846957846997886997786
112223122333142443144453166555776585776988766988799998
111111233334223344222546778546788546778556978856999996
111233112233412223445663455666445776855799887779888999
111222131142333442553342555544666777677788698888699999
112222112333112343444443555667556677566778999788999888
112222112233144443154453655553678883678899677899667799
112333112223114523644523664555764458766888799998777998
111122333112333222455566457568457668477968477988499998
111233112223412523445533644557664587699887699887699877
112223112223411333444355464557666557869977869997888897
112223122233145336145366145566444556788889787899777999
111111222223233333455566477556477756444766899999888889
122223122333111334551644556644758649758669778899778899
112333122344123344122546155546557866777866788889799999
111122113222443552433567443567483567988567998867999867
111222331142333142553542655544666674687777888897899999
112223114223114253444553466553667853667888777998799998
112222111322441333544463547663557668557688997778999988
111111222233444233454263554663557766858776888877999999
111111233333222443225444665774655578657778698888699999
122222133332143555143555144466146666777888778898799999
111122314122344422333455673458677558667588677889699999
122333142223144423111443566666555776855777889997888999
112333112343512243512244555546777746778886888996999966
112233412335412235411235446655466675899677889977888997
112222133242113444513344563678566678556778597788999998
111222331244311224335664355644755666775888788899779999
111111222333242233444443556677566887566887599887599997
112333122223114423514463544766588769587769587769588999
112222311224331144533444536666556767589777589997888899
111223412223412333415553467755466775466788969788999988
112333122223114233144444555566576668577768977988999988
112222111332133342566344566444567888567888597777599999
111112314422344422355426335666355566777888788899779999
122233112334112534162534665544765548766998777988799988
111123114223544233542263544663577666577778598888999998
112222133332113432144455446665666755888795877799887999
111112134422333442334422555566557886777886779986999986
122222133244133344113445166665777765877865888855999999
122222112333144433144453167758667558677558679988699998
111222111342333342535542555446788466788869778669779999
111223114223414223444533655553656777666788997788999988
122222111324133334153644556644755668775688777998999988
122223122443144433155453165553166667886777988887999997
112233111223441223445563445663775666785599788889778999
111112132222433325443555443655746688779668779688799998
111222113222143555443565433365476668479688779988779998
111223111223444223455563455563466663788889787899777999
123333122433122455124445116455776658776688776998999988
112233114233114233554226574486574886579886579986779996
111123141223442233444233566666567777555577888889899999
112223114223114233554433544666557668597768997788999788
111122133224132244334445637775667775688855689859689999
112223411523441523641523645573645773668877688887999999
111222131222431566433566437556437756487759488799888999
111222331442331142533642556644556788956778996788999778
122222111132413333444563445566775556788966788999778899
111112331222344552334452344555666788669788969778999778
122222123333111143444443566666555576588877889877999997
111122133332133222456667456677455677458997458999488889
111112133222443352443352644557668557688877689877699999
112222311242331444531664536664536777557787599988999888
111222111332455532455332456377446877466877966888999998
111222131122333324536664555674556674887774888974899999
122334123344122344112354166655666775888755877799889999
112222112233114533644553664453664557689977888977889997
111122313124333224563624566664557744855799887799888799
122333112333112444122444555566577586779886779986999886
112222112233144333144535445555667888667889677789679999
111222314222314455316445336475386775886975866977889999
112333112234112334552244555564777664778669788869889999
122223124423111433561433564477566777566887588899589999
111112133222334242534446534666577668577778559998999888
111222113442133422335446375646775666775558788888999999
112222113332143352144355664457666457689957888997889977
122333122344112334112554666654766854777855788899789999
