112222311112334442335446735486755886758866759896779999
112222111123455523455563466663467733447788997788999988
122222132344133344153564155564156667889967889977889977
111111223333222443524443556748566788567778566978999998
112222311122314444333544663555677755667778699888999988
111233122233112433552444555466758466778886777886999999
111112334122354462355462354462357866957886997788999778
122222111323141333444443566677555667588677588979889999
122222111112344444333455363555766588766698779998779988
122223144223144433155453165553166777866797886799888999
111223111243522243554443655543666673887679887779889999
112233111234122234556334566644567748569778599778999888
122233124223144333114445166555667775688875688877999999
122233122233114335144655146655447665777868778888999999
112222112323411333455563457566477568477668479988999988
111123142223142523644533644553666557886877988877999997
112333122234122334115554655444675889677889677899667899
111111233334223344222444555566578886577886777986999996
111112344412334422334225635555666577668877888779899999
122333112233111223444455466665476865779855779888799998
111111233333224453244455264555266666777888777888999999
112222111232144433444333555567556667889667889997889977
111122133422134442334542365555766658766888777798999998
122222111332143335143455644455666675688977889997889977
111223141233441233442253646655666755777758997888999988
112222311142333142335644555644556666778888778999778999
122233111233451236451236455566445766847777888997889999
122223111243155243155443554433677888667778966678999998
112233122233111243555543554446774666777766889999888899
111122311425333425364425364425667755866779887799888999
111234152234152234152334655534666784696788999788997778
111222131232133332456677456667456777455588498888499999
111122331422351442355542335544666778696778996788999788
111122331442331542335542665442675588678889678999677799
111122333112333222444444555666577686557786999788999788
111222122233144333145535444555666667888867998877999977
111111233334223544263554265554266664777888788899779999
111111233444223345233445226555666657688887999887999777
112222112323145333145553446577486577486697886997886999
112223112233112334566344556647556647859947889977888997
122222111332411355443335446655476665776888779888799999
111222113332413552443352446555476888776668776998799998
111222341252341255341555346666344667388777889997889997
122222111323113333444456744556777756888756899956889996
111122133224132244335444365778665778655578669978999988
111122333112343222345555644475664775688877689897689999
122222133342133344114445615555667588667998677998779988
111233144223142223144453665553666755869777899997888897
112233122333112434152444555564577766777886988886999996
111111222223245333445336475566478556478966778999788899
122223123333123444155644115664555666777888779888799999
111111223333233455226445266445666475887775888779899999
122233121233111243444443555555666677688777688979889999
111222331242311442335544365574665778695778699978699888
111112133222443325433525466555466777486799886779888999
111111222333222334555344555644666674688777889797889999
112223112333122334155664555644756664788894778999778899
111222133244153224153334655554666774668777888897899999
112223112233142333144555446665746665777895788899788999
111233141223441223455623445663785566788596788899777999
111123144123442223445523665533765899765889766899777889
111233411233412233442555462575466577886997866997888997
111112122222334444333454636555666575687777888879899999
111122313122333322455667456667455677458997488897488999
122233112233114235144435677445677775688885689985669999
111112333412334452344552664522677558677988679988679998
122223124323144333144566174566177556887756887959889999
111234111234222234555634566634556634777899777899888899
122233111233141223444453467755666775667755888999888999
112222111122334444334455335555666777668787688887999999
122233122233111334155554657544667744688777668888999999
112223112223114433444335466775667755867559867999888899
122334112334122334112544555546577666887696887999887799
122222111132444133546633546663546777588877558887999999
111122331222341452344455364555366667888677888997999977
122233114233144233144256145556777856779856799866999888
122333122343112243115444555564775668776668799998799888
112233112333112223455566445556478886478886477776999999
112223111223414233444335467775667555687759688999688899
111222111223455523456533446573446673886677888977899999
111222131332133322455666445676455776457778498888999998
111223122223113333455566455566477766477888479988499998
111222131442331422534466533466557768597768597788999988
111123415223415223445523644553677773666677889999888899
122233111233112233444555446655476858776888776689799999
111222111232433332435555444556746666777786799888999988
122222113244133444135546133566775566788596778899788999
111223112233142233544663544666547886557788577798999998
122223111223411333444356744556777856797856999856998886
122222111332411533444563745563745566789966788999778889
111112313322333222444444566666567777587887588899559999
111222131242331244335444635557666857966857999877998887
122223111123415523446533446553466657886777889779889999
112334112234112334522344555554666666788888789999777799
123333122343112244112444566677588667558867558897999997
111222111222333333444445646555666575886777899997888997
111111233444235554233544223566278596778896788896779996
111222131422134442333455663455766665777785979888999988
123333122233111224144444555666575666577888779888799999
111223111423555423554423564423666773866877888877999999
111123411523455523444523466523776823776888766898799999
122223111223441133444533466557668557688957689997889977
111122133322133422536444556644557666577888779898799998
112222111122344455346555346665347668337778997788999988
112333122333112444122444555677556687566687998887999987
111233141223144423554423555523678888677788667999667999
122223122443154443155463155563177863779866799886799988
123333122223144253145555144465166666777888799888779999
112222311122334155334555344465777468977668997688999688
111112122222333344335544555546777846788866778866999999
111222131122333342344444566666555768577788597788999998
122333112233112243154444555664755688776668799988779998
122222113323144333144555144567885567886667886977999997
122222111332415366415336445366445776885799885799887799
112333122234155234115234555444666777688877689897689999
122223112333142355144355144655746668777668779998999888
112222113332144432144533646555666755867777888979889999
112233111223441223544433556478566778596678596778999988
111233141223144523444523555523666778666788997778999988
112222111232133333444444556677566677556778599998998888
122333112223411233441566444567555567888967899967889977
122234122234113334115344555674556677886679886779889999
112222113422113445633445633455666657888857988977999977
112333122223142533145566145566447566477788977988999988
122233124233114243114443555566778566778586778886999999
112222311124331524355564356664357644777688778888999999
111122113332333222445556744456774556778666878999888999
111112313222333425344425644775677775666855698888999998
111223441223411223444333556678566678559678599778999788
111112333312332222456666455776455576444777888999888999
112222113242113444533344536666555766588777889977889999
111222113222143333445367455567455667488867889867999997
122222132445133445133445163555167888667788697778699999
111112133322443352443552445552666667687777888887999999
111222112232143333444435664555675588677788677988699999
111111233334222234256734556744566774586679588979888999
112222311244311244333445636555666758697758997778999888
111122133224135524635524633544667584677788677988999998
111233122223124433144453666455676655777758997888999988
111111222222344444334566335576355576888876889976999977
122233122333124553114555144665744866778866778889799999
112222311242314445314455333555677788666778699788699998
112233112333112234552644556647855647886647889997899977
112222122344111334555334555344677777688897668899668999
111223141123445223445233465553666657868977888977899997
112222111232133333444555464455766665778868777888999999
111222111233442233455553446573466577886777886999886999
112223142233144233154443155666557776857776888896899999
111222113232413332443566445567455667859967889997888977
122222113425113455133445336475666475686977889997888997
112222111223441533444533647553677755668799688799688899
122222111324153344155346553346578846778886779986799996
112223122443124433114533664555666557886777889997889997
122222111112333455336455366445766445768899777899788899
111111222222333455336455736455766444766889788889779999
111123411223442233442563455563557866777866788899789999
122233112233114233144455446657866557886657899777889999
111112122222333445344445336555666758677788677998999988
112223111223441233544663554463755568779668799988779988
122222111233114333554463555466754486777886799986799988
111111222333244335224355444655777665887966887969887999
122223121233111443555443556443576668776988776998799988
112222112323114333554443556644557668997668977778999888
111233122233122334154444655477655577668877688999688999
111122314122334522344555364455366667888677888977999997
111112333122344425344225346775666755667785999788999888
111112133322334422354426554466555666778999778989778889
112222314442311142335446335556778556788966788969778999
111112122222333334553644577664576684577684579888999998
111111223344223334253444256777556677566687588888999999
122223124323114333154444156666755566775888799998779988
111223114253144253647253647253647553677789688889689999
111222111232444332544367543367588667588867558967999997
111222113322143325446335466755466755467777888888999999
112233122233112334155544666544666574888577899977889997
122222113332133344115644555644755666778886777988999998
111122112223442333445553446653666557689977889997888977
123333122233112455112455664455677448677778669888999998
111222331112433322443555444655776658776668779888999998
111122133322133324555524655774668744688794687799688999
112333122243112243515443555544677777668887688999668999
123333124433124444122555162675166675868975888977899997
112222122334113344153344655554665777866679888779889999
111122313122333422534444566674568677568877588997589999
111222111222334444335554355564376668977668997778999888
111122131222333442353444555467556667886997886997889977
112333122233112434152444556664577688579688579698779998
111222111233444223454433655537658587668887966987999977
112222112332113333455555466775446778446778966888999998
111112133342533442563442567742566772567788569888999998
122223112233144443114533664577666557688857988857999997
112333112333112222444555455566476668477768779988999988
111112133322433322445525446555476668776698779998799888
112334512234512234512634516634556784966788977778999988
111112133442333422534442556662566677558887998887999977
111122133142333342554442555542667777666687999887999888
111111222344225344255334657334657788657888667789699999
112222111122333345344445346555666665777789788889789999
112222311122331444333454666457886557886957896957899977
111223122223144443154433556663557766577768997888999988
111223112223142553445553444533666777668887688897999997
111111222333222333455566455566444776487796887799888999
122223114223114433144453677553675558677888678899669999
111111222233224333444443555555666677867779868799888999
112222122333114433144453645555675888677778669788699999
111111233344235344235644225667285677885677885697899999
111222331242331142536447536447566777566887558888999999
112222111233144243554443555633566667888967898977899977
111112314422333422344452365555766665776888799988779998
111112132222334442333444555555666677866777888887999999
122222111132133333444566447566487556887756877959889999
111112344122334222534677534667534667558967588997888999
122222133324133354115554155444677889667889677889667999
111122113342533442534422534666577666557777899999888889
122223124333124355114355614445667775666788999788999788
112233112233411233444255466555467758669778699788999788
122223122433114433511443556647855677856697889697889997
111122113322444332455532445636755666788886778989779999
111122314425314425344225333655666657888677888997999977
112222312244311144335544335566778556788886777896999996
111112132222333442334444555556777856977886979866999886
111112132222334442355444335555666788677778667888999999
112222112233114553644753664753644753677758699998998888
112333112223412253415553444455666778699778669788999788
111122113322433332445562455566475668477868779888799999
122233122433112443144453166555666755869777889997888997
112223114423114423544623556663557663587777888979889999
112233112333112443522444566477567777566888568889599999
111123122223124433566433566477564487569987599987598887
112222133342133342114444555666576686579888579998777998
111122113222333342535544555446777746788886788666999999
111223111233422253455553444453677888677899677899666899
122233114233144223154463154667556677855677888997889999
111122333112344442345422355666555666777777888899889999
111222311244331244333254666654675555678888977778999998
111222311222314444354664355667356677358887958987999987
112233112223114423566433566477568447568777598888599999
111112333122443522433525444555677777678889688899666999
111122131422335422335467355467554467888967898967899967
122233112223144443114543555563578866778886799986779996
111123114223444233445236755236785556788886777866999999
111223114233144233544223545666555776888766889777899999
122223144223144443111333566677555667558867999877999888
111111222222344455346655344655377668397768397788999988
111222331122331442334445664555666655777888779898799998
112222133342113442153344556784956788956778956678999678
111122133322134422533466554446577766578769578899888999
122222111233441553641553644553664773668777888979889999
111111222223444423453333456677555667856677889979888999
122223111233441233441536455576489576889576889776899976
111222113224153324553334566664556764877794878799888999
111122311224333524365524365544666547867777888887999999
111222312244312544315554336574836577886667899697889997
122222111123144333544633544666577886577786599788599998
111122311425344425344625336625736665788995778999778889
112222112233133334155444675544675588677778669888699999
111222133322113324553444556447556677666877888879899999
111233122233124243144443555666755866775886777988999998
111223122233142333144444556777556767586667588899889999
112333122334122234115444555647566667586977888977889999
122233124233124443115443615577688577685577688899669999
111111223333222243566643567444567894567899577889578899
111222311222331444355544356664355666777778799988999888
111112133332334552444552466652466652788999778889777899
111112312222344255334555334445667788677788669798699998
111222133422113442333445677475687775688885689995669995
111112333312433522444522644577665557688777689999688899
122222113324511334551334566444556777886697886997889997
112333112443152243155243556244566677866777888997889999
112222112233113334553444566477586477586667588997889999
111223142223145523145533647553647888647998667988677999
111122133122433332444552464555766685767688777888999999
111223111223444253464253764653766653778855788999788999
111112134442533342533442556772566782567788667998999988
112222311452316452316455366455376488376498777998799988
111122133322133322444455464555667775677888667988999998
112233112333122344125664755664755564777864979888999988
111222341112344522334555334655774688977668977668999988
111222111322444332454333455567858567888667986677999997
112223111223415523455533445663744866777866798888799999
111222133242113244533644536674556677586779588799888999
111222311422331424333444566667566887558887599987599977
111222133242113342555344556364576664877699887779888999
111112333122332224356664556664555774887774888974899999
122222113332415533411553446655466677488687998887999977
112222111132443332443355644555677775667878966888999998
111122313122333224535644555664785664788864777889799999
111122131222334425366445336445766655777758799988999888
111112313222333242344444566666577768557888557788999999
122223111123145523444533466553466657888677899777889999
111112331322433322445562455566457668497678997778999888
112333112333142222145555644455666477688879687779889999
122234115234115234155234657734657734666778968888999998
111223122223113333445566445556745886749986779986779988
111122334112334442533462555462785566788886779986779999
111111222223445233455333465577466577468887668887999999
122222112333113345613445666455664455777788779988999988
111222113222133334566634556784566784597784597784999988
123344123334122234125644115666755686759888759998777998
123333122334122254111554666654776554776884977888999998
112222111132444332454333554667566677586777588888999999
111112133332444332455552465522467888667899667889777999
111122113332444322445332455555677788667788699798669998
111112133222433252433555444455677777668887668999688999
112223142333142235144435167455667558667888677798999998
122223144223144443111553555533667888677888677999667999
122222112333144533114536444556775586788886789996779996
111122112223444253455553456663477763888763887769899999
112223142223144433115443555563578866777866778886999999
112222111122333444333444556666566788577778557988999998
111222331112333422344445666645777685797685798885999985
111111222234223334563444563774566678567778559988999988
123333122433124455126445126645166775886775889779889999
111223122223114443554673544673556673856677889997888999
111223411233412253446253466553465577668997888977889997
111233411223441223445233455677558677588667889667899999
112222122333113334154444555546577666776689788889789999
111222311442331422533444536777566667558677858999888999
122222132444133445113645133665766685779985779885799988
111112133322333442555422555444666777866797886799888999
112344122344122344112333555667855677885667889697899997
122233142233142335144455146775186755886799866779886999
112222111322413333455536444566477556887776887996889999
111222113224133254333554677554667544667788967988999988
112222112233144333144553645557645877688897689897669997
111123414123444223542233566673556877566877599887999988
111233112223412553442553644553674888677898677798669999
122234122334123334155544156647155687966687999887998877
123333124435122435112445162645766655768888778989779999
111111233334225334255644225647855647886677889677899999
122233112233112443514463554466555666788899778889777999
122223111233141235444335644775667755687759688899688999
111222331122333124534444564777566677566887599888599998
111112334412333422534462554662555666777788977988999988
111112312222333425334465744465788665788665788995779999
111123144423144223542233555663557666877699887799888799
111222311222313444333544655574655777666877996888999988
122233122333112453114455644555664777667778699988999888
112233122334125334125554166554666644788899777899778899
112333122243152443152643156644555677886677888977899999
111222311244312254355554336564366664789999788889777789
111223111233422233445553644457666557686777888979889999
112223122433124435144335146775666775667755888888999999
112222112234513334513344555644566667888677889977899997
112222122334113334516634577644557664577868597888999998
122222133342133444113445615555665777688887689977689999
122222111123441333444353466557866657886557888777999999
112233112223114423556433566477566487556487999987998887
122223142233144443145533115677555667888867889967999967
111112344412343442333222566677568697568997588997558897
111111222333442223445663445563755666758889788899777999
112222311452311452333455366457666457886477888877999999
111222131222331445334445364555666757668777998887999988
112222111122333444335444355666775688775668775998999988
122223124443124443115533615537665877965887966887999987
122233122333112443511444566664566777555887998887999987
122222111132413333455553455677446677846997886697888999
112222111132444432544333555536788566788866778996779999
111223441223441223541333546777556667856697858997888999
111222113242513244553346555346777346887796888796899996
112333112223411233455266455667445667845997889977888997
122222133324115334115534667554667754867774868999888999
111112344512344522344522336555376668776688977788999998
111112133422333452634452644552666557688887998877999977
111122113222333425334455444655777665786699786899788899
111222113244133224333544677554667755677858668888999999
111233441223441223451233455678556678566778967788999998
111222133222134444133354677554677755678959668999688889
112233111233441223455523446557466657867777869999888899
123333124443122243115244155555666677688779687799888999
111111222333242533244536445556477756877966879996888899
122223142233144443114553167553667855667888967778999998
111112333122343522344526745556748596748896788996778996
111111222334222354633354667754667554867594877999888899
112222112342133344135344665748655788655778697798699998
111112333312334422444452666552675558677778678888999999
122222133332113344154444156777556787566687569888999998
111111223333244335224445266455766655768999778899778889
111223411233441233544236554266556667858977888997899977
111223122223114553644533644553647588677778669978999988
122223112233111333444445647755677775668855698888699999
111112312222333245633445644455667755687779688799888999
111123142223144423445623555633575688776688779688799999
112223122323145333145666145666445777845779885979888999
122222111233144435143335446555666757687777689999888899
111222133322143325143665446675486675487775888875999999
111122311222333442335446555546577746889776889976889996
111122333112333222444555464575664577688887698897699997
112222112332133334156644555664575664877774879999888899
111122133222133442334445667845677885677885667855999999
122222133324133344111444555567888567889567899667999677
122222133324113344511344556664555667899697889997888777
122233124233124533114555144465666665788888777789799999
112223122433112433514443556647556887566877968887999997
112222311112344442344566335556375586977786997786999888
112333122334122344125444165555766858766888776899779999
123334123344122345122645177645177655778665888869899999
122223112233114433144553445556778656778666788889799999
111111233334235534222544255544666788677778679988699998
122333122223144433144455115555677778677888666889699999
111222111222334444344555333556777566778966788996888999
111223144223144423145623555633577668577768999768999888
122333122343122443155544156554166778666778997788999988
111222113322133342555344665544666574689977888977889997
112222112234115534555534663334677774667884967988999988
111111222333244435244335246675666675877775888885999999
111233441223441223441253655553665788677788697798699998
112233111234551234566234567234567744566777889999888899
122233112233114243154443655748657788657788659798669999
111122331122333322444445666645677755678885977985999988
111122122223133333444455466455666657899957898997888777
111123411223422233444335455555666788667788969778999978
111223111223455523455523446633744666778689788889779999
111222311442314442335462335566788556778856788996779999
111112331422344442335642355662557766577786997888999988
112222112333112344555334655444675888678898677999667799
112222133332134442134544155566755866778869788869779999
111222111232444332445336455536556666778888779998779998
122233114223144233114443555567558867888867996667999977
111122311224333244563247563447566677568877599888599998
112233111233412223445553466555446667888867898777999997
111122314222314425333455634455667785677788667988999998
122222112334133334115544555544666678677778697888999998
122222133324113334114444555667588667558667988877999997
122222112333111344553344556664756664758999778999778888
122233112233114233144555644557648857666887968877999997
111233141223144223444523555563578866778996788996778996
112222133332144332114456744556778566788556798886799999
111222331222331145344445364555667758677998679988679988
111222311442315422355446355746357786377786999986998886
111111222233244253444553455533666677888677889697899997
111122113442333442334422555555667778699778669978699888
122222113332144333114566774586744586755586798886799999
122222133244133334111544665554665577668887999887999877
111122333112343442344422566677566677555877588888999999
112233412223411253441553465573466578966778969788999788
122333122443112433112444566666567777557788588889599999
111112333212343222345555446655477666477868778888999999
112333122233114223144445666455666555777777888899889999
111222113322414332444433555566758886758886777996799996
111222113322133324553664557664577664578884977984999988
111122133122333342554442554666574766577786999788999888
111222314442311452367452367458367558367588667798999998
111122131222334442534446536666536788577778557888999999
112222113322133344153644557644557688957668997768999788
111223122223144433145433555466755666777868798888799999
122222133324133554113554166544666547687777889997888999
111122333112453332455522446557846677846697888697899997
112223144223144423154333156777556678556678999678999888
112233112233114223444563447566887556877756888756999999
111223122223114553644553664553664473868777888897999997
111112314422344442355562335562737566777786999986998888
122223122333144353144455145556177776878976888966899996
111111222233245336245336745556748856744886779886799999
112222133442113342133444555677556667586697888897899997
111222112232143335643435644455677785677985697988699988
111222133242113442333444556667566777556877598888999998
111122112222333344534444536677566667588887589897599997
111111222333422533425553445566446666777777899999888889
112233142223144233154436154776555766587776888886999999
112222113332411332444355664555674858677888677899679999
112222113442133342153444553666555676888876989877999977
112222133342133342155544156554666774667777889999888899
122223114233144233145536144566775556788866799888779999
111222311122333342553446554446577866578866778889799999
111122113322433332444452465555665777866697888997889997
112222111232144333554336554666754466758889778889779999
112333122233122435114445644555667758677788667998999988
111233122234125334125344555544666778667778967888999998
111233142223142333142556744556774556788666778999888999
111233111233442223444253466555666758699758997778997888
112222113332114332444535644555666758996788996778997788
111112132222334442533444563777566778566788569988599998
112223112333412536412536447566477568475568977888999998
122222113323111333445555455666447688477668779988799998
111222112223414433444335666635766855778885777885999999
112333122223144243114443556777586667586677589999588899
111122331122333322455555446567466667488977488977889999
111122311322333322444445666455766685778885777885999999
112222111322414333444433555555677777678888666698999998
111111234444233445233555236577286567286667888977899999
111112333212334222344555446575466577666887888877999999
111122311222334425344445335555677778667878666888999999
111122134442133442533462537862577866578869578869579999
112333112233144235164255664255764885764888769998777999
111222133442133442133442556666566788577788579988579999
112233111233441233544226554776554776588766888796899999
111122133224133244533246577446557766577869588869889999
111122113332433532445522644577664557866677899997888899
111112133332445532466532446522466557868777888997899997
111122131222333244335444655574685577688887668997699997
111223122223144433154433654577655578667778669888999998
111111223333222443552643556644566774586877888897999997
111222131442134442334562355566357776859776889976888999
112333112433112443222544655574665578677778699988699988
111112122222333344353664556644555664777778997888999988
112222113224133344155344555346578886778886777996999966
122222123444133344133554116557666557688777688997889999
112222311112334452334456734556774856778856788896999996
122223124233154433154463155466155667889967888977899977
111111223334233544263554267554267754666777888999888999
122222133332113435614445614475667775687975689995888899
111222331122344125345555344665347766887769877969888999
122233122433124443114543615555666757668777998887999988
122222123333111343551444555664785864788866789996777999
111111223334523344522364526664555664778888779998779998
111122333112443332444552664552667758677858677888999999
111223441223411223456663456663457773558777588899889999
122222133442133444153364156666155567885777889779889999
112333122333122244154444155555666677686777888997889999
111222341122344125344455336655377665887699887699887799
122233122233144563145563145766145766845777889997888999
112333112323412223415666445666475555477778979988999888
111112133322433322445662745666745556748859778899788999
111112334412344222344255336665777655777665888888999999
122222133332134356144556145566147576847776888799889999
111122112222334455333445663455667485677889678899778999
111111223444233334225354255554666667886777889797889999
111122132222134455333445663475866475866975888977899997
112222312444312455311455333455677788666788699778699998
112222122333111343444443555555667777666887996887999988
111222133244113224333544655554657777667887966888999998
122223144223114443115543666573665573685777888897899999
111122133122333422355444657774655574668877699888699998
111122314222314425364455366455366657377777888999888999
111111233334233444225554266654276658777658798888799999
111122311222333332444555466665477765477765888888999999
122222111123133333455556444456784856788896779896779996
122222111324151334555534657734666734686774888879899999
111233112223122443566433564447566687558887588777999999
122333123334122244115444155666785566785996788899777899
111111233333234555244555264477268477268877668999688999
111112122222333444553444553666573666577888779998799988
122333122343112243114445677745667555667785699988999888
112333112233112223455556444756487756488776888976999996
122223122443114433144335165555666665778888779898779999
111222111324333324355624556644576664577788779888999998
111112314442334522344552365552367777666778699998998888
111112331222333242356444556464556667589997889997888777
111222111233444233544233546677556777566687599988999888
122222133342113344511344555546775886777886979886999966
112333112223112243556443566744556774586777886999888999
122333122233112443114455664455677558677788679988699998
111122333122333142555442555446778466778966788996788999
111222314422315442315446355776335576888876988976999976
112222113244133244135664335564755666758899788889777999
112222111232441333443355644755667755677888679998699988
111111222223423333444435666455667775688775888975899999
111222311122333342553444556664556664788899788899777799
111111222333244443224433566677566678597778599888559998
112333112243112443522543555544666777866677888897899999
122233122433124433144555146555166777666877888887999999
112222111132433332455536477556447756487766888969889999
111122133142335442355422355446775666778866779888999998
112222111132433332445536455566445667888677988877999997
111222131242133342335644555644577666577786978888999998
122223112333142355144355144455666788966788969788999777
111111222223244443555443565533766638777688797688999998
111222311422314442355544333555677777687999688899666889
122333122334112434112444555555666778696778699778999888
111112312222344442333344555555666666777788779888999998
122333122223111143556443566644576648579988579988777998
122222133442135544135546135546137866977886977786999988
112233112223142443144433555556756666777688798888799999
122333112223112453144453647455677785697785699988669988
112333122334122234115444665547655877659887669987999887
111112132222333332455555444665748666748996788899777899
111111223344233444223354266555766665778885778889799999
111112313322333442444422556677855667885677885697899999
111111234444233544235566235556237776277876888896899999
111111222233223334555634566664567844577884977788999998
111222311242331442533444536777566677588667589999588899
112233142223142333144445166665766555778885777888999999
111111222333442353422553444555666677866997889997888977
111223112223144423554433554637556677886997866977888999
111111223345233445234465234665276665777775899999888889
111222331244331224531444536667556887596687599887999877
122233122333112344155554166554666744677778999788999888
122222123444113445613455613335666775688875999877999887
111122333112344422345442355566785596789996788896777896
112222111223413333444553645557645877698887699987669987
122333112334122344152644156664555667587777888979889999
111112133422333442344422555666755668759868779888779999
122222112344113334133444555677566667558867888997899997
122222112334511344513334555644577666778668798888799999
111123145223145223445263445563777563879966877996888899
122222123334133444135464115567555667888667888997999977
111223112223142333444443555666785566785896788899777999
111122311222333244553344556644556777666777888889899999
111122113332444332544432555552677777666789688889689999
111112133332444332445522466552768855766899776899778899
111112133332332222455556455666444766848777888877999999
112222132425134465134665134465733665788885779988779999
112333112333412555412565422665446677486777888879899999
122222111112333333444445465555665777668777968888999998
122222111112334444536644536666533778577778599998599888
122333122334122534166544176544176588776558776998999988
111122122223144443445533666553667553687777889979888999
111222113222133334555534564444567777866797886699888999
112222132244133345163445163455667558677788677988999998
111122113222333342553444555464577866777886799886999986
111112133222433332444452645557666557688877689977889999
111112333412344422355426355426556666778899788889777999
122333122233124443114455166455667775668875888977899999
112223142253142553145563145663744663788699778899778899
122222111112333333455556444566744586777786799886999988
111122331122333322444445455555677788677788669998669998
111111233344233444235546225566255666788899777899778899
111111222233424233444453655553666757866777889997888999
112222113332113432544436547466577766588776558999888999
111111222233223333444445465555766885776988766988779999
122233112223114433514443556647856777856677856999888999
111112133222433252433556444556748566778866778999788999
112223122443112443155443655553677773668879688879689999
111223122243152443154443655553667883667788697778999998
111222132242133444133354666554766555768889778889779999
112222112234115334665334665344655748657788777888999999
111233412233411223444423566666567888557898577798579999
111222111222333344553344555564666664777888997778999988
111222131224331244355444356666356777556877998887999988
111112333122443322455352445556477776899776899996888866
111122132222133444553647553647583647586667988887999997
122222123333114443114543555546757766777666889999888899
112222132424133444113345677355677785667985669985999888
111222113222143333444453666455776655786959788999778889
111111222234253334255534556634766644778699778889788999
111112312222334442335444355555666667886977889997889977
122223124333124433111445677545677555677888666998999988
112233112333122243154444554666756688759688759998777998
111123411223444223445263555663575683776689788889779999
122222113324133334155554156574666674886974888977899997
111222331122333142536744566774568744568799568799588899
111112333412334422534226574476577776588966558969888999
122333123343122244115644155674555677866697899997888897
112222112324155334153344556347566847966877996887999887
111222133332134342144442556667556677558677888879899999
123333123443122244125664155564157566887769887779889999
111122133322134322444355644755667775666775888899889999
112223112233142533144535446555466666788889778899777999
122333122443112243511443567477567778566888566988599999
111233411233441233546222546777546677556678958888999998
122233122334125534155634156664156764888774898777899999
111112333212343222344455645557648957688977668977688999
122223122333114343114444556666555566777778979988999888
111222131222133333444445666455666555777888777898999998
122222112333111344553344566664556674588777888877999999
112333112343112344562244566247566677558877588887999999
111234122234123334123444555677585667586677888679899999
111111222223444423456663456663555773589973889977888997
112222134422135444135456135556337766888769877769889999
122223111423114423554433555436566666777777888889899999
122233123333124444125445115555666667688877889997899977
111122131422334452344452366555366757869777869997888899
112333112333112244522446555446575766777786999986998888
122333142333142255142555144656147666887769887999887799
111112334142344442356662357622357668957778955788999988
111223411223441223444533655537665577866777868999888999
111112133322333422444452465555665777688897689997688997
111233141233441253442253642758677758667558667998999988
111222131422331442533344555664577668576688778889799999
111111222234523334525344555344666678966778977788999988
122223112233111433554443555446775666777886979986999888
111222131122433352443355465557466887468877966887999997
112222312244311144333344556666557786557886777988999998
111222331112344552344552344655377668976668977788999988
111223122223114533444553465553467777666879688879889999
112223112243112443564433566473566877568877588879599999
111111233345263345266345266445226455777788799788999988
111222113322414332444335645555677758699788699778669988
111112132222333324355444554467855667899667889677889997
112222111122333344354444356667555567888867899967899977
122222111233411335443355446775466875966875969877999888
111112331452344452344552336552666662778999778989778889
111111222223244433546463546663555763577788979788999988
111222131224133524335544355544667788677788679889669999
111122331122334422335444665554677758667758967888999998
123333122334122444125544115555677788677998667988669998
122222113244113344513664553364755866775869788899778999
111122314222314425344655346675338675998675998677998887
111222312242314444315664335666375556775888799988779998
111111223334523334522244566644557666577888779988799998
122222112333114433155443655447665587688887689997699977
111112333122343422344442567788566788567788566799559999
111233144223114223554423554663755666777786788888999999
111112313222333242535544555664776664777764888899889999
111122113222333442335444665554666557886977899997888977
122234123334122534155534167544167588667798677998699988
122222111132144433445433555663556667888967889977899977
122234122234113334115534655574666574866777889997888999
122222123334113334115444555554677777688799668999668889
111223144233142233144253647755677775668885698885699999
111111222222333333445555444465777765787966889966888999
112222133332113342144444566677556667855577888887999999
112222112332133334155444555674566674869977868997888997
112223112333142335142555644575664478677778669998999888
111112333122443352466352466552466557488877889997899977
122222111123415553444533645537646737666777899999888889
111112122222334445366645336645736845777855977888999998
111222111222334445334655344655377665877699877699888899
112223412233411233441563445566555666778888779988779999
123333123344122254162554165574166574668777888997889999
111122122223144333444453655553678859677899667889677899
111122133425134425633425663425667455677778999978998888
111112122222333455333445664445677755667778699988999888
122223123333124453114455164455766665767888777998999988
111111222233244335246335446655746685777685788889799999
111122112222344444355564357566357666337778997888999988
111112133422553442533442536472556777866677888699889999
111111223444223444523666523376558376588776589779889999
112222112324513334516344566347568847568887568777999999
111112331222333242534444554677855667885667889967899997
111222112223144533445553465533466667888767898777899999
112233112333412553412566442576445576889976888976899977
111122113224333324536724566774566784596784599788599988
111222112223143333445536455556477776477886998886999986
111222113242133342536447536447566677588677589999588899
111122311222344425364445366655367658377758977988999988
111222131242133342335446555546778546788886777896999996
111112333312444332455522456662455666777788999778999888
122233112233112334516744566774566784567784559988999988
122222133324111344551344555364576666777886799888799998
112222312442314445311455333555666778696788996788999778
112333112443112433552466552446572766577776888899889999
111111233333244443224455226655666775886775888977899999
122334122534122534111534655534677774667878669888999998
111222133244153224153334655554667884677788679998679998
112222122333111334566344566664555744858777888779899999
122222113244513444513334513666557786577886779986999988
111223441233441233441235666255676675877775888885999999
112222132444132444133355163555666657888677888977999997
122333122343112243156444156647556667855997888977889997
122222111123144433445553455633757688777668796688999998
122222111112345555344445336645736668736998799988777988
111233114223514623544623547623547666577899577899888899
111222112232413333455536444556774856788886799896779996
122233122433112433155446155446775866775866798888799999
111111223444223434253334256666755566758999778889778899
111122131222333332444444566777566787566887588899559999
111222133324133224135554665774655774668974688979888999
111222112223413333444356455556478856778996778996788996
112333122223145233145555144456748866778866788996779999
122234122334123334115544617554667758677758669988999988
112222112233144443145633545637555667888867999867999877
122333122344125334125544115564785669788669788869777999
112222311112333442334444556677566887566877588879599999
122333122223111143556643756644755644775688779888999998
122333112234122334155444155674856677856779886979886999
111112134222334442333442566777566667588897588897559999
111223441223411223456663455663457763557788999788999788
111122311222334255344555344465366667886977889997889977
111123122223124553444453666453666553777888977788999998
112233411253412253416253446553476658779668779988799988
112222122333114335164435766455764455766888788899779999
111122313142333442355422665447665587665887999877999887
122233121223111433444453674558677558667758697998699988
122223142423144433145553115653777656788666788999788999
122233122233111133445555455666444677886677888779899999
122223122333144433115444155555666667899967899977888877
111122311222333342344445667745677755667558699988999888
111233112233122233456777456678455678445678495688999998
122222123334133534115554165574666674888674888977999997
111111233334225334225544265544765888766698779698779998
111223412233411223455563475563477566478896778996888999
111123141223444423564223566773568873568877568897599999
112222113442133442134456733556788556778856977886999996
111222113342133342535442555446566666778888777889799999
122222111332141355644355643355644777668779688979888999
112222112332113333444456455556475776877796888996889996
112222113332143352144355444555667777668887688897699999
122222123444113444113555333655776665776888796988799998
111233144233142223144523664555666557867777888887999999
112223112223114433544433546667558667958867959877999887
122222113324133444135466135466775568775568799988799988
122223122333111443144453664555678885677885677989679999
122233124223114333144455145555677788677889678899666999
111222312224311554355554336664737664777764888889899999
111111223333223443524444526666557668557888777889799999
111111222223243333444453677455667775688795668995888999
111112133222334422335444655554667589677889677899678899
111233412223412533412553444657666657688857889877999997
112222314252314455311455334465738866777886997786999986
122222111324153334155334556644576648977668977788999988
112222133442113442513446553366577886577886577886999999
122223111233144233144443555566758869758669778699778899
111112133332433522445552446552746666778969788999778889
112223112423112443554463576463576663578999578999778888
111111222233244435244435666335666555788899788899777799
112233122223114443155443665543655778697788699778699988
112222112333142335144535644555647778677788669988699998
111222113332413332455562455666445667488777889797889999
111112331442333442534462555762855762877766887996889999
111112334122334526334526444526755566788886789989777999
122222134442135544135554133566137666887776889977889999
111111233444223444253677253667253667558677588999888999
122334122334152234156634157664157764558769888779889999
111112133342334442534422567727566777566888569988599998
111111222234523334526344566374586674586777589979888999
111223111233444223454423655573658777658997688997668899
111111222222344444355546355566333776777766888899889999
122233123334122344155444115555666777666778999978998888
122344122334123344125346115666555667885777888877999999
122233121234111234555534656534666644788888777778999999
111233111233444233455222455556477786977886978886999966
122222111132414333444533664577655557666877999887999888
111122314222314442333344555555667777667888697898699998
111112134422333422533442555546756666789996788899777889
112222311112333342553444567774566774586679586999888899
122223122333111334155554666574686574688974888974999977
111222133222113344533664556644556674588779887799887999
112222122344133334135544165554666758996788996788997778
123333122223111423514466554466574766577778599888999988
111222113422133424533444536667566777567788599888599998
112234122234115234155634756634756634756899778889788999
111222131242331542633547635547665447685887688877999999
112233122233112334515544555664778864788864779866799999
112333112233144223144255664457668557688597689997889977
111111233333222443552246555546777446887766888769899999
122222134442133445133345116655666655777788979788999988
112222311124335124355544356544366777866797886799888999
122222133324135344135564115564775864778866788869799999
111222331142355142335542365744665747866777886999888999
122233122433112433115444665748655788657778659798699998
122333122233112443114455644755667775667885697988999988
122222123333114433144555164775664755667778699888999988
111112331222333322455566475566475866477888447788999999
122233112223111443544433555466775566778866788999788999
111111222233445233445253645553647777688877666888999999
111111222222344555344465333465377765887966877969888999
111122333122334122354444555466557666777886779988999988
122222133332134555134556144656144666777888778889799999
122222111132441333455336455556477666477776888889899999
122233112233114233514444566674555677859667889997888997
111122113442333442335542677542675589677589678889668999
122223112333112443514443555466755666777768799988999888
122223114223114443154433555553667778666778699978999888
111123411223422233444335466755666775868755888779899999
111222133332114332444442556666577686577788579888599999
112334122334125534122534166544766558766888779988779999
112233112333412223415567455567458667448667888997899997
122222111112344555334555334446376666777869778899888999
111222134442134452134552333555666667869977888997889977
112222133244153244153644153667553667588677889997889997
111233111234522234566234556634556644777788788889799999
122233112223144333145555144455666677688887699887999977
122223112233144553146533146555746888746988776998776999
111111222223243333444553644555666675689777889977888999
111222112233412533444553465573465777668797688999688899
112222112332143355143355444665478865778666778889799999
111122133222134424333444555566778596778596778996888996
112222111122344455345555344667333667888967898967899977
111223122233112433544443546667586667588887599877599997
122222111332144335143355446557646857666877998887999987
111112134222334442534462533667555667858697888997899977
112333122233122435114455444555666677866977889977888999
111122331122334552344552346655447668977768997768999888
112222133322144333144455164557666557688977689997888997
112222113324155324153334556644756684776888776889799999
111112344412334222344526335566555666789999788889777789
112233111233412233442555444556788856779886799986779966
111233411223415523444523467523667588677588697798699998
111122133332144432444532555552666778696778697788999988
112223111123444223444533665553667588667588977778999998
112222111232415333455336455666475668477778497988999988
111111223333233455222456774456774456788856788896999996
111122311222333244533444566647556677855677889979888999
111112331222334442344542355555667777677888688899669999
111122311222333342555344555444666677888667898997899977
112222111122333344553444653748655788657778699978669998
112223112333122334155444665447655577668887699887999987
111222113332133422534444554666555666777778999978998888
111122331122333422534446555446785566788669778899778999
111112134422334422334552364555666577686777888887999999
122345122345112345112345667345677345667788697988999988
122223114523114523144553645533646778666788977788999998
111222133342134442133442555666755568777668799998799888
111222131242133442553444533677566667556877999887999888
111222131122334425334455364455667785677988679998679988
111112331222334552334552644755664778694788699778699988
122233123333124444124545115555667777667897668899888999
111123122223123333455556444456778456778966788996788999
112222133324133524163554166574665574867774888799889999
111233112223142233544436557446557786577786999986998886
122222133332144433114555144657888657886657866777999999
111112133442333342555542655442666772686977889977888999
112222133232113334155544554446577776889776889666889999
112223412233412533411553444555667899667889667889777899
111111222223444233454333456666755668759888759998777998
112223144223144253145553145653786663788669778899778999
122233112233114253144653774655744658766658798888799999
111112133332433522446552466752467755467788967888999998
112233114223144223145533644555667578697778697988699988
112222112233144443145643555673566673568777888879899999
111233111233222233455555444465778466788966778996788999
111122113324333224536244566674586774586777589999588899
111122131422333422353466557468577468557468977968999988
111122331222341552344455367455367488667988677988679999
122222133332114435144435164555666665777888788899779999
111111222333233344225664555564778564788964778969788999
111223111233422233444435466555667755688777688997889999
111111223333244443224553264557866657886657888997999977
111111233344233344222554265554765688766698779998779988
112233112223411523455533445566748666748699778889778999
111123144123442223445233555536775886788866799896779996
111122314222314425334555364465366665778888777898799999
111122333112334442344542555552667888677789677889669999
112222111332133332444444555556777756787966888996889996
122223123333124355144555114665744668776688778889799999
122233124433122433115446155546756666758889778889779999
111233114233144235446235466225666555788899778899777899
123333122343125444125644125667155667885967899997888977
111222331112433322435555445656744666788886777889799999
122222111324133334155344555664756684766988779998779988
111111222233224433444433555677585667885677899667889999
111222113442153342555342655344666378699778697778999888
112333122223111243566443556644576684578889577889779999
112333112333142555142225446655744666777688977888999998
111112132222333342555346577446577746588746888996899996
122223124423114333114553644555677775668877688999688999
111111222344233344223354666654766555788859788899777999
122222121333111333444444556667555667885967888997899977
111111233344233344222445255555666777677788688889699999
122233122233114553144553145566447666777688779998999888
122222113342111344533344555546758866778996778996788996
112223112233415233415663455566447566487777888879899999
122233112433112433512444566784567788566788567789599999
112222113442113442553344553666553667889677899977888997
112333112334112434522444552677556667856697889997888997
112222311244311244355554335654736666776888799898779998
111122311222334442334445366675667775689975889975888995
112222122333111343555443655544677849678889677889667999
111122132224133324335544555546788846789866779866779999
111112345512345552344522344626376666378889778889779999
111111222333244533245553245677445667888667899697889997
111122131222333424354444356777556677566678599888999988
111222133332134342144442555666578886577886577786999999
111111223334233534255554226654666774867774888979889999
111222112233415233455533455666444677888667898977899997
112222113232113333444456744856778856788556789956799996
111122311222333442344445365555666775688877699887999987
112233112333122234144444556667855667855677888977899999
111222311224331254335554366554666744687777888897899999
122223112233114433144435646775666785677785988885999995
111122331142344442333422555566578666578886777889799999
111233111223444223544423555673586677588697886697899997
122222111132441333443355644555667885667988677998779998
122223122443111443551543655543666773668977888997889997
122222111112333445363445663455666455778889778889779999
122222123333144353114555144566774568799968779668799888
111122113222433552443355446355466667888867897777899999
122333122334152234156664156444156677557777888889899999
122222112333113343144444566667556677855577888879899999
111111222233455223445553445673488673886677899667899997
111112331422344422344552366655367665877795877999888899
123334125334125364125564122564178564778966788999778899
112222311242331444531446533766577768599768559768999888
112222133332144352114356444756777756887556988886999996
111222131244331224533664536644557668577778599978999888
111222111222333444335466355446775566777586799988999888
111222133332134442134442555667585677586677888679899999
112333122333124444122454166555667558667778999778999888
111222112232415333445533446555466666778999778899778889
112223122333112433155444554466557768777668979968999888
111233141223144233554223554466756666758888777988799999
111111222333422333425666445556445566778888788999777999
122333122233124443155444155567158867988867989667999677
112222111332133332456677455677445667445567888899889999
111112133322334325444225466655467755668777888897899999
122222111132144433445436555336557776877796888996889996
123333122223111423155444675548675548677788667988699999
111122133122443332544632544666555768599768999788977788
111122314122344422333445366665776685778885798855799999
111222131242133244335664535664555664777778999978998888
112222311142333142335444655477658877658887659897669999
111222113332143332444442566666555677855777899997888899
111222331222311455333465444465776665788965778999788899
112222122334115344155344665334655788666778999788999778
122222113233143335144445146655776665786885788899779999
111112333312453322455662455762457766447886977988999988
112222113224113444333344555666577776578886579986999988
112222111322413355443555443365746668776968777988999988
111123112223455233455233455677486667488867489867999997
122223112323145333145566145556444766877769888779889999
123333122344112344112544662555666655778888778989779999
111122132222133344335444665574685579685779688779688999
112233112333112234555244556444756688776668777998999988
112233122433112433152444655554666657888677888977999997
111112133222332244355544366544665577688777688799889999
122223111123414523444533645553666577668997888977889997
122333122233145236145566145666145777445788999788999788
111122314122354442354662354666355768357788777998999988
111122131324333324567224567744567894567899567899568889
112233112223114253444553644573665578699978697778699888
123334122334122234115544155664556666778999778899778889
111122311422344452344552333555667777668877668888999999
111222112223143333544443546666557686577988579988779998
123333122233122444114445155555667777667887668888999999
123345122345123345122345166645167745667778997888999988
111111222223444253466653477653476653778553788888999999
122223122333113344115444555466756666758888777988799999
111111223333224433254444256666555768577768979788999988
