122223112333112334154444555546577886779986799886799866
112333122334112234152544655547688547668777668887999999
111111222344222345333345666445676775677755889999888899
111222112233142453644453674853678853678859677859679999
112222111223133333455555444456778486788886799666779999
112222111232413333444553644555666758667778997788999988
111112341222344442345552335566377586997886997886997786
111223411123445223445523455563777663766688799988799988
122223122333114355614357614457668457668457888877999999
112222111232414333444355646375666675888775898775899999
112222113322113334553444566477556477856779866999888899
111122122223144433544433566663555766885777888997899997
111233142253142253144253644653666655778889778999778899
111112331222333224355544555647886647899647889667899977
112222113322411333455553444455667777667788669988999988
122222111324113334566334556664555644788888787999777999
112222113322113333444556445556745666778886777988999998
122334112334122334112544555546756666777786799888999988
112222113322113333455667456667456777455879488889489999
111222111222334444355564375564375666377868779888999998
112222311112334452334455344555666777667788697888999998
111122112223455233455533456637444677866677889997888999
111122311222333425344445364555667775867779866999888899
111233111223442223455553456573446677886667888977899999
111223411233414233444223555666555666778889788899777999
111111222334233344223544555546788596778996788966778996
111122333112333422554462554467554667889667889997889977
112233111233144223554263574466577466557786997888999988
122222134442133544133546113556778856798856799886779996
111111222222334444333345666645676885777885778895999995
122222111342511344563334566634566774588877588877999999
122344122334122344115334615555667758966788996788999778
112222133332113342154444555664575688777688776688999999
111222133442113422533444536666555667885997889997889777
111223411223441223444553665553766653778699788999778889
112333112334122534125554625754677744678799688889668999
112233122333122344115444555546758666778896778996788999
111112333312432222435666445666445778555778997788999988
111111223333224435622435666455664457888857899877999977
112222122333113343155544655544666647688777888877999999
111122133122334422334556744586745586777586979986999886
122222111323141333444453466557665557688997688977889997
111111223333222344552364555564777664877664878999888999
111122113322433322444355445556788856789866789966777999
111112133222333342555542655444677488679998677998667988
112233112334122534125534555444666677888677889677899999
112222112234511534555534666734677734678834679888999998
122223112423114443155643555643566673886777899977888999
111233112233144233445226445566778556788566788899779999
111111222222333344553344555644757666777786999986998888
112222312442311445331455637455637775677888699998669988
111111223444223334223344555555666678677778699978999888
111111234444234555234565233665223666777888797888799999
111122112223442553445533445536778836778886798666799999
122222113332144355114355444365776665786689788889779999
111111223333422335422665476665478655478885477788999999
111112344412333442553422553662557768977668977688999988
111112333122433322444442556666555766857777888979889999
111222112223144443555443565663566633778889778899778999
111111222222344455334555334566734896777896788896789996
111122133322143332544442566647556677588677589979888999
112233122233124443114453677455667775666785999985998888
122222113332413335416655416665447685477885779988799998
111222111332333322455555445677844667884677899667889999
122344112344112344122333566666577776555877598888999998
112233122233114233154446755446755866758886788996779999
112222311224331554331564375564775664778664878999888999
112333122243112243516443566647586647588877558897999997
111222113242133442333445677745677755666885699985999888
112222133322133344155444155554677778679798699998666888
112222134522134555134445133645737666777686799988999888
122233112433112433512444555546758866788886777796999996
111222341112344442335462735666735686775888755998799998
112333412333412255416225416665446655788888779989777999
111123112223445523644523644553677753677889678899688999
122222123444133344135554136577166557666887999877999888
112223112233114233554436544666547667587777589999888899
112333122223124533144566144566747586777586997588999988
122233112233112334156444556647556647586887988877999997
112233112234112234555334566644566774586777888997889999
112223112233114253664453666453764458777958779958999888
111112134422334442334522355555667778669778669978999888
111222111322444325664335644335677775667875888895899999
122233122333124434111444555556756666776899777899888899
122222111123413333444435646555666657888957899977889977
112233122234112334516634566664577784579784559788999988
112222111322441333444533646555666557689977888997889977
112222311122334155364445364455367775668779868979888999
112222111123444423454633556633756688756889758899777999
111122333112333422444452647755677758667558669888999998
112233122233124533114555644557664877664877688887999999
122233121223111443555433554446758996778896778996788966
111112133222333322444455466665476855776885779988799998
112222311112333332444455446657886557886657899677899997
111222113242153342555344653344656778666778999778999888
111123141223445223445523645733655777688877669888699999
111122333122333142555442654447655777688779688899668999
112222113224113334553364555664566644788889777889779999
112222111223143333444355465555466788667778699778999988
111222131224331424335444355555678888677778669978669999
122233112333122344156664155644555664777778997888999988
112223144223154233154443155663557766877796887996888999
122222133332114433114444556667556667558887888997999977
112222311142315542355544335446736666788869778899778999
111123412223412233444435666735866795886795877795889995
111111233344223344253446255566255667888967899997889777
111122313122333342554442654477655577666778996888999988
122222111123144453446653466553665573888773889777899999
111222112223413333455536444576485576888876999876999776
111222131222133334534444555664557766877796879996888899
111112334122344422334452355555667777688877688999668999
112333112333412222415555445665476666477888777898999998
112222312244311144335554355664356677888677889697899997
122334112334112234152634556664566774587777588899889999
122222123444113554133544133556778856777866978886999996
111222133324153224153344556644577668577668779888999998
122222133332133445144445115555666666777888799888779999
111122331122334442334442566777556778566788596988599998
111122113222443255433556433756487756488776889766899999
111112333212333222444445466775666775688795889795889995
111122333112343322445552445655477668776668778888999999
111223411233412233442563477566475556777566888999888999
111222111222333334553444655554666664777889778899788999
112333112334512234512444552664556667889677889777889999
111123112223452233455336445556478866477866777888999999
111112314422334422344552335566775568977768997668999888
112222133224133334114444555556778856779866779886999986
111222131222431566435566435556433776448877888897999997
111111222223442333445533455556477666777766889999888899
112334112334122334152244556774556778566778966988999988
122223111223114433444553664553677558667778969788999988
111122312222314555334445344655366666778888778998779999
111122333112443322455362445566745586777886788896799999
112223112223144333144443555677555677886679886979886999
111111222233442333442535644555667775687779688889689999
112222112233133334154444555664755866788869778969778999
111222122233113333445556455766485766489776489977888999
112223112233112433555434567444567777568878666888999999
122222132445133445134455136775136775666877968888999998
122222133452134455134665134665134765777768978888999998
112223144223114423154463555563577763778666788999888999
111222131244531224536664533664553674588777889797889999
111233144223114223554233554467566667588677889977889999
122333122343112344152444155556777756786666788888999999
112222113332133432144444566777556787956687955688999988
122223122443111433156443756643755668755688777998999988
112223112323112333444455646455666755886777888779899999
122234112234511234513334555544666777668977868997888999
122333124433122443125544115666755568777668779988999988
122222123344111334551364555364577664778866798888799999
111122333112433352455552456662446667849777889997888997
111233122223144523144533446555666657867777888887999999
123333122243122543155546115546777446777866888886999999
122222123344111344153334555554666777668779688799888999
111222112232413335463355466555446667487777888799889999
122222132344133334115564155664556674889677889777889999
122233112223144433145463155467556667586777889997888999
111112331442533342553442655542667892677899677889678899
111122113222333342555344675554677784667784698888699999
112222122333113334155554556444666748967788969778999788
111122311222344442355544333556777566787966887996888999
111122113222333324563664566644577748577748558888999999
122222111332145333145553445657466667488677888997899997
111111233334235344255664225564725864778866799888779999
112222111322144333554433544666557776587976888976889999
112222111223413333455553444655466667889967899977888977
112222111122333334356444556644566778596778599778999888
112222133224113344513364557764577764576668588888999999
111123144123445223455223456673855673866677889997889997
111111222223444233544663546663555563778888778999778999
111222112232413333444443555667555667888677898677899999
112222111122333333444555664457666457868857888997999977
111122314222314442344555336565366665777888777988999998
111111223344223344255344255366775886795886799986779986
111222312242314445314455366555336677886779886779889999
122223122443114433514463516663557688577688577788999999
111223111233442223445663455563455666777888778889799999
112222133332145532145536145566444666778888779898779999
111222131222133344535344555544666788996778996788996778
112222113322133334154444555564578866777886797986999986
122333122334112344112444566666567778577788559888599999
111222311222341555344555334466734666778688778889799999
112233122233124443114563744566755566777586978888999998
122233112333412253416555416655446667488877988877999997
111112133332334552444452667452677852667858677888999999
111122133222133324563444566774556674556778999788999888
112334122344112344122334556666566778599788599788599778
122233111233141223444553455556478886778666788996779999
111112331222333322445555444556478886977786977886999966
112223122333112433154446554466577666557777888889899999
112233122333124355124555144445666666778999778889778899
112222133332113432516444566644567688577888557778999999
111122311422344452334452336555666657886777988887999997
112222112332411333444443566667556767558777588888999999
111223441223441123455523465573865773866779866799888999
111223144233142233142553644557665587668887969887999977
112223111223144423564433567483567889567889567899567799
122333112333112244512444556664576668578888579989777999
112233112433512443512243566644566677588777588799889999
112222112333112343444443567777566678555678959688999988
111233441233441233441222555677566667558677888897899999
111122333112443322455326445566745886775886799886779999
112222113332143552143655443655447668777768979968999888
122334112344112344122334555556785666788869778869779999
112233142223144253144553146553776658777688796688999998
111222131122433332443555444555677788666778696788999998
122334123334122234111554655544656777666877998887999988
111222314442311422354466356667356887358887559877999997
122344123344123334122554155556166666777888779888799999
111122113222443325644335644355677755677899687899688899
111223111223444423554423555663757663777668799988999888
122223112233144553114553444553666666778999788899777889
112223412223411553415553446533476888776888776999766999
112233411223441223441533466555766885768885768999777999
112222311112333342536444556644556677588677888977899999
112222111232413335444355644355678995678899677889667789
111222112223144433445436555336755766777766888888999999
112233412223412333411556455566445776888776889776899999
111233112233412223444453455555666777866977869997888899
122222111342115344655344665334655377688877688877999999
111111222234223334533644566664567774557888577988999998
112222111132444432455533456673856973856977866997888997
112222133224113344513344566664567767589777589999588889
111112331222332244533444566774556777586667588888999999
122223111223441133444433566666567777577899588889558999
112222111122333344353544555544666677888667988877999997
111123412123442223445333455556775866788886789996779996
111122314442314452334552335552667788667778697998699988
122233112223411133444553467755467785966785966788999988
111222131322133324534444556664756688755688779998779998
111233111223444423545423555623756689776889766899778899
111233144233142233144225647555667785667785967888999998
122223112333112344155344555644756688766998776988779998
111222131322133332445555466657468657468887498987999977
122223144423144423156333156677155667859967858977888999
111222132224133444134455633775677755667885699888699998
111233411233441233442255462555666758667788997778999988
122233112243112443514443566663555566777788977888999998
111233122223112433555443655477685447688997688977668999
111122112223442333443355644555666577686877888877999999
111122112223445253455553444333666677686977889997888997
111112133332444322444322555666555776889976888976899977
111222331122333142534444556664566768577778579888999998
123334122334122234111544555546577776778886988866999996
111222113222133333455556444556784466788886779896779999
111112333312453322455622455666445667489777889977888999
112233122243155243115443555443667778666788996778999988
111122331122433322444355664775684875688875689775699999
122333122433122443114445615555667785677988677998699988
111122311222333244553364566664556744577777899999888889
122223142243144443155533155563176666776888777988999998
111122314122334422344555346655366675889677889997889977
111222131242331244335544635774685777685579688889669999
111222111342333342355542657744655774666677888899889999
123333123344122224111554555544666677688677889779889999
122222123333111143444443567777567788566688556988599999
122222121333111333455555445666444666777888997778999988
111222111322333342344444555556577776878796888996899966
112222112333112333445555444565748866788866779869779999
111222113242153342556344556334576884776888766998779999
112222111232143333445536445566475666775888778898799999
111112331222333425344425446555666675868777888797899999
112222113322411333444435466655666555777888779988799998
111222331422311424333444567777566667558867599888599998
122333122433124443125544115555667777668799688799688899
111223411123444223544233555563775666777668978888999998
122223142233145333145555144656146666777888777888999999
111112122222333444533444553666555677886677888997899997
111222111222333444333445667475687775688875688995699995
111222131322133332455555444445666677688887689877999997
111112331422335422335442665544766558769988769998777988
112233122234111234566634557634577664587994587799888899
122223112233411135444335446665666775887775888975899999
122222111332144433145436745536775666775568799988999888
111111222222333344355344655554666674687777889997888999
111122122223144433545433555436757666777686799888999988
111233112223122333445666745656745556744899788899778899
122233112223411133445553444655777665789966788996788899
111112132222334452364455364475366775886675889977889999
111222111233455236445236745536744536778866778999888999
122223124423144533164553164553166758966778997788999788
112223112323112333444445666645777665778885788855999999
111112312222333442534446534666557776577786599988999888
111122132224132444335554335554677778666778699998699888
111122113332443322444325465555666657869777899997888897
122222111132144433445433555536577666887796887796889999
112222133442133342135446175456775556877996878996888996
111122133332133222445555466675466675488977488977889999
122233122333112435144445145555667777688897688897669999
111123141223444423455523556523666673688877888777999999
112334122334112334512644552664555666777788977988999988
122233144223144233114435167885667855667885677785999999
111233411223415523455523444523677778667878666888999999
111223112223142333444453645557655877666887698887999997
122222112333113344153446555546577746888776889766899999
111112333312433522445562444562775566778866788999788999
112233112223415233415637445667455567488667888897999997
111123142223142523444533466553666577886577899977888999
122334112334112334122554555544666778666778997788999988
111122133122433325436625444665746685799885799985777988
122223122333111143444443555666556677589677889977888999
111112314442344422333322556677566687599687559887999887
112333122344122344152346155546557766777866979888999988
111223412223411233456673455673455677456677899999888889
112333122233124253144556174556774856774886798886999996
111111222222344555334456344556337766777786999986998888
111233411223412223444433555555667888667899677899677899
111112133442333422534422554666577886577866577888999999
111122113324333224355524555444677888667778699788669999
112233112223144253144453647853667855677885697788699999
122223124423114433114433555666577688576689578889779999
111112331222334225344555344455667777677888699998669988
111222113222133334555634556644756644777688798888799999
123333122233112444512664516644566777557778598888999998
112222122344111334555334565534667774687877688889699999
111222133332143322145666445556445766885777889977889999
111111222233444223554443655573666573668877888877999999
112222311122331445634455633445667775668875888977899999
112333122433124443122544166555666675888775888777999999
122334122534125534125334115544677778667998667988699988
122333122234112334156644155674856674855677888997899997
122222113233143335144555144455666667688877888997999977
111111222333423353422555466655478669478689478889777999
111233112233142223544463554466557776857976889976888999
112222111223144443445333555663576666577788999778999888
122222112344133334156344156674556777586677588899889999
111233122223114253664453644553664755688777889997889997
111222113232143332444536447566877566877556887599889999
112334122234122534115534667534667554677788679988999988
122223112423144453145553146553666773686777889997888999
112223111233142233444563744566755566777568979988999888
111222311122334552334566344556744566777768799888999988
111112133222433352434552444556777756888776889966899996
112223112233114233554673584677584677584679584669889999
122223122333111433144455677455677455678889678899668999
112333122333112224155544556564776664788864778999788999
111122333142354142354442355662785566788886777896799999
112222111232144333554436578436578496578896578896779996
111222131242133244333544665554665577688887689877999997
112233122333112243155544556664756664788894778899778999
122233122443124443111543666553776555766889788899778999
112223112233411233444535446555666758966788997788999778
112222311112333452344455344657889657899657889677899667
111222311124333524355524365574667774866794886799888999
112222132442133344133554155564777566788886788966799999
111222311122333324536664556774556674857774889994888999
122333112233412235411555444556748866788866777869799999
111222113242313244333445666645766885777985779985999885
122222113324133334114444566666567777558877588999588999
111223122223114443554333654778654778657798659998669988
111112313222333322445555466557466677486887488877999999
111233144223144223144233555555677778667988667998699988
112222112332114333444435466675667775867755888859899999
111222312244311244335544355566377586779986799886799886
111222112223413333455366445667455677458677888997889999
111233141223441233546223546667546867588877588779599999
111222113224133244553344655374665577866777869999888899
112222111132333332445555444465778665788669778699788999
122223144223144333145553145556177666877966877999888899
122223112233113334516774566674556674588774588994889999
122233122443124433114435167775867755867995866695888999
122333122233124453114455144655777658776668796988999988
111122312224312554333654736654766654777854798888999998
112233112233114223444553647755647775667885688889699999
111233122233114253444253446555666577866997888997889977
122222123333113345116645766445776645788845788995789999
122223142233144533114563174566774556778566788899889999
111222111322433332434555444565778569788669778669788999
111111233444233454223554263577268577668577698888699999
122222111332141433544443566663567778567788599788599998
111222113324133524633524655544657884667988677998779998
111233441233441223451223455556777566788896789996788996
111233411223441233442235466555667755689777689997888899
122344122334122334111534677554667758677558669988999988
111222112233142335444355446375886675866675889777899999
111122113332433222434556444566755566778868779888799999
122333122433125443125546155746158746888776897796899996
111222331224311244333544655547658587668887966987999977
111111222233244443255433655473665777685779688999688899
111222122234113334533664566664555544777888777888999999
112233122233112334155544556644576664778699778899788899
111222133224135244135444335666555677899667899997888877
111222131232133332455556455666446677448887888777999999
111111233344232334222544665554666758697758997788999788
111111222333242333245556744556784456788996788996778996
111222131242331244333445666455766685788885799985777999
111122133342133342554442555542667777667878669888999998
112333122233111243566244556644555664788999788889777799
111222111233442233455536455536478666478886777788999999
122234123234123334111554665544667588667588777889799999
111222133222143555143565443365477766478996778896888999
111112314422354422355442365577365777366667889999888899
111233112233122243555543675444675748677788699888669999
123333122334122554125544165774165774666788699788999988
111233411233441223444223556666566778577788557998999988
111111222222334555344456344756337756887776888966899999
111112313322333224555524677544667548667748697888999998
111123411223444223554423555633566677886997886997889977
112223122233113334155444655544657888667998677988677999
112333122233124235164455164455666457886777888877999999
122333112233122443114456744556777556787566889996888999
111111222333245533244536245576844576888776988776999996
112333122223124433114455667455677455687799687999688889
111111222233244233544443556663576668577988579988779998
122222111332133344155346755446775546777666899999888889
112222111122333344533444555564756666786999788889777899
111122314442314422334526337556877556877566879969888999
111111223333222343552446557446577746578766888896899999
123333122343122544112544615547655877668887669887999997
122223122443114433114433567777566677568899568899558899
111122112222344444334555335566375886977786997786999886
112222113422113444553446553376855376899776889976889976
122222111233143333144455664555674588677778667888999999
112222111322144333444433555666557666577778979988999888
112223122333112443514463544766557776588776588996889999
111122314442315442335462375562377566778566878999888999
112222311124335124335544366544766558796688799998777988
122223123333124443154544155556177666877766879999888899
111233112223412553462553465573466677486779488979888999
122233121233111233444455647555647775688879688979668999
122222113324113344155334555544667777687879688899668999
122222133332144355114355164475664775688877689887699999
111122314142334442335422365555667758667778697988999988
111123441123544223546233546237566677586777588899889999
111111222333224443524433564777566677558667588888999999
111233122233124433124444555556777566778669788699888999
112222122333111443554443657743657788657788659988669999
122222111123413333444355466655477665877695877999888899
123334123234122234155664155664175564778869788889779999
111222112232413335444355464355766665768889778989778999
111222113222133333445555644445677775666677888888999999
111223441233441223541233546666555766857777888799889999
111122113222333442563344566644566777557778599888999988
112222311142314442333344556666566777577788559988999988
111122311422334442355442355667356687956887996877999887
112222112333112334556374556774586774586744886999886999
112233122433112433512444567884567888567778569979566999
111123144123442223544233566637566687588887559987999977
122233111223411523445553644553664788677778697988699998
111122311222333425634445634775664755688775688979889999
111122113222443332455533445567846567896667899997888977
111112133222433552443552443655747666777686799988999888
112333122334122344124445166655768665788885778995779999
111222311222314445344465337665377865777865999865999888
123333122233112244115554665574666574688974889977889997
111111222233243333244445677745678885678885679995669995
112333112334112344222444555666775566777586997888999988
111111222223445233455533456663457688477688777688999999
111222112223144333445353465555466677866997889997888977
111222133332113322444455644555666665788888777998779999
122223122443144433111433556777566777566888568898599999
111122113322443332444352455556777586788886779986999966
111223141223142233444433555566758886758986778996779996
111111223333224443522643557644577666587776588999888999
112222111122334444334554355566356666777788797988999988
122222123334133444113544615555665788677778697988699998
111111234444234554233355263775267775267899668899688899
111111222223442333444533664557665577685777688999888999
122222133442113455113455633445677775678788668889699999
112222111322414333444533664577688557688857669857999997
122222112333411133445535644555674778677788699988669998
112233111223414223444433556667566677588877589997588999
112222122334111354633354666554676544777588779998999888
122222133332113344156664155664557764857994887799888799
111112331222433322444356447856777856978856978856999956
111111222223244433445433555553677788677788666698999998
111222113222133455633455663457666457888477889477899999
111122313122333342554442655744665788665788677788999999
111222133222133444134455637455667758966758969788999788
111112331222344425333425664455666657888957899977889977
111111223444223344233345266555766558776698799998779888
112222122334113344153346755446755666758869788889779999
112223122323114333414556444756777756888756889956899996
122222132334133344114445615555667785677888679898679999
112333112233112243552444556464556666788888777798799999
112222113332133432144444555666775566778569788999788899
122222111332113334555534665544677448677888678899679999
111222133232113332444456447556877596877596887596889996
122222133342135344155346155446157666877776879999888899
123333123443124445122465126665166555778888778899779999
111112312222334452333455644455666665777888778889799999
111111222233242333445563445566747556777886788886999999
111123142123442223455633456637455677885697888697899997
111112333122334442355542657442657889657899667889677899
122233124223144553146553146653146757886777886979889999
112333112223411223445553445657466657896677899997888897
112223122233144433145443155666775688775668775888999999
112333112443112433522444526667586677588677588897599999
122222112334511334513344555647588647886677896697899997
111223112223412533444553664553764859766899776899778889
122223111423114423444553555533666788677788677988699999
122222133332134435144455114555667888667778966778999998
112222111322441333445633455666457768559768999788997788
112333112234112234552634556644755664777768997888999988
111122113332433522435526445776485766485776889796889999
112222311142315542365544366554336664777788999778999888
122222113332114533144535444555677777667888668898699999
122222111123145553445333455673448677888667998867999967
111222111222344555334455334465737666777686798888999998
112222311112333442354444355555677788666778699978699988
122223121233111443444433555566557668977768997768999888
122234112334122344113354655554656777666777888889899999
111233141233142223544423545666555676888677889997899977
111122132222133444335544635547666557688777689997888999
112333112443112433222444566667568677558877598887599999
111111222233425233455637456637456777456878496888999998
111122133122433325444325446555666577668897888997899977
112233112443122433124443566677568777568997568999558889
122222111324155334153344553446577666777686978888999998
111123112223455223456633455673445677846697889997888997
111233122233112233445555446556446666777888799998779988
112222111132444332544436557336557776587766888969889999
112222311124331424356444356777356677855679858699888999
111112331322433322445526445566455667899967889997888777
123333124433124444122256117556877556887566877996889999
111122133342153442553342556442566667867777888979889999
112222122333111343555344665444665577668887888997999977
111222131332133322444444555666555666788888777899779999
112233122433122443144453155556775666788686778889799999
112222111232441333443356477556477556877956889996888996
111222112232133334536664566444567884557788577798999998
122233122334123344115554616544666577688577888897999997
112222311442331142533346555446557776877976888996889996
111123145223145233445223465573466577886697889697889997
111112345512344552334522334526774666778886788986799999
112233111223142233445536455556478866477866777888999999
111111222233242533444553645553646778666778999778999888
111222132242133444135664335564755566788886777788999999
122223112233144335144435146555776658776688796998799988
111122133222133244335554655544666784669788999788997778
111112133222433225443355446655476665778699778999788889
112222113242133544133554635544665777668799868799888799
122223111223451133455533445666445776877776888896899999
111222131422133442334445366655776558776658779998999888
122223122333111334515444555446577776889976899976888966
112233122223114553614453644553664758677788699778999988
112222111122334445633445673455673785677785669888999998
112233412333412223411556445556477756877766889996888999
111222112232144333544366554366574766577778599998998888
111112313222333324555424655444665788677788667798999998
111122333142333142544442555562577666887796877996888999
111112133322334442534462554662556667577777899999888889
111111222223244433544336547636557666577778599888999988
111234122234125334125534555634788664778669788869779999
111122311422333422353444555466556666777777889999888899
122233112334512634512634516664555644778888777988799999
122222111123415333455553444653476668776968777988999988
111222133322113424533444555647885677885667889967999967
111123122223142443544433566673566877568887558987999997
122223112323111333445555445665744688799668799968777988
112222132424134444133335167775666755866775889995888999
122222112333114533144553644455677775668977668999888899
111122113422333452663452663455674485677885778889799999
112222133224133344115346555446575666777768799998998888
111122334112344422333442555566577586997786997786998886
112233112223144523144553446653766855766888777998799998
112223122433125443115543655443657778677978669988699988
112222122334111334555334565444567777668877966888999998
122222111342133344153344655574665577866697889997888997
111222111232445233445533455673485677888667898967999967
111122132222134445336445336455766655768889778899778999
111111222344223334255534657834657884657899667889677999
111112133332455332465552465772466672446877999887999888
111123144223145523645223645773645573688779668979888999
112344112334112344222354665357865557866677889977889999
122222113244113444513646553666553776853777889979888999
111222311122333342555344565744567784666788967788999998
111111234444233334222534255556758886778886799966779996
122222134244134445133665133655166655777788977888999998
111233412233412553412253446655477658776688779688999998
111222112233412553455533445673844677866667888977899999
112333122343122344112444556677556777586799586699888899
111112312222344442334455635555637888677998667988677999
122233124223154333154444156666157766855799887799888799
112333112223112423554443555544667888677998677798669998
111222113232133332455555444456477766879776889966888999
111112122222333444333444555556788566778666788999778999
111111222333422235444335664455678885677985677988679999
112223111233144233544263554467566667588777589979888999
112222111122344555346655344665347766389777389997888899
112222111232143333444563744566755586779586799886799988
111112133322334222354466554466554667588887887777999999
112233111233144223445263445566788556788566778899779999
111223412223415523415553466533476666477788977888999998
111233122233114235444235446555776658777688976688999998
112223412253412553415563415663477663477768978888999998
122233124443122433114435166555766665788885778899779999
111222311222341556344566347556347566347777899999888889
112222311112334452344455336455666775677788678888999999
122223112323114333144456774556774556789956788966888999
122222111112344445334455333675888675888675966677999997
111123114223544233542233546666546777556778999878999888
111111222333222433554443655447655877666887969987999887
112233411223411223445553645773645777665788966888999998
111222122233113333444555464555664777866677889997888999
111222113322413325444335466755466775667775889999888899
112233122233111233444445645555666775866777888887999999
111222111233442233444533466555665578699978697778997888
112333112323142223144555644575647775668877668999888999
111123122223124333444536745556748556788896778896799996
111222311442331442533442553667586667588867589877999997
112222133332111332444444556667586667587777588899589999
112222311142351442355444335666355676887776889779889999
111111233445233445223445223655777665788699778669888999
123333122223114423514466514467556667855777888897899999
111112334142534442534662533622555667899967888977889977
111122311442354442355642355662335666778888778998779999
111112132222333442553346554446577886577786979986999886
122223114423514423516443516773556773566677888888999999
111122113322333324555424555444677888677778666998699998
112233111233122233444455455556477666777686979988999888
111122131222333424335444655547668557668777688997889999
122233124223144333154446156666157776555777899999888889
122222111132133333445555466655446777846799886799888799
122223111423141423544433556637556677859667899997888897
112222113242133444134455336557666577866577889979888999
111223415233415223415623445663455666777889788899778999
112222122333114333154444555564566666777899778889788999
112222311242311444335445335555667788667788669778999998
111112333212443222433566445566455566777888799898779998
111111222344223334253534655544677588677888677998669999
111111223333223443244445267755667755666775888888999999
111112331222333342554442556644755666778688778889799999
111222113332133342544442546666555677858677888779899999
112233112233144223144553445556777566778666788888999999
111111233333222243526444556644556677856777888887999999
111122311442333422534442536677566667588777598888599999
111122131224332254335554355644776684766688777988999998
122223111223144533146553446653466655777788797988999988
122223112233411533441536445556477856777886979986999886
122222112334513344513444513677586667586677588979889999
112222113224133444135554335554667778677888667889699999
122333122334122344114445155555677888677778669988669999
122222112333411153455553444453667777666778996888999988
122223111223144443155463557463557663777768999968998888
122222112344113334133444555556758996788966778996778896
111111222223423333443555446755846775886799886779866999
112222113223113333444555445556477766778669878969888999
111233112233142233542666544766544767558777598888999998
122223122333144355114355144665748665788669778889779999
111222113222413333445663455768457768455768999768999788
111111222333452236452536455536447776487766888799889999
122233124223114333114444555556577766888776888976999996
122344122334122344153346155576157776857976889996888996
111111222234555234556234566334766634777774899999888889
111222111322433325434355444555666677668887888777999999
122223111233144233154436554666554786597786997788999788
111111222233422333444355664455766665777785979888999988
112222112334112344553364553664578664578699778899778899
111122333112343222443555444556778856778866788996799996
111222113224133244333444555566557766887766877999888999
111111233334223344225446275466775556788566778999888999
112223111123444423455523456663557663777869778899888999
111222111322445332455533456537466687468887968987999977
122222133332143355145556144456147886777886779886999996
111122133322134322444355466555476658779668779888799998
111122113422333422353444555466775666775886778888999999
111233112233412233445266445666455677855779887799888999
112233112223411523445563455663457666477788778888999999
111112133322433222443555445565477866777866979886999988
111223145223145223145553446573466773668877699887999988
112223112233144253144553644553666657687777889997888999
111223411233441233544236554266557766577776899999888889
111122133322143325444325644555666577667778999788999888
112223122233111333444445666455776665879995877795888899
111112134422334442355462335562755666778869788899778999
111122132222133344334444556666577688577688557798999998
112223112223143333144445664555665577668877888997899997
122233112233112334154444556477566887566887596987999987
122233111223411523445533644577645577668887688987699999
122222111132444135444335663355666755689777889977888999
111222112233145233445533445566477568776668799998799888
111123122223142333444553465557465877666887996887999987
122223122333111143554443554466577776577886999886999886
111112133222333224355554675574677774666684998884999988
111222113322143332443555644475666675677775888888999999
122223112333142335144455164455666757668777888979889999
111112333122334222344455666455676485677785779888999998
112333112333112444552244552664576666577899777899888899
112233111223414223444553647553677558667778699888699998
122233112223411133455553444455677789678889677889666999
111112333122344422334552664557664857668857988877999997
112222111132455332456377456378456378456778496688999998
111122133122333224355554665444665477866977899997888897
111222131222331444335446375546775566789566789999788889
112222122333143355144365144665774685776685799988799988
122333112344122334112444566777566777566888555888999999
111111233333224355244455244556278896778996778996788966
111123411223445523445223465553667773689977688997688899
111122112222344444355554355666377766377868397888999998
111122344112334222334556344556788556788886777966799999
112223112233412533415553444556774666777686798888999998
111112344142354442355222335666355776888766898777899999
122222123444113344133345166665777865788865798895799995
111222131442134452333452663455677885677885679988679999
112222112233415553415333445566477776478876999886999886
111111222333222333455555444566774486778886779986999986
111222112223414333444533466557666557688577888977899999
111222111332445532445332455636456666778889778989778999
111223142223145523144533664537864557866677899997888997
111111222223233333444455466755466775866775888979889999
111122314122334422355444335566755666788869778899778999
111222131342133342553542655544666748696788997778999788
111112331222333242354444654778655788665778695798699998
112222113242133444135544335556775666776688779988999988
111223122233142335146365446665746855748885779988779999
112233112243112443552463554463566667577777899999888889
112222112234133334135554665554677774678884679888699999
112223122333124335114665444665774685777685979985999888
122233112223411133444536474566775566785569788889789999
111222311122334442355444365555366677886677888977899999
111122133122443322445336445556755666788886799988777999
111112331442533342555342566642566642777889788889779999
122223124333124553114553614578644578667778966788999998
112333112343122243125544555644566667888677888997999977
111222111322443332445366745366745566785589788889779999
122222112344113334513634556674856674859677859997888997
111122113224333244335244555554667889667889677899677899
112222122334153334155634155664758694788694778699778899
111223441223411523455523445533666778699788699788699778
111112333312332222444445466655777658779658979658999888
111111223333244443245543255677256667856677888979889999
122222113332114533144535444555667889667889667889777999
112222311242351144355554336544736668779668779888799998
111122131342533342555342554442666667689997889977888977
111122331142333442355422665447665557869977868977888999
122222123333114533144555144665746665778699788889778999
111223111233422233445637455667455667458677888997889999
112223122323111333445566455566444566778889778899778999
111222111332444332454332654777658887655587666887999999
111123112223444233544263547763577766588796589996588899
112334112344122345122345666345766555768899778999778889
111111222334522234553334556774856674866674889977889999
122222111342113344555334555364788664788666788999777999
112222111132433332435555465577466677446877996888999988
111111233333222234552444556474856777856697866997888999
112222122345163345163345163445666745889775899977888997
111112132222333342355444554466557866977886977786999988
111222131222134444533664533664555566788888787999777999
111122331122334452334552444556777566778666788888999999
111122132224133324556334566664557644857779888779889999
122222111332114433444533645577655587666887699987999887
111122311442333542355542355442677777678888668899669999
111223441123445123645523647523667553667778999788999888
111111223344223444253334255566775666775869778899888999
111111234444233344222335625555666577686977889997888997
112333122333122445124445167455667558677988677998699988
111122334112344442335422635555667758667778699788999988
112222132234133334115644555644575666777786979888999988
122233124223114333114444555566557666777768799998998888
111222111232444332444355667335667555667788999788999788
112222113442133442133344555677586667586977586979888999
111233144233114233444225667255677775687955688999688899
111123444123544123545223555233677788677789668889669999
122222134442133445113645713665773685776685799885999988
122234122334123344111345666645788665798885799985777995
111112133332434532444522645527665587698887698987699977
122334123334122354112554166544666577886577888997899997
111112133332435352465552466522467777467788469888999998
111222113222413355466355466335476685478888477899779999
122223111233141243544443555563756666777868797888999998
111112122222344444333554633555666665777778799998998888
112222133224113334155344555446566666778888788999777999
111122313124333224536624555644756664758888777898799999
123333122223124443144546155566155666778899788899777899
112222311122344155334455334455677888667778699788669999
122344122344152334152364157366157668557768999778999888
111233122233124433124556744556774556877766888996889999
122223111223114433544463555463756668756888777788999999
111112133222433252433555444455677888678889677799666999
122333122433124453124455116455666657889677889777889999
112333112443112443222543555546577776878766888966899999
111112132222334244334445366555666675888775899977889997
122233112333112344152446555446755866788866778899779999
112222133442133342113445677745677855667885698885699999
112223122233144435146335146555746665776899777899888899
111122113322333422535444555564766664768899778889778999
111222133242113342533444555554677777668887688899669999
112333412353412253412256415556477776488776988886999996
122222111324113344566334556344556677856977888977889999
111111223334223444223354555554666667888867889777999997
123333123434122444112245166655778665788695788995778999
122223114223114433514633544666556677857777858999888999
111223111233442223455533445556477666777768999968998888
111223112223142433544443555663755688779688799668779998
111222133224153324155364755364758664778864788969789999
111122331122344552345562344567384567888667898677999997
111222111332444332444332555677555667888867998867999967
122233122233111433144455646455666657899957898977888977
111122311322333322444444555555677888667778699798669998
111122133324132224533444555647885677985667988867999967
111111233333222443224455664457665557688977689977888999
112222311122314444334554366755367775668975868979888999
112223112223415333415553444655477666777686799988999888
112222111223144443545433555533678888678899677799666799
111112314222354462354462354666355576388777888779899999
122233124253114253144553144553667777667788699998699888
122233122333124355114445167445867775866775886699889999
111222113242133342535346555546778946778946778966888999
122222123333113444153444155566556666777788999788999788
111222331122334152334455666445676645777885798888799999
111122311222333244353446555446578866577886778896799999
122233112233412335411665447765477765487665889995888999
111123122223124443564443566633555667885777888897999997
122223112323145333145555144465746666778699788899778899
112223144253142253145553146533746899766899766899777888
112222133322134555134555134466777486779486799886999886
122223121423111433444433566677566677555877598888999998
112222132244133544135544133555677788667778699998669988
111222331224331244331544667545677555687799687899688899
111222331224311524335544355664775664776688799998799888
112222122333114443515443555463757766777886988886999996
112223142423144423154553155533666667867777888799889999
111112134222334442335442355556788566778966778996788999
111122112223445263445563455563476663778883779988799998
112344122334112234512634566634566777555877999887999888
122223111233114233554637554667544677548697888697889999
111222133324135324135524677554667584677884667888999999
111112333312332222444456445556777856777856988886999996
112222133442135542133544135546788566788866789969777999
111122132222133334553444567744567777568999568889668899
111112132222433332443555644577645577666678999878999888
112223122333112334144444556666566777558977588997888999
111223122223144433155443555643577666877776888896899999
111111222234233334255344555446577766778886788866999999
111112341222344552344552364557368777368877666888999999
111222111232333332455567454567444567889967889967889967
112222111342155342655344655344667338677778679998999888
111222113322143552443555643375647777648887688899669999
122222133342111344155334556664755664778869788999778899
111122133324132224335444555646556666778999788899777889
111122133222134442335444365557668557688877668897999997
111122113224333224355444355554667777666787698888999998
112223122233145533145536144566447576887776889976889999
123333124433122445124455126665166675888775888977999997
122222112333113334155554678554678844678849677899667999
111222131122333332455555446785466788467778466978999998
111222331112334442334552644555666775686777888887999999
112222311422311445364455366455336675888677898977899997
111111222223444233444335677385667885667985677985999985
111111223333422553425563425566446667477777899999888889
111122312222314555344445364755367778367788666888999999
122222112333411335461355466557446577466778999878999888
111223114233154223554423556443566666778888777889799999
111222113222413335433555466577486577486697488697889999
112222311122331444335544635784655788665778699978699978
112333112233142223145555647855647888647788647799669999
112223112333112233444456475456775556778666878999888999
112333112233412223414555444565776665778869788969788999
122222133332111133444455664755664775688775689979888999
111222113222143335443365466665476855477859778899788999
111122113332443332544422564677566667588887589977589999
111122113322443552433352446557466757666777888889899999
112233411233412235416235466665467855477859778899788999
111111233334222534255534265544667774688779668979888999
122222111123143333544436574466578866577886597788599999
112222311112333342355444655474658877658897668897699997
123333122234112234511444566674566677588897589897589997
112222311142315442355544365547366877368887668877999999
122222133442134444133555113556777566777866999868999888
122222112344113344155346553346577776587766888996889999
111122133222133342553644555664566644788889788999777799
112223411223411523446533446553766655777688797988999988
122234122334112344153344155555667778667788667988999998
122223111223114433444533455556777566877766888886999999
111222311222331444334455634555667775666788999788999788
111122113222433255443355443657846657866677888897999997
123333122223111123455566445566475886477896478899778999
122223122333144443115463715466755556788886799886779999
111123122223123333445566445566475586478886778999778999
112222111132445332445533445553667777666677888899889999
111111233333224344224445625555666578667778997788999988
111123122223144423554463556463756663758999788899777889
112222113332411332445355645557647777648799688889668999
122344112334122344125334155555677778669978669978699888
122222113324113344513344555554666667888767889777899999
111222111322444323445333455666755666758888779898779999
111111222223455233455533444536477666877766888799889999
111222111324333324555324556444756899776899776889766889
112222112323411333444435466555666675888875877779899999
111123141223444523454523655523666663777888799998779988
122222123344113344115334675554677755677888699988669998
111112132222433352433655446655476885476888776989779999
111223411233441233442253645555666657889677899997888977
111222133322113332444455466755467755667778688888999999
112222112344152334155534677534677534667789688889689999
112222113332411332444435466555766658776958799988779988
111222122233144335144355644355667859677899678889677899
122222112333114335614355664455664475688877889777899999
111222133342153342153442555446758966788996778996778896
122223112243155543154443155433667889667889677889677999
112234152234152234155334155364777664776688976988999988
111222131224133324555334657774657884657784669988699998
123333122233124455124456144556178566778669778899788999
122222112333113343144445674555675588677788667988699999
122222133342133445113455167445667755677899687899688899
112233112223114233554443655447665577688887689877699999
112233112333112344522444566674556677556777888889899999
122233111233114223544663544466557866577888577798999998
111112133222334252334455444555667888677788677998669999
111222111223444523465533466537466537868577888997899997
112222122333113334155554665444665477866997889977888997
112233122223114333144455666445666555777888799998779988
112223114223144523144553645533677588697778699978669988
111122331222431525433555443566478886479986779886779996
111112333212334222344555446665476655777688799998799888
122223144223144433145533115666555766777786788888999999
112222132324133344113544555546785866788896789996777996
111112122222345555344565344466333666778888778999778999
112222113322144333145553444655766665778869788999778899
111122113324333324555224665554666744886799887779887999
111122132222133344533444555564577666887966887999887799
112222112332114435664335644355664775677785979988999888
111233412223415223415663445563745566778868799888779999
111122133442133342535542555442666778699778699778699888
111112312222333332444445467775866775866755886995889999
112223111123455223445333445556477666877669887799888999
112222113224133344153444653777655777658889658899668999
111222111232443332455336456666455576488777998887999987
111122133332144432544432555662556666778899778889778999
111122122223144433555443555433666788697788699778699978
112233122333112234516444566664567774588877588897599999
122223111223411333444553464555667859667899677889778899
111111233344233344256447256677256677258679558999888899
111122132224133244563344563747568777568879568899568999
122233114233114253144253644557666657868957888977899997
111111223334223444233554267754667555677888667998999988
122233122233111143544443555466557766887766889779889999
112334112234512634512634552634556664777788799998799888
111112133222443352466352466355467558467888997778999978
111222131442133442553442553367556667886967899997888977
122222133332133444111444555566577586997786997786998886
111122334122534142534442536666536677577778588888999999
111112133332334422544422554666755568777668797888999998
111122113332444322444332556777566777568888568998569999
122222113324113554133554637554677894678894677899668899
112222113332144432145433645557668557688887698977699997
112233144223114223144533645555665777666887888897999997
111112133322443552433552466652466757468777998887999988
112222134425134525134555134466738886738996788996777996
111222111223444423455333455366775886775866798886799999
112222112323144333144435664555666775867795887799888999
112333112233411235444225446665666755888775899777889999
111111222222334445334555634457638857668887699987699977
122334112344112334122354555554667788667998677988679998
112333122233114223154446554646577666557777899999888889
111222133222143333145556444556477756778796888896899996
112233112223114423544433546777556667856677858999888999
112222311122314555364445364475367775367888667898999998
122223121323111333455555454667444677886677888697899999
111222111332445332445332455677485667885667988867999997
111122113322333342444442556667566777586787588889599999
112333122243112243155543555644766648766998779998779888
111111222223244433554433655437655887668887698777699999
111111233344235334255544225664275666777768979988999888
111222331244311244333245677745678755678855688899669999
122333112233111223445555644445666665788899777899778899
122233122334112334516444516647586697588697588997589977
112222111223144443443333555556788956778996788966778996
111111222223425553455333445366476666477788977888999998
111222131124333524365524365774665774665784999788999888
111111223345223445233455263445768885766988776998776999
111112314442354442355552356722386777386667888867999999
111123141223442233442335455555677788667788669788699999
123444123344122334112535612555666675886777889779889999
112222311244311244333344555555667788966778966778999988
111111223334233434225444625777665557668577698888999998
112334112344112334522234555664556666777778798888999998
111122132224133324555344565374665774667788967988999988
112223114223114423444533677553677758667558668888999999
111112331222344442333542555546758866778966788969778999
111122133122443332443562455566475576877776888886999999
122222134425133455113455163457863477866677889697889999
111222133322113332444445666645777655788695778995888999
122222113342113444133544663555667775667875999878999888
112223122333142553144453144555677899667899667889677889
112333122343124443122544165555666657688887887777999999
112222112332114333444536474566775556778566978888999998
111223411223441253644253645553677583678888677998679999
111222113422133452633455634455664785966788999788997778
111112313442333422354422554666755668775688779988799998
111111222333422333442567455567485667485667888877999999
122333112233114223144445666455776665788855799888779999
111233122223112333444455466755467755866779868979888999
112222311224315444315544333556777656777666888999888999
111112134422334422334452366655667755688775889779889999
111112333122343222344556774556744566788566778999888999
111111222222333344555334565544667748667778967888999998
111222331224331124533644566644567688557888577998779999
111222331442311442334452365557666577686597888897899997
112233122223111333455555456666477668479998477988479988
111123112223442233445536447536877556877596887996889996
111112134222534422533444553366755786777786999986998886
111111223444233544233546223556778556778996778966888999
122233112223411133444435664555666657888957898977899977
111123144123442223546623545633555666777778788888999999
112222112324155334153334655744665747668777968888999998
111111222334223334255344665547665547668887999887999877
111122331122433332444552455566477566778886778886999999
122333122223114443516443516477556777556667899999888889
