1223312223144331455514566745867888677786
1112211332443325463254677546675867758888
1122311233412334425544675666758687588877
1122211223144434455366533675886758867778
1222312243111435664356643556475888788777
1233312223144231144455666557665778877888
1222311243112435544355543677886677866788
1122212233143351435564457664576877768888
1111123334223342544425666555768887688777
1112312223144235444355563775667766878888
1122211132333324444456666557765777858888
1111234122344253462534655366657777788888
1223312334122341555415564778647786678886
1222212334113445133455664577685766877888
1111122234522345533465344657776688768887
1222211112333443344456666567775588758887
1111233312334425444255552667786777866888
1123314223142531425344555667776677868888
1122312223144331444356777568875668755688
1111231322333224444564775677556788566888
1122211322133334455544655466776687788887
1111213322433224355644456777567885678886
1111231222334523645536445664758687788877
1112231122333243544455546577767786688886
1222211112344443334563775666756887588875
1123311223122435664356644567745877758888
1122312223113334444546665766557788577888
1122212233114334445366455677556788867788
1111122333422234444355566566675877788887
1222314233142531455314455677776678866888
1122213322133441354466547685576857768887
1222213244133341135465554677586777866888
1111122223233334455544465776657776688888
1123312234123341244455566575867778678886
1111122333243532455524656746667488877788
1222211332411334455344555677776688766888
1122211223144334456345563775667758678888
1222311123441234445365553666578687788877
1111231322333224444456667555678586788877
1222312333123441544415556758867786677886
1222211324113345533465744657776578866888
1222211123441334445365553657786778866788
1122312233112435444355466556667788877788
1222312233113341554455544677886777866688
1123312234152341523465774655746687768888
1222314223144431154366573685776855768887
1122312223114335443654666547675877758888
1222212334133441134455566775567778688886
1111122223455234455364453666736777788888
1111213222433524435544365766657768877888
1222211123415534445364553667736687788887
1111233412334225344255647856778566788867
1111233312433524445246552766587766877888
1122312223113334444455666557765777688888
1222213324113345134456674567785677856888
1122311423514235442356473566775667788888
1122213332143321444456677586675886755887
1111233122333224556645556477664788847788
1122312223143331444566745677756678588885
1111122233223334555546577466774687846888
1111213222332443564435664555667788877788
1222212344113441333456677556675867758888
1111212222334553345563475644776677868888
1111122333223342555465744657486678867788
1122311223144235543355446758667888677786
1122211322133345344455546756667888677788
1111231222333423554455446758667786677888
1111231422334223445534665666557888877778
1111122222345553456534666344673877788887
1112213332143325446257466574665778857888
1111122334253342536425664556748867788877
1222211332133451364566645776457784578888
1222213324134441335415555666667888877778
1111231222333324455544565746667777688888
1122231112333324555546665466774777848888
1222211112333453344564475666758687588877
1223312223114331444566645677556788577888
1222311223114435444356783567885677856678
1122211233142334443566455667556778877888
1222311123415234455344553677886677866788
1122213332134321544455546785867888677766
1122312243124431544365553667576877768888
1111213222334423445534665776557766878888
1122211232144335546357463574665788677888
1112211322433524355643756487564877688876
1223311233112234555645576444768777688886
1111212222333443544435566775567888677886
1112211222334443354635546557667776878888
1111231322333425554267544675486777866888
1122311223412334555344455666676888788777
1111233122333224556745867458674586748867
1222213324135541356413564775647766878888
1122213244132441335466355665578687788877
1112233112333224455546665476654777788888
1112231442314223345536455666576877788887
1111233412344223442536655666557788877788
1122341223412334155346755467756687768888
1111122222344453644536665367553777788888
1222311233112334555645566477664877748888
1123311233122234555546657466774677848888
1111123333244432224455556566667778877888
1122311223144235463354667546675577788888
1111213322332245344455554667886678867778
1112213332143325466254466574765777858888
1222211234113345334456647566775677858888
1222211123413334553645566456674887788877
1222312233111345673456774566745567488888
1112312223123334456644556455667777878888
1122212233114334443546555667856778867788
1122213244132451344533555677776687866888
1233312233124441245516455666576888788777
1112213442133425634256347566775677858888
1223312233142351444514555677786678866788
1122211132443324435546375866758667588877
1112212223133334444566455666757777588888
1222211132413334553644566475567777688888
1112233122331243444455567856678566788877
1122213322134441334455556577667766878888
1111212222333343444455666577765778658888
1122211322133345534455544667786777866888
1223312223114331544655446755667786877888
1122231422314443145533665666557778877888
1112213222134443344535555666776877768888
1112211322333324556645556477664788847788
1223311223112435444354666556765877788887
1112312223124335444355546785867888677766
1222211324133441334567745667556775868888
1123314223142331425564455667756887768887
1222211132144335444355553677886678866778
1122312223144331444356666555675887788877
1112233112344423344256678566785677855788
1122211223144435464355663755637786877888
1111233122433524435244655766657688877788
1222213324113441534655346578665788677788
1222211123415334453344566755667888677788
1112311223422334443564555666576877788887
1111233122334423444256667558675886758877
1111233312343224442545555666667778877888
1222211123441335444355553666676887788877
1112231222314443345463555666657777878888
1112213342134423345266455768857668577788
1223311233112345526475664756447568877888
1222312233114435154355544666667788877788
1111231222332445336455564576647776878888
1111213442334425334255562576667788677888
1222213332113441535465554678846778866778
1222211332413554133546775467754678866888
1111231222333243444455556577667778688886
1222211132441334445366753677586755867888
1233312233112445126455664556647777878888
1122213232133341555466654667548877488877
1222211233113334455544456777567766688888
1222211123441335463354666547765777858888
1111122233243332444455555677776668768888
1111213442333425344255552678886777866678
1112231124332243355465554677746677868888
1122212234133341534455546576667776878888
1222212334113445133455554666776867788887
1223312234152341553415544678886777866678
1111233312433224442564555666758687788877
1122211322413354433546665467657777588888
1223312223144531645316455664758687788877
1111212222334443334456666577765557788888
1111122223244435463354637556678586788877
1222212333144431454315556777568877688866
1222311233112334555546657468874688746877
1122213332134421344456777568875668755688
1233312334122441254416557665776657788888
1111122234233342534465554667586778867788
1223312433124351245514465666657778877888
1223311233112234456644556745667758877888
1112211222333343555467754667546677488888
1222312233113341556475664755647886477888
1222314223143331444516655776657768578888
1223312223145531445314456777567866678888
1233312343122441255416654666557777788888
1122212233114334443564775677856678568885
1222311223411334445346555666657778877888
1222211132441354333546665466758887588777
1111212222333456334566445664758887588777
1122211332133324555645756487764877648886
1222213324133341555415544677886777866688
1112213224132443335465554665776687788887
1111122222344453344563555637886678867778
1122231112344523445533455677786778866688
1222213244133441133455566775567888677886
1223311223411234444355667566675587788887
1222212334113345134455546566667788877788
1222211112344443335435555666667888877778
1222213244133541335416554667586678877788
1122213242134441333455556577668877688876
1123312223112435554354446566667777788888
1111213322332245344455564756687766877888
1222212333113341555455444667786777866888
1123341223412534125344556775667888677886
1122212233114334444356666578865778855778
1222211132441334433545555677776687866888
1122311423144235462354663566775588788877
1122312233112334444567455677756667588888
1112231122334423544635466758867558677788
1222211332144351433544655776587768876688
1111213222334423445534665766657777588888
1112312223142534455344553666676877788887
1233412344123341225415555666678687788877
1112233122331243544455554677776667868888
1122311233122435664355644566745877788887
1122231112333423444456667556775867758888
1111123333222342544455546756667776878888
1112341223412234555344553666776877768888
1112213222133445336457764557645776688888
1122312233123341444455666577865778657888
1111234122344223456634566355768577788887
1111213422334223445634756877568775688856
1222314423114231544355553666678886788777
1112213124332243555436554666647888877778
1223312233142431444515555667778666788887
1112212223133334445564557645776677868888
1111213322334425344255466577665786877888
1111123333224432254466554766557768877888
1111233122334223544465547655876688768877
1112231222314443334455556578667788677886
1122211342133425334455564577668877688876
1111122333222334455546557466774866788887
1112211222333343444456667568675588758877
1222311223114334444356677566675887755888
1111231222333243544455564758667888677786
1112233112344223344456677556675568788887
1112211222344443354633556775567778688886
1122231244312443155436577365578666788887
1111122223233334555546775466774688746888
1112211223455234553344563477667766878888
1222312233144351443514675886758667588677
1222213442134551344513365777658776688886
1112231122334423544435555667776677868888
1112213422134423334455566557768877688876
1122231142351423554436554366667777788888
1122211332143324443546755667556777868888
1112231222314443334455556756667778678888
1222311123441234455345553677776666788888
1122311223142536445364453677556788867788
1233312233122441144455566577685766877888
1111212222334445346453666537765887758887
1111234122344253442536555367886677867788
1111213222333425354455546788467788677866
1111123333245532445522445666676887788877
1122231242311443554633546755867778678886
1123311233122435524456447567775666788888
1122311233142354423544555666776688788877
1112311223444234552345663556778667788887
1233312243122431554416554665776688788877
1112213332133224566645566455774888748877
1122231112333423544455546577668877688876
1111123333223445224655446755667778678888
1123311223144235542355446758667888677786
1123312223142531445344555666667788877788
1111233122433524355244455667886677867788
1222211112333443534465574665776858768887
1122231442314423145533555666667788877788
1111231322333224555546577466774866748888
1122311123444235442356673556778566788887
1111122223442334443356667566775577858888
1112213142333425534255544666776887768887
1111123333222435624456647566475587788887
1111212222333345663455644566475777788888
1112234112344223544635776358765587688876
1111231222332443544635546775667756878888
1111231222333324444455556775867788678866
1123312223124331444455666755567888677788
1233412344123541235412556775667778688886
1223312234152341553415544666676877788887
1233312233112241564455664556748867788877
1223311223412534155344566745667888677788
1222211112344443455533665738657786677888
1123312233112234555645576447764776688888
1222211112334445336453764577665786857888
1112211223445234555345633466667777878888
1111233142344423345266652765587658877788
1223311223112334556645556477764778648888
1222211123144335446355463756687568877788
1123311233122345266456644567485778857788
1112233112334423554265544657776888766887
1233312243124431244516665776657785578888
1122312233142431444355566755667788677888
1111122223455234455364453678836778866778
1223312234123341155455564777647766688888
1111212222344443334566355677756677588888
1222213332133441154466554675586777867888
1111213342334425344256672566775687758888
1111233412334225344255466755867888677786
1122213244132441333455555677776688766888
1111212222333334455564557648776487766888
1112231122333245344456774567785678856688
1222211233114435544365743657776578866888
1112213442133425344253667566775867758888
1112213222133345553455644666476887788877
1222212333113441534455674586775866788867
1223311223112334556644566445768857788877
1112233122331425344455554666778667788887
1222211234133341344455556777568776688886
1111123334223342244455555667776888766887
1223312233112431544655466574865778677888
1112231224312543335466654676547785877888
1112213322133245344455554666778667788887
1111213222333324444545555666678886788777
1122312233112334445564457685576887766887
1122211132443324435546355667856678877788
1222311423114235443355466755867778678886
1222212344133441133456666567785578857788
1111122223243334455346555466667888877778
1222211234133341536455664556647778877888
1111213222332443354466574655776657788888
1222213324133341144456667556678557788887
1123311233412234442566455677556778867888
1111233312344223444256666567775587758888
1111122333222434444355566566675777788888
1122312223114335444354666556765877788887
1122213242134451344533555666678677788887
1111213322333425444255466556678886788777
1123312223142331445564775647556677868888
1222312243114435144355553666678886788777
1112211222333334444455566557768887688776
1222211332143351443567455674856778866788
1111231442334423542235556756667888677788
1112211322443324453645536755667786877888
1122213332113324445546457666576885788877
1222311233112334445546455667856678877788
1223311233122341544455564758667888677786
1123311233412234442546755667586775867888
1112211222344443355463555637776887766888
1123311223145234452364577645576888766887
1112213442134523345263455667756687788887
1222211342113443335466654678556788577788
1222312433124331444516665766857888577785
1122231122331443344455566755667788677888
1111122233243332444455666577765577688888
1222213332144331144456677556675867758888
1222312333123441154675546775467756688888
1222211112334453445534556376667768877888
1111212222333334455647566475664758877888
1233312433124451245512465778657886677886
1222211112344443356433566755667588877788
1111122223243334443546555667756877768888
1223311223114234444355666557768587688877
1123312223142331444567475677756685568888
1122231122314443445536555366778866788877
1222212344113345153455534666678867788877
1222212333111435554365744657746667788888
1111122233422334444355677556675886788867
1122213332134421344455667556675886788877
1112231122334523345567445677456778866888
1112233142351423554236547865478666788877
1112211222334453344536455666756877788887
1233312443124431245612756887568775688756
1111233312334224442545555677886678866778
1123312243152431524355644756887666877788
1122211232144335544355463566678677788887
1112312223142335444354677566775566788888
1111122222333334566645567455674887748887
1111213222433324536645576457764577688888
1111122333222334555546675466774867748888
1111233142334423442256677556675867758888
1111213332433224455244556775667886677888
1111122334255342533425544677776668768888
1222311243152431544355463576667778678888
1111233312332224444546665776657888577885
1223311223112435554365744657486777866888
1223312223114431444355666576865778857788
1112211332333224444455677566675867758888
1122341123441234552346553666576888788777
1122211122344553345534456366667777788888
1122211123455234453344553666776677788888
1122211232144334443355567566675886788877
1122211122333345553455664766447768877888
1122211223413334435564455677586778866788
1111122333422234455344555678886777866678
1111122234233342534455564775667766878888
1222211324133341563455664576845768877788
1111122233224356643564435674756777588888
1111212222334453444536665376657777588888
1112213332133425554265447654776677868888
1111213322332243555455444667776778866888
1122231224315443154436557365776668788887
1111122344233442233456667568775688755887
1222211332113334444455566755687766877888
1222211123143335466354466554678587788877
1122211342153425534455334677786778866688
1111122222333456334564445666557777788888
1222212333111434444356667568675588758877
1111123333224432244455677556678586788867
1111233412344223344255666556765877788887
1111234412344423552236555366678677788887
1112211223445234555346533467776687768888
1111122222333343444455667556678586788877
1112213122334423554435647556776668788887
1122211322413334444355667566875688758877
1111123333244352445522455677776667868888
1222212344133341563415664556678577788887
1223312223145531445314455666667888877778
1111233122333425544265547665476877768888
1123312223124331444564675666758777588885
1112341223412234443356666555765887788877
1111234412334223344255555666776877768888
1222212333144331455514565746667786877888
1222213324133441534415555667886677867788
1223311233112435524455446577867788678866
1222213332113341444456667566875888755877
1222311223113334445546455666578687788877
1111231222333245534465554666748677788887
1111213222333425364456647586475867758887
1111233122334225344655446755667786877888
1122311233122334555544657466674688788877
1222211324153441534455336578867788677866
1222211123441335444355663556667888877778
1112213322143324443546775668756687588875
1222311233112334555647556477664786847888
1123312234112345523455664576847768877688
1112213122333243564455664577645786877888
1223311233412354126546665467754777588888
1111122223423334555344455666678886788777
1112213322133425344456477566785677856888
1111122223444234543355553677776788866688
1122213322113345534455644576667776878888
1111123334234442355425566275667777688888
1122311233412334425564455666576877788887
1222211112333343544455546577668777688886
1222211112333343444455566755867788677886
1112213322134526345563455644776677788888
1122211232413334444356677566675588758887
1111122222333345354455544677886777866688
1122231112333324445566445667856778577888
1111212222344453344536665367658877588877
1222312443124331144355677556675668788887
1223312243124431544315667556678567788887
1111213222334423354455564757667778688886
1233312233122451444514665666557788877788
1123311233412234442566475667758677588885
1112211332433324455246557468576688768877
1122211132333324556644556445667777878888
1111233312433224555246655446667778877888
1122211232145334453346557468576688768877
1112233122331243555466554766847688477788
1122213322113334556645667456874588748877
1111233312345523452244556746667788677888
1122312233112334555644556446667888877778
1122213322113334556644566475564777788888
1123311223142534425345556466667778877888
1122211122333445334455664557667776878888
1222211132133334555647756487564877648886
1111233312334225442655476554768877688876
1122311223412534455344553666776877768888
1223311233122341444455666555768877688877
1222211132441334433564775677556785866888
1222211342133441533455554677776667868888
1111122333223342544455466755667888677788
1222212333113341444455555666676888788777
1112213122333324555545666444667888877778
1112211324553245532465374663746777868888
1123314233142351422564475667756677588888
1112213322133324445566445667756777588888
1111123333234442245462555665776688788877
1112341123442234452365553666578867788877
1111233122334253442544655776657668877888
1222312233114331544455466577865788677886
1123311223122435664356444567775687758888
1222211112333443544435556788567888677766
1112213332133224455674556745667486877888
1122213332134421344455566578665788677788
1112234112344523645236457366578865788877
1111233312342223455564577645786477866888
1112231442315423354263547655876688768877
1223312223114431544355546578667786677888
1111233312432224355544556746667768877888
1222211123413334444356677566775567858888
1112213322134423344566455677856788567788
1122231122314553344563455664776877768888
1111122334523445234652346557767778688886
1111122333223342444455566577765778688886
1112213222133443344455566556667888877778
1222312233114335146654446555667888877778
1111231222333423444567745677856788566885
1112312223123334455544565477667776688888
1222311223145331455344566475667786877888
1111213332433224442564655666578885788777
1122213322134451345563475664756877768888
1222211112333345553455644666746877788887
1122312233112345563455644566478677788887
1111233142344423452235566557667778678888
1122211233412334445345555666776888768877
1122212233114435554365743657486777866888
1123311223122434444356677566675587758888
1111213332453224532645666456774577788888
1111231322333424444255677566775667858888
1111233312343224445266455665576777788888
1122212234155341533455634666647788877788
1122211123444234533345555666776677788888
1111122333223442536455564566647778877888
1112231122333243444456667566775588758887
1112231142344423334255555666676877788887
1122211223144335644356643567775678758888
1112211332333224555644556477764787688886
1222211234113345534455364756687766877888
1122211322133445334456674556778566788887
1111213332455324453245562478667786677888
1111233312343524445246652665576887788877
1122211322133443344566455677756787568888
1112233122331423554455544667886777866788
1222213332113341544465547657776588766888
1123312233112345524465574665748667788887
1111233142334423564255642566675777788888
1222311223411334456345566455678886788777
1111213222334425344653466578665788857778
1122213322113334444566455766557688877788
1111122223243334453644556755667777688888
1222312233113341554455664756847668877788
1222213332113445134455647566675677788888
1111122233422534445366453666557788877788
1111213222333423444455667556678567788887
1111213222333423544455546775667776688888
1222212344133341134456666557865778857788
1122311223144234443355556577867788678866
1112213322134256344563475664756777588888
1222211324133341534455546577767786688886
1111233142344423345265552657776668788887
1222311233412334155546557466674886788877
1111122334223345234456664576685778857788
1222314223144431453315555667786678867788
1111233312433224455246655466758677788887
1223311223411234455364555647776687768888
1222213244133341354416555666657778877888
1122341223411234553345556476667777688888
1112231122333423544655446556667777788888
1222212333114331445544555666776687788887
1223312223144331144566745677756878568885
1112211342533425534255344666776688788877
1222311233142431444355677556675866788887
1112314223142234453364555665776777868888
1112213322133324444455666576885768857778
1222311233142431444355556577667776688888
1111123445233452334522645666758867788877
1112213324135243352465554667746778867888
1111122233244352643566435674856778577888
1111122333423354225544465777657666878888
1112213122433324355546655446678867788877
1233312233122451144564455666657777878888
1111212222334453345534465766657688877788
1222311423114234443355567855678666788877
1222311243152431554366543765487668877788
1222312423114335144355466566675877788887
1111231222332443344455566577765787688886
1122231112333423544455564566667888877778
1112213322133425344455546757667776688888
1122231124351243555433544677786677866888
1112211322433324443564555667856778867788
1111122233224334445364557655876688768877
1122213322134451334567745677456788566888
1122213332114324443564555667756877768888
1122211122333334444564755667756677588888
1112341223412234455364753667556777868888
1122211232133334555647756447564778688886
1112233112344223344456667588675586758877
1222211132143334445345555667786777866888
1122312233142331444455677566775688756888
1112211222333443554635546775468777688886
1122231242314453145533455667776667788888
1222211323113334444456666567775587758888
1111233122433324444256667566775558788887
1111213442334423354255552666776688788877
1111122233233342566455564577647776488888
1111122233422334455344556788567788677866
1111233312433224555245566446667888877778
1111122333422354263546655466754877788887
1222312433124331144455677556775666788888
1111233412344223544235677556675886788867
1222211323113334555644556744667776878888
1222311233142331444455566575667776878888
1122213322113334445645556457667777688888
1222211332143561435674356744567785678888
1111212222333443444536655665576888788777
1112211322433324435674556745567776688888
1223311233122341555466554678446788867778
1222312233114335146654467584675886758877
1111122234233342536455664577645786877888
1112213122333324455544655476667777688888
1122213332134321444567455678856778566788
1111122223444234546355663576635777788888
1111233312334425644256472566775568788887
1111122334223342534455546756667768877888
1112233122331243544455466566675777788888
1122212233144431443356777567785668855688
1112213222133334444546665776657785578888
1111231442344423335265552657886777866788
1111231222333324444456677567785667855888
1122211122334443445536557366576677788888
1122311233122334555546657486674886748877
1222211132441334453345556778567788678866
1112213122334243344456666567885578857778
1223312223144331144455556578867786677886
1222311223415334155346655476664788877788
1111213322334423554266544675586777867888
1111122223243334435544556775667788678886
1112211222333345344455554666667777788888
1222213442133441354613566755867588677788
1111123344233342224455567586675866788877
1112231422314423445533555677776667868888
1111122223245334455364553647886777866788
1222213244134441355513565737667778688886
1111213332334225444256647567775678856888
1111231442333425364255642756687568877788
1122211123444235544355533667886678867778
1223311233122431554455564776647786678888
1233312243122431144566455665576887788877
1111122233245332455344566745667888677788
1111122223452334533645566445667777878888
1122314233142531425344555677776788866688
1111122223445234555346653476637768877888
1111213322333425444254666577665788857788
1222211233133341556455564766647777488888
1122213324133241354466554675886758867778
1111122223444234555345563766637786877888
1111213422334223344455566775567786678888
1122211132444324543355637586675866788877
1112211322333243544455554666776687788887
1111213322433324444255677566775668758888
1111123333234442224456667567775678855888
1222211123143335444354667556675867788887
1111213222333423564455644576665777788888
1111122233442534425345553677776667868888
1112234112344423354235566755667777688888
1111122344233442335426555665776677788888
1122213342113425334655446576665777788888
1122211223143334435647556475667758678888
1222211132144334433546655776587665877888
1222211132144334433546555766657786877888
1122211324513245334453647556678866788877
1222213244134441333516555667586678877788
1112231122344423334567745667856778568885
1222312443124531445315553667886777866788
1122213224134441333456667558675586788877
1223311223112435444354667556675886788877
1122231112333324444546555667756778867888
1112211222333345354455564777647786688886
1111231222333324444455566756687568877788
1112233112435224355643556477864788677886
1112211332333424444256667556675577788888
1111122223442334553345556478867786677886
1111122233442234455345553666776777868888
1112213222134445336453664555667777878888
1112231124335246352463554665746877788887
1111122222345553444534675336776668788887
1111231422344423546235666355567888877778
1111213442334423354265572655776677868888
1111122222334553444533455666667777788888
1111123344233342256425564775667758678888
1233412334123441255412555666776687788887
1223311223411234445345556788567888677766
1111231222344423554633546775567886677888
1222212333114331544455664755687766877888
1222312333123451444516455666576888788777
1223312233112341544455564775667886677888
1111123333224352444526645766557688877788
1112311423444235422356773567775666858888
1123311233122234445544655766857668877788
1233312223124431144566455766857688577788
1122213332113324455544556748867786677886
1111233122332243554465544657786777866888
1111231322333425554256544766647776878888
1222212333111334556645576458764487688877
1112213122333243544455546577667786678888
1112213222134453344563455667586777867888
1222312243114435144356663556775867788887
1111123444233342535425556276667788677888
1111213222333324445544556775667766878888
1122211132444324433566375677756687588885
1112211322333423544455466577765778688886
1112213224133245334456664555667888877778
1122311233142534425345556476667786877888
1111231222332443544435555666676777788888
1122211322413334445364557655776887766888
1111233312443526435264452677556788867788
1112213142333423544255546775667778688886
1112213322134423344455567556678866788877
1111213322432254355543656446667778877888
1222213244133341534415556757667778688886
1111122333222334555545667466674487788887
1111233312443324552246577465576687768888
1122213422134441355463355666758687788877
1122212233143331456674586745867458677588
1112213222134443344536665776557765878888
1111233412344423456235562756667588877788
1222211332133341555465444657786678867788
1122212233114435554356443566776687788887
1112211222344443333455555677786677866888
1222211112344453334536645776657886577888
1111123333223445224455564775667886677888
1111231222334423344566645678856778577885
1222212333114331444455666577665788857788
1222211123441334443355666756687558877788
1111213322443254432564375677756887566888
1122213322113334566645566455774887748887
1111213452334523445234552667886678867778
1122211233142334455344657886578665788677
1112231224312543335467754667546775868888
1112211222334453334566445677756877568888
1233312443122431524415556756667778678888
1112213224132546355463354677546788867788
1223312334122341144455677566775688756888
1222211233413334155545567446678866788877
1111122334233342554425564758667888677786
1122211132333324455546785467854678866778
1122231112334523345544465777657876688886
1222213332113441534455546577767766688888
1111123333244352245562457664576887768887
1111234412344423552233555677886678866778
1222312443124331543615466557668577788887
1112211322333324556645566445678477788887
1222211123415534453346553466678886788777
1111212222333334555647556477764476688888
1222211132143334445366457655576877768888
1111122233243352435544455678886777866678
1111122222333345534456744567785677866888
1122314223142331445364555677856678867788
1223411234122341553455634566678867788877
1223311223144231444355677556775666788888
1112212223133334455544655746667788677888
1112231442314423554235566357768877688876
1112213122333324445546457666578865788877
1111213442334423342255677566875668758887
1111122233223334444545555667786777866888
1122212233144431454355563756667786877888
1112213122333243544455664557668877688877
1222211233113334444566455667756777588888
1111122333243532455524445677886678866778
1111122334522345233456774567745687866888
1222314423114231445365553665776777868888
1122312233123341554466544655776677788888
1111231222333324444566455665576888788777
1223311223145231455344455666776677788888
1234412334123341225416555667576877768888
1112312223142334455345556478867788677866
1223311233112234555546567466674877748888
1223412334122341563415664557668577788887
1223311223112435444354666556675877788887
1122311423514235542356473564776688768887
1223311223411234444356667558675886758877
1123312233112345524455446756667778678888
1123341223411234442356667556675577788888
1222213324113441334455666755667758877888
1111122333422334425544555667786777866888
1111213322433324444255566577765778688886
1111234122344223344536665778657786578885
1111233312332224555544445666776687788887
1112211222344553444533355666776877768888
1112213224133245334455664566775688788877
1222213332133441144566645667557777588888
1222211132133334445566445666758877588877
1111122223244434433355666566775887758887
1111123334223442234456666567885578857778
1112233112334223444566645776657788578885
1112213142333423444256666577765887755888
1122211223133334445544556777567866678888
1122213322133441355466654677546785877888
1122211132333324455546657486574866788877
1122211223413334455364555647886677867788
1122211223144435464356663555637777878888
1222211123441534455345533666776867788887
1222211324513345136455364566647788877788
1111231422334223345677456874568775688856
1122231242311443555433554677776667868888
1233312343124441224515555667886677867788
1222312333123451644516455664576887788877
1111122333422354263544655746587668877788
1222312243111435554355643666476777788888
1123311233122234444567745667856778568885
1123312223124331544465477655776588766888
1112213342134423345266455678856778567788
1122231142331423354455546758667888677786
1223415234152341523415534666676887788877
1111213322334223445564555647886777866788
1222211132143335446354467566675587788887
1223312223111334556647566475564777848888
1122211232413334435546657486578865788677
1123312223124531445344555666676888788777
1223311223114234445364555666758687788877
1222213244133341536415564755687766877888
1112233122341523445536445667756778867888
1111233122332245344455564566667777788888
1222213332133451644516645766457888577788
1222311223411534665346653465574887788877
1222312443124431554315553666778667788887
1222211324113445333455564577668877688876
1111122223452334555344453666667777788888
1122311223142335463654666547885477857788
1112213124335243352465554666647777878888
1112233112433224435544657886578665788677
1111122222333345366455564756647777488888
1122311233142534425344655666576777788888
1122211122334443445535556377768776688886
1123312233112234444455566556667788877788
1111233312432224355645576445768777688886
1222211112333343444456666577685578857788
1112231142355423554235446376667776878888
1122211232133334444567745667556775868888
1223311233122431444455666566775877758888
1112213122333425344455546758667788677886
1222213332111334444455566755667888677788
1122211223415534445366453666537888877778
1222211132413354433546655467758667788887
1122211123445234455346553667736777868888
1222213442133441355413555667886778866778
1111213322334225344456664557668577788887
1112231224312443564435666355768577788887
1222212333114335144654466555768887688777
1111122222333443534455554667786778866788
1122213324133241344455677566875668758887
1111123333222234556745567456674886748887
1122213322113334444566455667556777788888
1112213332134325446254466557685776877888
1111213222332445334456674556775866788887
1112213332134225344456774566785677856888
1112231222314443345463555665776777868888
1111213332433224452647556475567776688888
1111233312343225462654666547785478857788
1112213142333423544255466755687766877888
1222211112334443554633546775567776688888
1111122334223345253455544667786778866788
1111231222334253444534555677786678866788
1111122333224432444356666567775577858888
1111123334233442254426577665776557868888
1222211323113334455564455664776688788877
1111122233223334445674456777567855688886
1111122233223334444566645766857788577885
1122212233144431454355563756667888677788
1111213322334223445644556777567785688886
1122212233114334445346555667756777868888
1112231124332243554435554677776666788888
1233312343122441124455567585678866788677
1233312223124431154465547655776667788888
1222311233112434444356666577765557788888
1122211122344553455634576347763776688888
1112211322333243554455544666778866788877
1111213222334243344455566575667778678888
1111212222333443344456666555768587788877
1122213224133341553455564766647688877788
1122312223144331443564555678856778866778
1111122222344553444533355666776867788887
1111122234523345233455564777647886678886
1112233112334223444455556775667778688886
1111231222333425344456774568775688756688
1222213342134441334515555667886778866778
1222213342134441335416655667558677788887
1111122223245534455346533466678677788887
1222213442134451345513355667786778866788
1122231112333425344456664577665877758888
1222312233144331144456666556775587788887
1112213132433324445245555666776867788887
1222211233143351435544455677776678866888
1122231122331453644536455664756777788888
1223312243112435154355546788467786677886
1111122233423334255546655476664778877888
1111213332443325444255662576665788877788
1222311223113334444566645776557765878888
1122211322133334455544455667776687768888
1111122333224335244654466577765577688888
1122213322133451344566455664576888788777
1222312423144431554315663755667777688888
1222212333111334444546665665557777878888
1233312334124441225416655666557788877788
1111233122433224355544657466576688788877
1111123333222234445645556475667778678888
1112212223144434455366653675536778877888
1111233312343224442564775666756877588885
1222213332111334455544657466576688788877
1222211112344443355433555667886678867778
1122212233144331444355556758667788677886
1123311233142234425544555666678886788777
1222311223114335544356644576685768877788
1111122233422334445346557665576677788888
1223312223144431455314655766587768877688
1122211324153245533456374568746687768887
1222211112334443334455677556678566788887
1223311223142331445544655776587666877888
1122211322413334443566455677856788567788
1222211332114335443654766547765877658888
1112211222333445334456664567775678758888
1111122223444234453365553677586777866888
1112211223442334445366653675586775877888
1111123333222432554455446578667788677886
1112211322433254355543566446667777788888
1223311233112234445564555647776678768888
1111231222334253345564445666756877788887
1233312233112245144455674566775667788888
1222211112334443354436557666578865788877
1112213222134553345534445666667777788888
1122213332114324443566455665576877788887
1112212223143334455346555466778866788877
1111122233233342554465774657846578866788
1122211223144435544365533657776668788887
1122231112334423544435566755867778678886
1112211222333456334564445666557788877788
1122213324135241354463554677586777866888
1223312233112431554465574665746687788887
1112213122334253444536455667586777867888
1233312334124441224516655666757777588888
1122211332133324444455667566775687758888
1111213332332224455564455664786777867888
1222213244133541335416654667556877788887
1111231222333245344455554666776777868888
1123312233112435524455647856478867788667
1222213324133441354416555665778667788887
1223311233112234455644576485768857688776
1111233142335423554265542677486678867788
1122211122334453444536555367776668788887
1111231222345523445533445667776687768888
1122211122333445633456744567885677856788
1222311223114335443654466577765577688888
1122231242311443344536655776657786578888
1122231122341553455534667346678467788887
1122211122333345366456644567845578877788
1111122333423534255642556478864778677886
1122311243122435544355643756887666877788
1222213332111334555544445666667788877788
1112231142334425364253647556675867788887
1122211122333453444534555666678886788777
1111122233223334555544566477764776688888
1222312233144431144355566755667788677888
1222211233113334444456667586675888755877
1122311233412234444355666555768877688877
1111122333223342544455554666776687788887
1111122334223445234455366577665777688888
1112211332443224433546665777657786588885
1112231224312443334455667586675886758877
1111123444233442233525555666776688788877
1122231122314553445536475364776688768887
1112233112334423444255666755567788677888
1223311233122431544455466556667778877888
1111122333223342554466554677546778867888
1112212223144334453364557668576685788877
1122231112333423554455674856748867788667
1222211112345563457634576345763477688888
1112213124532245333455644566776688788877
1234412345123451234512355666776777868888
1222212333114435144355647566775668788887
1111122333244352643526445667556877788887
1123312223112334455546655466774677788888
1111122334223442533455554667776778866888
1111122334253342534425674556776668788887
1112312223142335446354467566675588788877
1112314423144235542356623576665788877788
1222212333113431444564555677756787866888
1123312233124431244455666576765777858888
1111123334223342244455566576665778877888
1111122233423334255544455666678886788777
1111213322333224555544465476687766877888
1222211132143334435564455667756777868888
1122231124331243344455555678886777866678
1222211332114334445366455677856778567888
1222211123145536445364453677536777868888
1222213332111334555546665467674477788888
1222211123133334456644566475867758877588
1122231224315543154435546366667778877888
1122213342134421344563755677756667588888
1222211233411534445346653665576888788777
1222213324113345134455564775667888677886
1111123333222234444455667586775866758887
1111122333223342564455644556678886788777
1223312443122431544315555677786778866688
1112231122333324444455556775667886677888
1222212333133441154455546758867786677886
1223312233142431444516655667556777788888
1111122233224356443564435677856778567888
1111122333222334444546775667556677588888
1111231222344523445536475366758667788887
1222213332144351463514675846758867588677
1111213322333425444254667566775567788888
1223312223144331144455677566775688756888
1222211332133341554455544666776688788877
1112344123441235452355523667786678867788
1233312233112445126455564756647786877888
1112211324333245532465544657886677867788
1111233412334225342654466576685778857788
1123311223122334444546675668756887588775
1111123345233452344526475266756687788887
1111213332334225542655446574667788677888
1112213442134425334253667586675867758887
1111213222333243544455674556776667788888
1111233122332243555455444677886777866688
1222213342135441355413654766587668877788
1112231142354423544235556377767766688888
1112231452314523445233455677786778866688
1111213322332243444455566556667777878888
1233312223144231445514556777568877688866
1222311223113334555546775467884677846688
1111213332444324543255672856778566788867
1111122222333345364455647566475867788887
1222211112333334555645756477764876648888
1222211112333443344455567566675688788877
1112213124332243354455546576667786877888
1111233142534425346253462557668877688877
1112312223142534455346553466678677788887
1122211223143334456345567455678866788877
