1122211223144435546375463755637786678888
1122211223143334444355555667776678768888
1222211234511345333456664576645778877888
1122211123455234453364573645776677868888
1111212222333443556435564756647776878888
1122212233114334445364555666578687788877
1122213322113345536456664567445778877888
1112211222334443354463555677756677868888
1122311233122334444545555677886677866788
1111122234223345336456664576845778857788
1122311123444235442355563577667778688886
1112213324133245532456744567775678866888
1122211132455324563345673456774668788887
1122213332143321444455666566775587788887
1111213332433224555245666456774867788887
1112233112344423544235555666676888788777
1111123333222234555644556744667786877888
1111231322333425554255444667776687768888
1112213332143325466254667544675887758887
1222312233111435664356644576845778857788
1112211222344453344533665776857668577888
1111122222344443345563355667756777868888
1112213322134253345564445677756778866888
1112211332333224455564785647856478866778
1111122223233334444546775667556677588888
1111231222332443355455544666678687788877
1122211122333343555455664766647788477888
1222211112333443344566475666758777588885
1111231442334425334255562566667777878888
1122213322133441354677546775468755688886
1223312243125431154355544667776677868888
1122211342513425534465347653876688768877
1122312233112334444455555667776678768888
1123311223122334445544556788567786677886
1111231422344423334256667555678586788877
1111231422344223344536655776857668577888
1111213222333324555544456477867788678866
1111122223244434433356677567785667855888
1112233122431254365543655466774677788888
1112231224315243555433654666748867788877
1222211123145534455364533647776688768887
1111122222334443345563455667756687788887
1122213342133421344566455665576877788887
1222211132413334455364457668576885768877
1122213224133341344455556757667776688888
1112213222133445634456347566775568788887
1111122234223345534465374658776587766888
1122211322133334555544456747667776688888
1112231422314253445534655366778866788877
1222311423144231543355466755667786877888
1122211322133345553456444567786678867788
1122211322413334435564755647756667788888
1122312233112334455544556746667888677788
1122213224134441334566355677556877768888
1122211232133345344455564757667776688888
1122311223144234445355553666667777878888
1233312433124441254512555677786677866888
1112233142331423544255466557767776688888
1111234122342253444533655776657668877888
1111122222334443445533556775667786678888
1111213442334423342256667566775577858888
1111213332433224555244655746667786877888
1111231442334423354255562566678677788887
1112213222134443354436555666756887788877
1123312233112234445647456775567858678886
1223312443122431144355677566675567788888
1122211123444235443356737567775668856888
1122312223143331444566645776657778588885
1233312223145231455514465746667778678888
1112213222133334444456666555675777788888
1111233122333224455546655446778667788887
1223314233142231444516655665576777788888
1111234142344423335266552766557768877888
1122311233142335426654786547865478657788
1111231222344423344563555666576887788877
1222212333133441554415554667776688768887
1222312243114431445366553655776877768888
1122312233123341554465547665476687788887
1122211233412534555344453667776677868888
1122211232143335446354466555667778877888
1223311233122431544465554657776688768887
1111212222333345534456447568875688766877
1122211232143354463547635476557766878888
1222212333133441444516665768657785577888
1112213332143324445264555666576887788877
1111233122435224355643576485764887688776
1122231124315243554436554366778667788887
1122211232413334443546655768857668577788
1222212344113341553455534667776887766888
1223312233142351445514465788657786677886
1111231322333245552465574677746887466888
1122211132443324453674536755567886677888
1222212333114335144456647556775667788888
1223312243125431154365544657776677868888
1222312243111435444355563577667776688888
1111231442334423342255555666776877768888
1122213242133441534455366566675887788877
1223312334122341544415566758867588677786
1122312233112334455647756477564875688886
1111123345233452234562445667756777868888
1111233312433224555245566447768887688776
1233312334124441224516755667756877568888
1233312223114231444566475666758777588885
1111233122344423344255666556675887788877
1111122223423334443546775667556778568888
1233312243124431244515555677886777866688
1111213422334225344453667566775867758888
1111213322334225344455674566775667788888
1122211232133345534465547665476877768888
1223312243125431554315544667886678867778
1111212222333343444455556576667777688888
1122311233122334566645556445764777788888
1112231122333423544455466557667778678888
1112233112333425544265544657786778866788
1222211132133334444455556777567766688888
1222211112333443544435555666776688788877
1123312233122341555455674666748687488877
1111122223423334535645556477764776688888
1233312223111234455564445666758677788887
1233312223144231445516455766587668877788
1222213244133341153466554665576777788888
1123311233122234555546665447664778877888
1111122333222435444356647586675886758877
1223311223142331444567455677756678568888
1222311223114334445364557685576888766877
1222311233412334155544565466667777788888
1112212223143334443567475677756668588885
1111122223243334445364555667586777867888
1112211322443324443356677566775688755888
1223312243124431544315677556675667788888
1111212222334443334567745678856778566885
1112211322443324453345556775668777688886
1222311223411334455364455667756887768887
1222213234133341144456778567785667855688
1122213332134321544455466577665786877888
1111122333224335244455466755667888677788
1112213224133245533456664567845678877788
1111122333223442536455664556647778877888
1222213324133341155467554675846778866788
1122211122334453644536455367856678877788
1112231222314453445533465666657778877888
1122211232413334443546555667586678877788
1122213322113334444456666557685578877788
1111234122344423545235556377667786678888
1222211123144435463354663555667788877788
1112211322333324555546665467774677848888
1222211132413334453645566456678577788887
1123411234122345233455664556667788877788
1122231112334423354466574665778655788887
1111233122332243444455677566775688756888
1122211332414324443356677566875688755887
1123312243122431444356666567775888755887
1122312223114334444355567566675687788887
1122211324513245333455544666667777878888
1222311223114435644356643567775678758888
1222213332114331444456677566675557788888
1223312333122441144566645665557778877888
1233312223114231444455667856678556788877
1122312243124431554355543677776688766888
1111213332443224435245556756667788677888
1222213342113441334566645675556777788888
1112231142333423444255566576665777788888
1122212233144431443356666555567788877788
1111231422334225346653466574865778857788
1111231422344423334255566775667758678888
1112213222133334445677456784567855678886
1111231442334223544235666555667777788888
1233312233124441245415556788567786677886
1111213322432254336546665477654777588888
1111122333223345244455466557768877688876
1112341123422234443355566556667888877778
1122213332113324556645566457764887748887
1222211323143331444564555677756787866888
1122312233124351443566445667556877788887
1111123333244432456624556275867758677888
1122312223144431554365543657776888766887
1122311233122435544355544666776688788877
1122211234512345533455364788647786677886
1122231112333324555544465748667788677886
1222312443124431154365573657776588766888
1222211132133345553465574677746887466888
1112314423142235442355553666776888768877
1112233112344523445234555666667778877888
1112213322133245536457764576645776488888
1123311233122234556644556447568877688877
1111123333244432544625556257768777688886
1111122233423334256644556745667758877888
1222212345133451344513645766857668877788
1222311223144331455344657886578665788677
1112211332443524335244556775667778688886
1111122222334445366453664536775887758887
1111122333243532455624556447767778688886
1111122333223442534455664566775688788877
1122211232144334443566735867758667588875
1111213322334223444566475667758687588875
1112213322133324455564445677756787866888
1122231122314553345534445666776777868888
1122314423142231443355556576667786877888
1222213332111334444545555677886678866778
1111123334223342544425666557765887688877
1112213322133324555544456746667778678888
1222314223144431154355553666776888768877
1222211323113334444455566557768777688886
1123311223122334555544665744667888677788
1123311223144235462354666547685777857888
1223312223111334555544657446776667788888
1122314423142231453364577655876658768887
1122211332143524435546355467776678768888
1122211322413354433546675467756677588888
1122311423144234452366553665778657788887
1111231222333243554465554677746677868888
1122314423144231452367553677556677868888
1222311223114334443566455665576777788888
1111213222333423544455466755667777688888
1112211322433324355645576445768777688886
1223412234112341553455634566667777788888
1111213332434324442255667566675588788877
1112213122333324455545566476664778877888
1111122223444235466354673566735577788888
1111213342333425444255672556778866788867
1233312344123441224515555667776687768888
1122312233142351443564555647776687768888
1112311223442235444355663755687766877888
1111213332332224445566455664756877788887
1123312233112234445645556475867778678886
1222211332415334155344455677776666788888
1111123344223442335426555766657688877788
1222312243144431546315563556667788877788
1111234142344423552233556775668777688886
1111122333222334445544665776657886577888
1123311223412234445345555666667778877888
1112213332133425444254667556678586788877
1222211112333334445564755647586678867788
1233312233112445124455664566775867788887
1222213332133441156475564755647886677888
1222211132143334443566455675586788867778
1112213332143324456244566775567758678888
1223311233122431444567745677556675868888
1222211234115346653465534657346777788888
1223311233112234555644556447667776878888
1233312243122431554415546775867788678866
1112233112344223345564475667756877568888
1222211332133341544455564566667888877778
1112312223142534455364553647886777866788
1123312234125341253455564666647777878888
1111122222333345536455564766647778478888
1112213222133334555544456748667888677786
1112213342134423344256666577685578857788
1111122233442235444356663567775688758887
1222312233111334444564755667756877568888
1122211122333443566435664557645777788888
1112213422134253345534455677776667868888
1112213322134423354465574655776688768887
1222312433124331145566455674756777868888
1112233122331243544465554657886677867788
1122312223114435444356673567775688756888
1112211322443324443355566755667888677788
1111122222344443333455555677776888766688
1112233122331423444564775668756887568875
1222312443124431143355666557668577788887
1112211222344443334535555666676888788777
1122212233144431453364577665776558768888
1112233112333425544256647566475677788888
1122312233124431444356667566775588758887
1222211234113345334455564756667778678888
1222212344113341534455366756667588877788
1112211322333425534465447655776687768888
1111123333222342444455667855678566788877
1222212344133341134456677556775668758888
1112213122433324443546655666557788877788
1222212344113345133455664755687766877888
1112211223444234433355666576685777857888
1112211332444325463254637556775866788887
1223311233412534125544556748667786677888
1111122344233342235466654665557777788888
1111231222332445334655446755667786877888
1233312223114231544455674586775866788867
1111231422344253342536455666576777788888
1222213324134441334516655776657776588888
1111122234253342553465534667846678877788
1122211132443324335544665766657888577788
1112311223444234552345553666678886788777
1122312233142531445344555667776887766888
1111123333224435224455546756667888677788
1222212334153341534415674556776667788888
1111122223444234533345666556765887788877
1122312223144431454355563775667788678886
1222211323113334444566745667758687588875
1122213322143331444564555667756877768888
1222211323143331445544675866758667588877
1111212222333334566645667455574477788888
1111122223425334455346553466678886788777
1111213222433254335544655746687766877888
1111213332332224566645676455774577848888
1123311243122435624356644556678577788887
1111122223444235443355563566667888877778
1122212233113334556645556477664788847788
1233312233122441544415555666678677788887
1111122344223345233455664755667776878888
1222211123451334555344563476667786877888
1233412334123541255412654666576877788887
1122211322133443354455554666678687788877
1111213222333243444456667588675586758877
1223312233112431444455666557765777688888
1112211222334445336455364577665786877888
1223312243112431554365544665776777868888
1122311233142235444354677556675668788887
1111122223244435443355553677776668768888
1111122233243332455674556744567788678886
1112234112345523445233455667776667788888
1122213332133421544465574665776657788888
1111212222334553444536455366667788877788
1111123333224435264452647556775667788888
1122211122334553345563445677486777866888
1122231122314443345436655776587665877888
1111234122344523345263455666758687788877
1111233312334425542255466574687766877888
1222211332133441344455566756667588877788
1233312334124441245512556775668777688886
1122312233124331544455564758667888677786
1112341123442235426354663555667888877778
1122231142331425334455564756687668877788
1222311223145531453344566745667888677788
1111213322332245364456644576685778857788
1111233312343524445264752677586775866888
1112311223422334555346657466574688788877
1222314223144431145366553655776777868888
1122211223133334555544566446678867788877
1222211112333343544455546578867786677886
1122211132443324443355566566675877788887
1112231122333245344455466755867778678886
1123312233142231445544665766557768877888
1111213222332445344453666577765577688888
1122213422134441335463557665776857768888
1223311234152341523465744657776578866888
1111122233422534555344453666678687788877
1111122333222345563455644566748867788877
1222211112333443444536755667756677588888
1111123344233442355426655267856678877788
1122231224311443335455554666678886788777
1122211122344553345634456378567786677888
1222312243144431143356677566675588758887
1123341223412234155345556477768776688886
1122231242314453164533645776657886577888
1222211332133341444455666556678587788877
1111212222333334445546665466557777878888
1111233122334223444564775677556785866888
1122211223133334556645556444768887688777
1223412234123341134455566756687568877788
1111213442334223344255667566675877758888
1111122222333334555546665477664877748888
1122231112344423345563457666578865788877
1111234122344423456235567356678586788877
1111123334233442255462554665786777867888
1223312223111334555546675486774866748887
1222312423114435164355643556778866788877
1223312223114431444355555666667888877778
1122211233412334444355667855678566788877
1111233122344423344255566756687568877788
1112211322443324435564355667576877768888
1222211332411334445345555667776887766888
1122231122331443544435666555667788877788
1111234412334526345263452677556677788888
1222211123143335446357466574665778857888
1111212222333345364455644756887566877788
1122211233142335463654666544775877758888
1111231222344423334566645676758777588885
1111122233422334444355666556675887788877
1222312233113345164456674586745867758887
1111233122433324555244456777567766688888
1222211233144431445355553667786678867788
1112211222333443344455666577665788857788
1111213322334223444456666555678577788887
1112233112333224555544456746667888677788
1222212334113441534465377655576887766888
1222213332143351445516445666756887788877
1112211222333345534465554666746887788877
1122211232144334456345563556667788877788
1111233142344423342255677566675586788887
1111231442344223345235555667776678768888
1222312233145331455514465746667776878888
1222211233114435446354763577665788657888
1223312233124351444514655766857668877788
1112213132433324455246655466657777788888
1122231224311443564435667356675577788888
1112314123442235442355563756667786877888
1222211132143334435544655666576777788888
1122312233112334444455566755667786877888
1111122223244435543356437566675688788877
1112211332433324445246555766657786877888
1222211324113345334455664756687568877788
1112213442133425344253666557668577788887
1111122222334553444536455367776677868888
1122211223144435544356663566735777788888
1222213324133441534415566775567778688886
1123312234123341244455556785867888677766
1233312243122431554615546775467788678886
1222314423114231443356677566785677855888
1112213322133324555644556476664788877788
1222212333144431144355666566775587788887
1112312223145234455364553647776687768888
1222311123144235543355446576667788677888
1122231122331443355466574685746857768887
1111233312343425444256772566775688756888
1123311234152345523455244667776888766887
1122213224133341553465774655746667788888
1222213332111334455544565478667786677888
1222312333124431144456666576885777855788
1112233112344523455234455666667888877778
1111123333222432544455674586775866788867
1111122233442334423546755667586775867888
1111122222334445336455364556678886788777
1111123444233342235462557665776857768888
1112212223143334435546665476657788577888
1112341123442235442355563576667777688888
1112314423142234423355556566667888877778
1122231422314553144536475366756677788888
1122211122334443445633556755667786877888
1122312223113334555544456747667776688888
1223311223114234445345556788567786677886
1111122222334443355435554666678687788877
1112211332433224356644556477567785678888
1222211123145334453344555666776867788887
1223312233112341566455664556447778877888
1222212334133341154455546577668777688886
1111122223243335466354466574685778857788
1112213122333245344456647566875688758877
1233312334122241154455564577668877688876
1222211112333334445544556777567888678866
1123311233122234445564785647856678567788
1112312223145234453344556775667776688888
1223312333122441154455554667786678867788
1222212333114335144655476554768887688776
1111231442344223342535555677776888766688
1122231442311423334455566566675777788888
1222312233111334444455666576685788857778
1112213222133334445564457668576885768877
1111213332433224445245556778567788678866
1122311233122334555544566476684776877888
1122212233133341555467754677546788466888
1112233112433324444255677566675688758887
1111122223243334455344556777567886678886
1223311223142531445344555667776668788887
1112234122341253444533655776857668877688
1112213224132443344536755667756677588888
1111213322432254335546665446657788877788
1222312443124331443516665667557777588888
1223311233122341544455664755667776878888
1122231242311443554436557368576688768877
1222212344133441335415556777568776688886
1111123334223342244455566775567886677888
1122231112344423354435555666676888788777
1111233122433324455244655766587766877888
1112213222133334566645676457774557848888
1112213422134423354435566557668877688877
1111233122344223344455556757667778688886
1112213224135243354463574665776657788888
1111213332443224532645566475567788677888
1123312233112234445645556475667786877888
1122213322113334555645766457664777848888
1112211322333324444566645676857778578885
1112311223422334453644556775667758678888
1112211322443324453364555675786777866888
1111213222333324555544445666667888877778
1122211342133425364453664566775587788887
1223311233112234455544465766657688877788
1222312243144431453315556788567888677766
1111213222334523445536455764887666877788
1233312223111234445546455666578677788887
1111122234223345553465534666647777788888
1111122233425334255344655746687768877688
1123312223112334455544565466678886788777
1222211112344443335436655666557777788888
1112213222134443354436557665576687788887
1122211232143354463546635476657788577888
1123311223142235446354667546675877758888
1222213324135541335416654666547777788888
1112213322143254435546355466678867788877
1112311223422534445346553667586778867788
1112233112344423344255666577665788857788
1111123334253342555422544667786678867788
1233312343125441254412555666776867788887
1122211123444234453366537665576857788887
1111122233233342444455666556675888788777
1122341123441234452365573665776657788888
1111212222333443554436547665576877768888
1112231122333243544455554666678687788877
1222211112344443333455666556775867788887
1122212233113334555647756477564878648886
1222212344113341533455564576667778678888
1222211332114335444356477566675567788888
1111231222334423344455666556768577788887
1222311223413334156645556445667888877778
1111231422344253462534655366657777788888
1112211322433324443546665665557888877778
1112231142333423554255446577767788688866
1222212333114331444456666567785777855888
1223312233112435164456644576685788857778
1222311233112334455546565466674877788887
1122211223144334443355567588675866788677
1112213324153245532465344657776887766888
1112213322133425634456447566775568788887
1122231112344423554433555666667777788888
1111212222333334555546775466774466788888
1111123344223342234455566575687766877888
1222311123144234453346557665576677788888
1111122233224435554356443566776677788888
1112211222333334445647456775567885678886
1123312223114235546354466554667777878888
1123312233112234566645667457774558748888
1222311223411334443546675668756887588775
1111213332443324452264577655776588766888
1111231222332445344453667566675587788887
1222211234153341534455346756667777688888
1112211332333425444255546566667888877778
1222212333113345166455644566745777788888
1112341123422234453364557665576877768888
1122213332134321444564555677756887766888
1122231224311543555435644376687766877888
1112213322143324435546657486578865788677
1111122222333345344455546775867888677866
1112211223455234553345663476884766877788
1222212334133441134456666567785778855788
1123311223415234452344566775567788678886
1123311223412534425364455667576877768888
1111122333224432554355544667886778866778
1122211322413334555344556748867788677866
1222311223113334555545666444768877688877
1111122222344443335435556777568776688886
1112211342553425334255346777467866678888
1222311223143331444564555667756877768888
1122231442314423145533556775867788678866
1122311233122334556644576445768857688877
1111122333422334255546655466674888788777
1122312223144531445364653666578885788777
1112211222333343444456677567775668855888
1222211123133334555545666477664788847788
1233312223124431445516455666756777788888
1122311243122435544355643576667776878888
1111122223423334435544555667776668788887
1233312233112445124456774567785667856888
1112341123444234522355663755687766877888
1222212334111345663456634567845778857788
1222213244134441335513555667786678867788
1112312223144234455364753677586775866888
1222213332133441544415556777568776688886
1122231124331243555435664756647776878888
1222212333144431144355555667886677867788
1112211322443324443356666577765587758888
1122211324133243355465574665746877768888
1222213332111334445647556475667758678888
1222311223113334455544465776657786678888
1112211222333334444455556775667776688888
1112233112333425554265544666746777788888
1122211223143334445346755667556877768888
1112311223422334563645666455774857788887
1122311233122334555544566447667778678888
1222311123414234443355678566785677856788
1112213442133423344255556777567788688866
1112211222333345534465574657746677868888
1122211223145334456344563775667756878888
1122312223144331444356777566775566858888
1122312223144331544355546577667778688886
1222211132144334453345566557767776688888
1111122222334445333455664566775687788887
1111122233243332444455556577867788678866
1111123444234452355523665236778667788887
1111122223452334533645556476664788877788
1222211123441335443655436557668877688877
1111212222344443333455666557665778877888
1122211322143334444355566756667588877788
1122213322143551433544655466678886788777
1122231112333423554455544666676777788888
1222312333124431444516555666758867788877
1111233122334223445544555666776677788888
1112234122341523445536455366678867788877
1223312243112431444356677556775866758888
1122211332413524335645556477864788677886
1111122233224434445355553677886677866788
1222311223411334455344555677776688766888
1111234122345523455234456377667776688888
1112231422314423445635556357768887688776
1112211332444324553245536757667778688886
1112213222133334555644556477664777688888
1123312243122431554365544665776887768887
1111233122433224355644556747567778688886
1222211112345553445633456374667786877888
1233312433124451244512555667786778866788
1112211332433324445246557665776858768887
1111123333222342564455664755647776878888
1111122233422354463544635776857668577888
1112211222333453344566645667457777588888
1111231422334423344255555666667788877788
1222213332111334455645556447667777688888
1223312223114335144455466577765778688886
1222311223144331544365477655576687768888
1111122233223334455544565748667786677888
1111122233423354235544556746667786877888
1111212222333443354455546576667788677888
1111122334233342555425544667786778866788
1223412234112341553466534665578687788877
1222211123144435543355463566667778877888
1122311123442235446354663557665777788888
1233312233142251446514465776657768578888
1223311234112345523456664567645877788887
1111122233242334444356667556675877758888
1122211322133445334455554666778866788877
1122312223114334445346655666757777588888
1122341223411234453364555667756677788888
1233312243122431144455566566675877788887
1112231142333423554255644756887666877788
1122213224133441533455664578665788677788
1111123444234542335526357266576687788887
1111122233422334444355556775667788678886
1122311223144235544365543665776687788887
1111231222332443555435544667776687768888
1111123444233342223455566755867788677886
1222212333133451144564475666756777588888
1222211233415534153344556748667888677786
1222311223113334444455555666776887768887
1111233122334223445644756877568875688756
1122231112333324555546775466774668748888
1111213222333425364456674567745687758888
1122211223144434453355563757667778688886
1122311233142235444355466578865788677786
1222212344133341355415554667776667788888
1233412234112341523455554677776687866888
1111231222334423345564455667758667788887
1112314423154235542355423667786678867788
1234412334123541235412655666657777788888
1111234412344423552235556377667788678886
1223312223111334444455666566775877758888
1223312233112341544455554677776788866688
1112213222134443354435566755667778678888
1111122222334443344536665767657778588885
1112231122333324445544556777567866678888
1111233312433224442564775677556678568888
1112312223142534445346653667558677788887
1111233122333424444255666556778567788887
1222213332144331444516655667556777788888
1111233312334224442546555667856778867788
1123312223112334556644567455674886788877
1111233122433224355545566446667888877778
1112211222333334555644756477564776688888
1222213342133441344516655667556877788887
1111122222333443544635546755667788677888
1111122233442234553345566457668877688877
1122311233122435554356544667746877768888
1223312233124351145544465776657786678888
1111122333224432444355677566875668758887
1111122233423334255544455677886777866688
1222211332144351433544555677886777866688
1112312223124335444355546576667788677888
1222213424134441335613556775567888677886
1123312223144231444356666555765887788877
1222211132143334443564555667586778867788
1112211223445234455345533666667888877778
1122211122334443356435564557667777688888
1112231224312443344536655667756887588877
1112213122333425364756647566475884758887
1222312333124341144455555666667777788888
1111234122344223345673456778567885678856
1112213332134425344255647566775866788887
1223312223111334555645776457664778648888
1123311223412534425344555677886777866688
1222211233411334553645566457764887688877
1222211324113345334455564577668877688876
1233312443124431224515555667776677868888
1112233122331243554455544667776667788888
1122231422314453144536755367756687768888
1111122334255342653426534665746887788877
1111233312342223445544555667776887766888
1222211332143351443544555667778666788887
1122211342133423344455667566775567788888
1223312223111334445564455667758667788887
1223314233142231455614556748567788677886
1122312233124431445364555678856778866778
1122211232415334453346557466576688788877
1222211233114335543655446577467786678888
1112231122345263456634556345768477788887
1222211112333445344653746577665788657888
1111123333224432444526775668756887568875
1122231124315243554433554667786777866888
1112233112344423544235556756667786877888
1111123344233342254462557665776657788888
1111122334223445233456674566775567788888
1122312233142331444456677566875568758887
1112211332433524365246655476654788877788
1122231112334423344566455675586778867788
1111231422334223544435555667886777866788
1222311233112334444564555666756887788877
1222211112344443345533665766857768577888
1222211332114334444355567855678866788677
1112312223144234453345566557668877688877
1222211342113445333455564758667888677786
1122211233412334443566455678556788867778
1122211322133445336456664567745887758887
1112311223455234452346553466667777788888
1111234122344223345637456775567756688888
1222312233114331444456667556675587788887
1222312233113341555455444666676888788777
1112211322433254433564555647776667788888
1122231142331423554435546758667786677888
1222211132133334555647756478564786647888
1111213222333324444566645675556778877888
1111123334233442244526555666578687788877
1122211122333334555546665467674477788888
1111123344233452344526665266557788877788
1112311223442234443356677556775566788888
1123312233112345524455446577667766878888
1112233122341253444536455667586778867788
1111213222334523445534455667776687768888
1111122233243332455544655746667786877888
1122312233123341444455667566675588788877
1223412334123441234515555677886677866788
1112213332133224455544566745667888677788
1122212233113334445544655776857668877688
1111234122345523445233455666667777788888
1122231122314443354637546775667558678888
1222311223411334443546665776658777588885
1111213222334253445534465776657776688888
1111234152344523445236552367886678867778
1222311123441234563345677456678556788887
1222211332144331443566455667758687588877
1111122222333445534455346577667776688888
1111123444233342235462557655776667788888
1122213232133341555467754677546678468888
1122211322143335444355466755667786877888
1222211112333443554635446755667788677888
1222211132143354435546355467776687768888
1233312223111234444567455677756788566888
1122211122333345553467544675486778866788
1222211123145534445366453677536877768888
1111122333243352465524655446667888877778
1222213324113441334566645776657788578885
1223312334122341144456677556875668758887
1123312223114234445364557665578667788887
1222212333113435164456647566475887758887
1122211223133334555544445666776677788888
1222212344113441334563655666757777588888
1222212333114531445364455677756778866888
1111213422334223344455567566675688788877
1111213322443325443255467556678667788887
1111213222333324555546775467774688846688
1122211332143324435544556775667888677886
1223312334123441254415555677786678866788
1112314423142234425355553666667777878888
1112233122331243444455566557767778688886
1222211123414334445365553657776888766887
1122213322113334455564455664776687788887
1111122222344453344533555677886678866778
1112344123441234522365553665776887768887
1111213222333324444455555667786777866888
1222211123144435544355633566778667788887
1222312233145331456614566445567888877778
1123311223412234455344555667776678768888
1111123334235342555422544666667777878888
1112341123422234443355666577865778657888
1112311223422334453544555666778866788877
1111233412334225344255647566675867788887
1111123333234442556425564275667777688888
1111123333222234445564455667758667788887
1123311223122435554355446788467888677766
1122211332413324435647556475568777688886
1111233312332224556647556475664777848888
1222311223114335444356647568775688756887
1222211233133341554455544666676888788777
1222211324113443334455555677886677866788
1111122222333334444455566775567888677886
1222212334111345553456734567846678867788
1122231442314423145637756377568755688886
1122211332414324443356667555675886788877
1112213142334423354267548675586775866788
1123311223122434444356667566775558788887
1122213244132441334563775666756877588885
1112311423444235422355563566678677788887
1112211222334443355463574655776887766888
1111233142344423342255556777567788688866
1123312243112435524355546778467786678886
1112231142344423455233556778567788678866
1111213222333245534455544677776668768888
1222211112344443455533356788567788677866
1222314423144231143355555666667788877788
1111212222344443333455666577665877758888
1223311233412234156645576485764857688877
1122312233112345553465744657486678867788
1112233122331425354455544666667888877778
1222211132451334533645566457764777688888
1223312333124441255415554667886777866788
1112213142333425634256644576685788857778
1233312433124441255412556775667776688888
1112211222333343444455666555667788877788
1222213425134451334513645666756887788877
1122211122345553444533465366667788877788
1112212223144435443355663755667788677888
1112233112333424444255566575667788677888
1122212234113345533455644566678867788877
1111123333234452224566445678856778567788
1122231224311443555435564376667778678888
1222212333114331445564557648576688768877
1222211323413334156644566745687755877888
1111233312343524455246552467786678867788
1122311223412334456345566455667888877778
1112233122341253445534556746667778678888
1123312223124331544455664578665788677788
1111231442334423354266552655776888768877
1122231142331423544635546557767776688888
1222314423154231544315663755667778678888
1112213332134325644256644566785777857888
1112231222314553345534445667886778866778
1122211122333343444455556788567786677886
1111213322443225433654466556675888788777
1122213332114325543655446754667786877888
1111122333224432554365547658476688768877
1122211232143334445364557655776888766887
1222211123144534445366553766537688877788
1111123333224432244455566775567888677886
1222211132133345663456644556475877788887
1122213322113334455544665747657776688888
1222312423154331544315546775667766878888
1111122233233342555465574668746887468877
1111213422334223344455556566667788877788
1112312223124335543654476547765778688886
1222213332114331544455664576685768877788
1222213332133451144564475667756877568888
1122213244132451364533645666758877588877
1223311234152341523465744657886577866788
1123312233142231445564555647786678867788
1122312223113334556645556477664788847788
1111213322443324435264555665776777868888
1122211332144324433546655776557668877888
1122213232133341555455644776487666877888
1111122223445234453345536775867888677866
1122211122333445533455564776647668877888
1222211233114435443354666557865778677888
1111234122344253342563455666576887788877
1111213322433324445246557665776857768888
1111233122332243544455664566675877788887
1111231222334523345544455667776678768888
1112213322133425344655446577665786877888
1112341123442234423355677556675866788887
1111231222333423554455674566746687788887
1111213332444325443255552666667777878888
1112213322133324566745677456784567845888
1233312223112431544455466755867888677786
1222213332113341444456667556675588788877
1111213332453324552245566476684776877888
1122311233122334555546665467774677848888
1111233122334523445266455664576887788877
1112314423142235423354677566775866758888
1222312233111334455564575647786478866788
1222211233143351435544655476887768877668
1111122233422334444355667556678567788887
1111231442344223455236557365776667788888
1223311233112435524456744567775666788888
1223311223415234155344455666676777788888
1233312223145231455614566745867488677788
1233312223145231455514445677776667868888
1111213322333224445544555667776677868888
1111122222333334566645566455774777848888
1222213332134441354416555766587768877688
1122312223144331544355467566675867788887
1234412344123451233512555677776788866688
1112211332433324445264555666756877788887
1112314423142235442355563566667777878888
1111123333222234555544456774668777688886
1112213122334423354466554655776887768887
1122211332133324445566445677556788867788
1112213142334423544235666557765777688888
1111231422344223445533655766657786877888
1111233312344523445264552665776888768877
1123341233412234125544556777567888678866
1111122223243334435544675866758867588677
1122311233142234444356777566675556788888
1123312233142231444455667855678566788877
1222213244133341355415554666676877788887
1112231122344423334456677566675558788887
1122213332143321445544655766587668877788
1112213122333324445546655476657786877888
1233312243122431154465547655776888766887
1111122233244432443355666755567888677788
1112213122333243444455677566675568788887
1222211112334553344563455674886778866778
1222212333113345164456644566775887758887
1223314223144231145366455677556777868888
1112312223142335444354666566775777858888
1122212233144431543355466577685766877888
1112211332433224435544555677786778866688
1222211123144435443355637566675886788877
1111234122342253455534456366667777878888
1112231442314223344535555667776687768888
1222312433124331144456666555765877788887
1112213124532245333456644566775867788887
1112213322133245344455546577768787688866
1112211223444235433354666576685777857888
1111231442334423354255552667886677867788
1222211123143334445366455677756787568888
1112213122334423544435556777567788688866
1122231122314443554433566775567888677886
1222211112344443355463555637776677868888
1111122333223445236456664577645877758888
1122211232144334445366653766557888577788
1122213322133341554465574657746887766888
1222211332413554135544356476667768877888
1111233312332224555544675446778866788867
1122312223144331453644566775687556877888
1233312223111234445674556745567786678888
1112211324333243552466544765587668877788
1233312233142561425614456745567777688888
1111231442334423342255556788567786677886
1122311223142334444356667558675886758877
1122212234153341533465554667746687788887
1111122233242356433564755647586478867788
1112213122333324555546665444667777788888
1123311223142234455344566775667758678888
1122312223114335446355466574665777788888
1122211223144435443355536577867788678866
1111213442533425334255642566678677788887
1123341223411234442355556758867788677866
1122213242135441354433567855678666788877
1222211112344443345563355666758677788887
1112231222314443445533555666667788877788
1222213442133441133455567566675886788877
1111234122344223344535555667886677867788
1122211132333324566645556457764778847888
1122212233145331453644556477568877688876
1122211233412534465346653466557788877788
1222211233114434445366553677586775867888
1122231112334423344455677566775566788888
1112211322443254633546635476857768577888
1223312233112341444455667555678866788877
1112233112433224356645566455674877788887
1222213332111334445564755647756687768888
1222212333133441555415544677776688766888
1111233312435524352245567488674866788677
1222211112333345366455664556447788877788
1111123444233342223456666555675777788888
1112211322433524355643556446667788877788
1112314223142234443356677567775668855888
1111123334223342555425644756687768877688
1222212334113445134455366578865788677786
1222211233114334444355666556675777788888
1111213332334225442654466555678886788777
1223311233112234455564457664576687788887
1122213442134421334567355677756887566888
1122312233112334444566645768857688577785
1222312423114531445366453677556677788888
1222211324133441354463577655776658768888
1123311243122435524365547665476888768877
1122211322133445637456374566745567788888
1111233312332224455644566475867758677888
1222211112344443556435566335667777788888
1123311234122345263455664756647588877788
1111123333223442244456667556675877758888
1222211332113334566745667456774587845888
1112231122333245344455467856678566788877
1111233122433224355546675466754677788888
1222212333114331444566455666557777788888
1222211132133334555647556477764476688888
1112231422314253445534655366678687788877
1222212333113431444566745677556788567888
1223311223411234445345556757667778688886
1223311233112234456644576845768557688877
1111233312332224555546577466774668748888
1222212344113441534655376583765887688776
1223312223111435554355446774867788678866
1233312223114235144455546576667778678888
1112211222333443555435644756667888677788
1233312433124551245512456774667786678888
1122211122333334455544566475768777688886
1122211332413324435545556476667778678888
1122311233122334445546555466667777788888
1111233142344423345255552666786777867888
1112233142531425334255544667776887766888
1111122222344443354673556738567885677886
1222213324113345163456644576885768857778
1122311233122435444355466557767776688888
1111213222334423354466554766557688877788
1112233112333424444255555677786678866788
1111122223245534455364453667736778867888
1112213322134423344456666567885578857778
1122231124331243344456666556775577788888
1222212333114331444566475667756778588885
1223311233112234455564445667756887768887
1111231422334253442534555667886677867788
1111233312332224445546655467576677788888
1111213332432224355644566475567777688888
1222211332413334155544566745867888677786
1111122333422534625346655476584768877788
1112213322134423354466574655776588768887
1122211132333324555545666447668477788887
1222211332114334445346555666657777788888
1222213332134551344514465766657776878888
1111213442334423345266552666557788877788
1222312233144351443514555667778666788887
1222211112334443344563555677586678867788
1122212233113334444564775677556678568888
1111122333222334444564555665776888768877
1111233312443324455246652666557778877888
1122213324113245334455546756667776878888
