1222222112333311134335144444555554677566667777766
1112223112222341533334153666445555644577664777776
1122233111222314142335444436577743657777665555666
1111122333112234442253444265337466577766557776655
1222223111122344411534455553645775364677336666777
1223333112233312245661244566144455617455567777776
1111122334511233455226345552634445263477776666777
1111111223333323344552644555266455726647772664777
1222223112233341133554416355441665546667754677777
1111222333122233311245344444555566477556667777766
1122222134424213344441333355166775516667756677755
1222223142243314444331114553166675366767556777755
1222223142442314444531165553166665316677537777753
1111112312222233425553344566344555637447667777766
1222334155233411523341552634175266417576447777666
1112333111222314225334425553444565647756667777766
1222222132444413335541335554136665416667571677777
1111222311124433322243355554366665466767547777754
1222223114422311444431143333556666655555667777777
1111222313122233314425633744567777456666745555674
1222233112233311245536114753644475564477556666777
1223333112233411125346122544655555466677446677777
1111222113333213332224455555444665544766667777776
1111222133144213355423366542366554266557446777777
1122223112223314433331455666147555644755664777776
1111112331422233344423554422356467755666675567777
1111233144123314222334425263445576655557667777766
1111233141523314552637445263744526374552667777266
1111112314222234442253445555346567533666773667777
1112222113224211344456634755633477563347556667775
1122233111123314442335546273544627754666675556777
1112222331442531142253614445366475536667553677777
1122222133332413553241354444155554617777767766666
1222223124233311443431114443555555657776667777666
1222222132444513344551366445136677513667751367775
1222333122223311145331444556147756644775667775566
1222222111112344153334445363744566375555667777766
1122223112233311425364144536444553675556667777776
1111222314125534412653444265334626573366657777775
1111222111223345223334553366445566644556764777777
1122222111333214133324453677445667744566775555667
1223333112222311124431567743556674455677745566674
1122222112342516634551633455163345566634447777777
1111233112223341552234455233445566644566767777776
1111112333451233445223664522366455266744556777777
1122333122333312444451246445126666517677657777555
1111122333411233442223445255344555677756667777666
1122333122234412233441563774156677415566745556677
1112233441223341112334452263745666674555567777756
1112222112234251133445533664573366457777645577664
1222223142243314444431111333555667755666775566777
1233333122224311122431154444555664756666675577777
1111111223333452334445236744522677455266775566677
1122234111233451122345562334556663456676445777777
1112333111223314225534422553466655546677774466777
1111111222223324333332444444555566657755667777766
1111112314422233342553334225664455566647576677777
1122222112332311143335564437566444755647775566677
1123333112223311422231444555644755564677576666777
1112223141523314152236445523644453366665576777777
1111122311444233444423555522366655236777573666777
1123344122234412223341155364155536455776667777766
1122222112332451333645113364556666455764445777777
1112222112232451133345563634556663457776645777744
1112222131224233114443355446335774655577665777666
1122333122444311244331124553662455566675576677777
1222222111333211334331555466757544675754667774466
1111111222223423333342553444655777465557746666677
1111222113322214435526443355644733564677556667777
1111122314555231455523344522633477266344776666777
1111123441212344222234553333445556677755667777666
1111222311122233332443555554366554466677446677777
1222333112222341113334415556444756674775667775566
1112222111324455132245563344556377456637746663777
1222233111122341552634156663455566344457634777777
1122222132444213545441355564135776613576663377776
1222223144422311143331514443555667355667775666777
1112222314442231544423155466315666633567773557777
1111223441122344122334442333555677755566675666777
1222233111222311453331445663445556647557764777766
1111122344415233451523445552334665236666627777777
1111223122222311445536644453644775367777536667553
1123344112333412233541622254166655466655547777777
1112223114225314422531455553446675346677336667777
1111222331122233144253444455336645566666757777775
1122223111233314422331455553445665644566667777777
1111222314222531442553144665334466537666553777777
1111223415112345552234445223466553346677376667777
1112223441233341122334412536744556677555667777566
1123333112334311244441222454666275566667557777755
1223344112344512233451122345166634566775556677777
1112222111323213333324444566474555677455667777566
1112334122223411122345556334556634455666647777777
1122333112223312244331154666555467654446765577777
1223333122223411123341155444555564657776467777666
1111122134444213444223333522366655766555576677777
1122233111122341522334455553445567346666774667777
1122222113333211333421544446554646655566675777777
1223333112234311222431555544166654466765546777777
1122233122444312443331244355116655566655776677777
1112333111232314222235446663554467754466775556777
1223333112344411234551123455622744566777756666775
1233333122334411254441225544162555516666776677777
1111223444123344412234551233556626355666675777777
1111222314442231144223333445366777566777556667555
1122233411122344112234556673445677345567735566677
1222223142532314553331455663144556617447661777776
1112222111233214444324445336775533677555667775666
1222334122234411233451133445166774566675556677775
1111223414122344412235544233555633675566667777776
1122222133333213345521144455144665577466657777766
1111222334122533412253641555364444536666657777777
1222333122234411253641115364777536477556647755664
1112222131144233314223536444553666455776665577777
1122222111324211335446333554635555466666447777777
1111122133122233344425334642555564457776665777766
1111223111222344425234465533446553766655376677777
1222234112333411233441523644156667455567775566777
1223344112234412223441153346715536677555567777666
1111222113322241335524433556447356647775564777666
1222222113332451113345166334556664455676745777774
1111122133332213434425344442555666255666675777777
1222333124243312424331144455616755561675576667777
1222223122333311144435511443555546677574667777666
1111123415552341522234455523446772364677336666777
1122222311242531144553314445336646573666657777775
1122333415223341552334155266411526647757764477766
1111222311122233332443555664357764455776645777664
1111111233444422333342235544225567755566776666777
1111112314422233444223445552336555763657776666777
1122233122433312445531244453166645516766657777775
1122223411112344412235446633546663755667375557777
1111122113322433322243556444355647455567776666777
1111123412222341255534426553466665346767534777773
1111112134555233455523344522336442266674776667777
1222222121344411133345133634555566457576647777766
1222222133444213445441366555136675513667571367777
1111111222334455233345223634552766475576447777666
1123333112234351243465124446512746655277665577776
1111222111332433335243555524666552467666447777774
1111223114223314442235544423655553365777776666677
1111222113222213334553334445666474567777456667755
1111112344412235444223545662355566233577663777776
1222222111133244113335444433546677755567775566667
1122222111132415533245553444566374756637476663777
1111112334412235542223554426335466635547767777766
1222222113333211113345556344566666455577647777744
1222222111342415334441533464155376655737665777766
1111222331112243333524443552445555674666667777776
1111122134442513442253334425336772566677556667775
1122344122333411223341125344666555466677556777775
1111222131224213554423365444366554733675576667777
1112223111123344222334555533455666645766764477777
1222233124425312444531445553166553311677776666777
1111222131222413555243355444633557463667746667777
1122222132245513334451366455136444513677756667777
1122333111222311452334445236447566647755667777556
1111222111223455223345333344555544677776467776666
1222222133333211334441555644115666475557647777766
1112222331124233112445367774536677453666745555674
1112223122223311444331555443556674356677475666777
1122223412233341233534115556441555647777664777666
1233333123443512444551224665122466517776651777765
1112222133332211333421554444556667456676745567777
1111233144122344515234655523465522346667736677777
1112333112222314423331442555446775564667756667775
1112333415233341526364152666415227645552764477777
1112222131122233144443555564357666435766643577777
1111122311222233455523444555346665734666673477777
1111112333312233222243555444555666477576447777666
1112233122233311423354142655444766574776657776655
1223333142233314222551446665147766514476651777755
1112222111232214333334445553446655547766657777766
1112222311224431525443155546337554637777463776666
1111223445112344551234465223466552366657336777777
1112222112233311423534446353744665577466557777665
1111222333122233311245355544555666477776447776664
1122223114442311444231555423556577365667336667777
1112233112223311233345526444755666477555647777664
1122233111422314444231564423556667355666735577777
1112333122233311422235144666544477654577765557766
1111122112222345555234455533446663746663374677777
1223333122223311424351144445166477566677756677555
1111223141422314444235466223566667355556735777773
1112233111222344142534444253666775366677536777555
1111122131344253334425334422556642756666775567777
1111233122223312442431554443555546377566667777766
1222223111122314415534444653476665377765537776653
1111122133222214333524443356447555674756567777666
1122233122223314443331154444155666755666775567777
1112222131324213335421633544667755466675546777754
1222222113333241113334451666445777644557665557776
1111233122223311224335564434556644456667775567777
1222223142442314443331456363155666711566775557777
1223333112433512244351124665712465577446657777665
1111222331442231154423665442366545736655573677777
1111111233333322222345244444556666455666775577777
1122334112333412235341126554772655477666547776654
1222233124433312244331111444566777755666675555677
1122222112333211333451666345766644576744457777555
1123333112223314422231444555144555566666776677777
1111222333122433112243355444665554765577476666777
1223333123334412224441552644115766615577765577766
1122233112333411253346125544662577465557746667774
1222223124444312544431155553115563377766367777666
1112233122223311245367144536744453674555667777566
1111233112222314455236645523644553366445776677777
1111222134222513424451344455336665736665573677777
1112222111234251333425555344556633466677446677777
1112233111233312222435444443546677756666675555777
1223333122234312554431254446155476615577661777766
1222222111123415555341566334756663475663347777744
1222222111233311133345553644555666477576447777664
1112333141222314223331425555644575564477776666677
1112223114422311442235444663556663355556637777777
1111122333144233314225534462555446257566667777776
1123333122233311224445124466517744655577665577766
1111122134412233344253334225667447566777756667555
1122223111112344552234555563445666374466637777773
1222333122233312444351444465176666517776551777655
1112222111223241333334455563455556647777764477666
1111222311122234444423555644355566633576763777776
1111112133444255334225533442566347255677726666777
1111122314422231455263444526333456677375567777566
1122222113334211133425555344655734465777746666677
1111222334112234441223544666354667635567773555777
1222233111222345111334566773455667344566774455677
1112233141122344412334552233456666645777765557776
1111222133112243555224333555436667544467774666777
1111112132222233333425534446557744657777465576666
1111122134122233442553444255366477536777753666675
1111233122223412253341555334666574466557446677777
1112333122223311122334566667455667744556774445577
1111111233334522344456233455622447562677756667775
1111122133222213345523334555666444566447756677777
1112222311442231144423555466355546633756663777777
1222223111112345551234453333445666645576764777776
1111111233333423344442222445266666566755557777775
1122222311144233311423555444356647735677775566667
1111122331422234145253444525336455563677776666777
1122234112223411525341555534665633476666347777774
1122222133322413344441334546115556677555667777766
1111122314442231442253364425366655536665753777777
1222333114223511422351144635774663574466557777665
1222222113442413334441536664153356615555767777776
1122222111223311433334444443555666657776665557777
1112222111322451332445553344566374456637775666777
1111222131144233333423555442555544266666667777777
1112233142225314442531444253167555366777536666777
1233333122344311222451626645166644517677457777555
1111222133422511342253334665377466577746557744665
1111222132224513332451633445666345567674456777775
1222234112333451236445123644517366451777665557776
1112222111132244433324544336557463657776665557776
1111222311122435552243355444633544763657776666777
1222223112244311154436615543655554366677436777773
1112222311425531142553444265334766533476657777766
1112333111223341222334452556455556647777664477766
1122222311111233344423354666355446655547765777776
1122333142235314423531442555114265577476667777666
1112222111133244553224553336455663645776664477777
1122222111324415332641533664553366455566747777774
1122333111223314552231456623445566644557664777777
1223333122443312244531126455116644566667757777755
1111222131444213334223354442635555566777756666777
1122223111222314145536444453666645367755536777773
1112222112232413333441355364777556477556647756664
1112222311244231144523344556337455673755667777666
1222223122333311435551143565174666577444657777466
1112222111123344552234456633455566347757634777766
1112333122243311224351642435664445576666557777775
1111111223344423334442223345266665577666557777755
1122222312244431556643115664315566433355647777777
1112223112232311423335544463544666755467775566777
1111233141122344522334655223466555346667574677777
1111223144225314225531426533444655366665736777777
1233333122233412444441224555166655516675771667777
1111222314112233442253444455336666537666557777775
1222222133444211344441536677153367715366675555677
1111112133222244355624433562447356674735667777556
1111222133124516332456673245667324566734457777455
1112222131142513334253334425664477566477756667755
1111222113122243335524353566435556744666674477777
1112333411235341122534622553462675546667574467777
1111112344512234455223455226347566634757663377776
1111112331222233442425364447536664753566775556777
1112223112233311223345566734566674455677745567744
1222222113444211333451634445163555566357776667777
1111122311322233334256377425667445566774556677445
1111122112222344423334555366455533644577667777766
1123333112233311122224455666445566644576774557777
1122222311424233144453116445333665576666557777775
1111111223344422234342523334555566477556667777766
1122333112333312222441155544667755466775546667774
1112222311222431554443156744335674735567773566667
1122222311442531114253644445366665536765573377777
1222233111122314444231455333645577764655576666777
1222333112222311445331664553167445566774456677775
1112223141112344552234556273455677345667334666777
1111122113222233344425336647536644755564775566777
1112223111123344452234465233446577366657776655577
1111222113442231342253334445366475566667556777775
1222223144422311453331445553114565366666576777777
1122223412253341125334416553461665346667554777777
1223333124435512243351224445166645516667751677777
1122333122333312244451124455166644576666557777775
1112222341252234115553441655347766534477663377766
1222222133344213333441155554166655416765746677777
1122233412123341112334445253446555766657776665777
1222222123334415333441555364156666415676741577777
1122333122223311142431444443556666655577665577777
1122233122443311224331444435166665566767557777755
1222222134442513344451333455166365511666657777777
1112222331111234444223544666354776635777763555576
1112222111342213334256634445633454566675556777777
1111122133422213444423344552633555567777756666677
1222333122243312544431555443156547711657776666677
1111111222333425553342555334256444426677776666777
1123333112234312244431244556124556675556667777776
1111223411122344444235456223555666357576637777763
1111112334412235444223554462355666235576663777777
1122234122233411123341555334666554467665546777777
1122333112243561124356122435664443566475556777777
1112333112223311224435552463575446657744665777766
1223333122233311224451664445166455516747556677777
1222223112244314444431566663156763315677735555777
1111222111222233344443334445637755566675556667777
1111122313314233356423555642556664275776427777644
1122333122334311224431125444555554675776667777666
1222344122234412553461555346157334615736661777776
1111111233333425553342556644255644427766662277777
1222223121233311145336144537664555764445576667777
1111123412222341525234555553446633346666774677777
1111112341455234445223445526333352677775267776666
1222222111332451133345513344556667456676745677774
1122222111112344445236444553666655367675537777733
1122222111324451132345553334665377466557746667774
1222334125336412553641225364155536417766641777774
1111222133114255333425534442563464256666775677777
1111122131332243332254663525466655544667574477777
1222234111123455512345551234567733466673446667777
1222223114423311442331444335166655566677556777775
1111222111322244433254433355443666577776557776665
1112222331244431124543612454365555536666773677777
1111233141223314442235444223555566377755667777666
1111233141123344222334442253664755567777756666755
1111222341566234156623415622344566734457773355777
1122222311114233331425363444556666456677745557777
1233333122233415222641577664157766415576641557744
1222233142223514443351464735166473511677556667775
1112222111232451663245566334556333455667747777744
1112233122223314452361445336145555674457667777766
1111122131222233334423553644555564456666647777777
1222233145223314526631455563147556314776661447777
1122222113344251134425153346555334675777467776666
1223445122344512236451233645113664571376657777765
1222233112223411555341555334156673466677446677774
1122222111324511332456333345666644567644557777775
1123333122233312425561245566144566614557674477777
1111222113322213334526633455677444566774456677755
1111222133122243312554333655477665547776654447766
1112222113232211333445663344566664755564475577777
1111222111222233333345536664555764475576447777664
1111112333122233334425555422655544466677746667777
1111233441222341122334452663445556375575667777766
1122222111132244133554333556437555644777664777666
1111122131442233542223554446357466635777663557776
1122233122223411115346655534665733465574446677777
1123333112344312234451224445162755566675576667777
1233344122233412223441555346115664615556667777777
1222233111122311442334445533446655566677756677775
1111112312222233324445333644555664457766665577777
1112222112223311443334445563445566355577667777766
1111223411122344422234546663554676355777635577763
1122222133324211134445133444553666655777665577776
1222222111112345516634455663445563347576634777773
1111112133444253334225334442566677255567725666777
1112222113232214333331445555444666574667657777765
1112222311145233614523664452366455536447753677777
1111111223444423333442356647235666725567672555777
1122223122333314235531445555164447516647776666777
1233333122443315224661524446152466615555671777777
1111111223333324553632455666244556624475672477777
1223334122333412235541255544115674716567476666777
1111122331222433122445334446553466657777765557766
1111122331122233322456733445677444566777456667555
1111122344152234415223344552336475563677756666777
1111222111332244333325443662554466655546675777777
1112222133323211133324445666454566645556774577777
1111222111223245552334556637455633744663774466777
1222223111242314144331444533655555366667576677777
1112223411112344522234555553444563366666637777777
1122222133342211334551133445666445566774556677777
1122222112234411333341556344555637456666745677777
1111222133332211333245666624566444455677475557777
1112222133322214533331455666144555674445667777776
1122223122433312444331445636114566655556765777777
1111223411222341552234455553644453366666376777777
1111233412222341522334156673445667344567775556677
1122333122453311245531224453166445766645576677777
1112222311122431552643375664377566433756647775544
1222223124443312544431555543166553316666671777777
1112222111232214433335444443566667356566775557777
1112222113222411333345534444563477756667775556667
1233333122444311244431122455166275566677756677755
1122233144233314222331445666144555617555667777776
1111222331222231145553344455366447536647756667777
1122222111324211334443335664773564477556667775556
1222222113333241133354116555446656547766654477777
1111122311222234444523444555333655536666667777777
1112223111222344123334555336445566645566764777777
1111112333312233342224444452466555566657576677777
1122223112333311233445124444555667456666775567777
1223333112233311222445114444555556475776667777666
1112333122234311122435566243556644457766645577777
1222233123333412566341256644115666417555547777774
1123333112444312244431522463155266655576665777777
1112222311242235144443514647355667733567773556667
1111222334112233412253345555344465674776567777666
1222223111233314125531445553446577346657774666677
1111122313312233332224455556455776644577764477666
1111122133332213343225544426544777655477665577666
1222234152223415553341565334116537416677746667774
1111222334112233414253344425634655566667556777777
1111122113332244433224455332465577746555776666677
1111112333331244553326445772664557264457726665772
1111233112123342222334456673445667745566674555777
1123333112223341125534122555446667544677754666777
1222233124233315426331544666155446615554671777777
1112222111123244555324455333446537746653776666777
1111122311222233334245563444556377456666745567777
1111222331224453122645316664537766453376445557777
1111111222234422233445553444665333766557776665777
1122233122223314444331114443556667755666775556777
1111122344511234555523444522346752736677773366667
1122233111223344123356412375647777564447556666755
1122222111123241555334665553446573346667374467777
1111122131332243332224553566455556647777664447776
1112222111322455132445333446557334655777467776666
1111233111223344522334555236445526647566664777777
1122234112523461252346115534665553476667347777734
1122222111112233334443354444355555677566667777766
1112222311112234444253466445366555536677573367777
1222223112444311243331144533667455566777556667775
1111222111324255333425533342566664456676745777774
1111222331422231142553344655334766574476657777665
1222233124433512243351144355614777561467756666775
1222223112444311243335114336557466655746665577777
1122222113442251334465113346555534677573467777666
1112222311244233114523364455336477566647756677755
1123334112334412223341255444125666675555667777776
1122334111234451223445122364557736457773665577666
1111111233444423333342222554266555466675576677777
1222333111223314112536444253644555764557776666777
1222222133244413344441335566173555617755661777766
1112333122224311224431444433566666655677775555777
1222223124425311466531444653177465317666537777553
1111122113222453333245553624775366475566447777664
1111111223333322234456223445664445566777556677775
1111122133122233342523444555344465577776567776666
1222334111233411522341552634555563477776447776666
1111222133322211433524443355464555746665776667777
1111111222333422335442335554266654466755476677777
1123333112233311222241555554666575467667446777744
1112233144423315462371546237154623755462775566677
1233333123244312224451112455167445566777556666777
1111111233444423334442233556277756627775662755566
1111222113333241333224444425666645577666557777755
1112333141233314122234452666445266754576675557777
1111222311142233344425344462533666655555767777776
1122223122244311144431555433656543365657776667777
1122222133442513334251344445136665516666757777775
1122333111243315224431552243556644756664775667777
1112222133342211134425533444655377466555776666777
1222223112244311144531644453665555366775736677773
1112333112244351244435122443555266357577667777666
1111112334142233444425366472536667253667725555777
1111111222233422555346255334655773466667346777744
1222222111111233444453333645366664576776457777555
1222222111133241153334555336457776645577764447666
1112222314244231444423115555335565637766663777776
1111122133333213322224444455465555746577776666677
1222233122233311114331555444666555466657446777777
1111122112222233334445333444555664675556667777776
1233334122234411253441225364117566477755667775566
1222222121134411133345566634755563475756347777664
1111122314155234455223445552346777234677773366666
1111233111223322223334555555446666546667774447777
1111233144123314222235442633547766654576765557776
1223333122223314452361455566147756614775561447776
1122222111333211444324443335646775566675556677775
1122223412252341555534115533416666346676734477777
1122222133224413344441334555136777516667756667755
1111122113332233343224444452467775566777756666555
1111222313142233314225334444556664655556667777777
1112333111234315623445562347566244756622475567777
1222223114225311444531445553146655377766637777663
1222233111122341512334455533445677745566674666777
1111112132222233425663445556334455637445667777776
1222223111123341552334155563445566374446667777776
1122223112433312244331144435666455567777756667755
1111233111222344422334442533646655566665757777775
1222344125534412533441253364125536611757667777766
1111222331122435122643555564335566437666447777774
1112333122223311442531444253446655566675756677777
1111112333331243532224455622445666645556674777777
1112234112233412223341566344555634756667475567777
1111122112222344233334553663455556644757664777776
1223333112234411253346125444612555466675576677777
1112233121233312224431555543666754467775546667774
1112222112232311433335544436555544675777467776666
1112223144222314442331544333155555677766567777666
1222333111233312223441155444665557466557746667777
1222223121323311133341554444655577466655746667777
1122222111223314433351433655744466577466557777665
1112223112222314445331664533666455366445557777777
1222233122233311144331514444556777456666775556677
1111112331442233442223445562345566635556767777776
1122222122333311143331554444555564475666667777776
1122222112342411134443333445366555566657756677777
1112223142233314425531442533146555764677576666777
1112222133322214435551463335146777544667554666777
1112222113342211334425334446553746655777765577666
1223333122234412233441555544115554617776667777666
1223333122223311112345551644557766457776645776644
1122333411222341125334412536455556644757667777766
1111111233333423354442555466257544627756662277776
1111222134155213445623345562374556237447663777766
1222222111112341556334445633455566344757637777766
1111222111223244442354664335667435566773356777755
1222223144422314455531144553617775361677536666773
1222234111223415123341553334556774455667476666777
1122222132334213333441555554155666416667647777774
1111111222333322223345554344555444675776667777666
1233333122222314455231444566174555617457661777766
1111222111322243333254436355466655746655774467777
1111223144552314452231465223446555377666637777763
1111112334412234444223555422356666735666773557777
1112222311112433335246363524666554467755546777774
1111223112222314255534445553466577346666734677773
1222223111242311144435555433555443366666676777777
1122233142223314255331466537146657714655774466577
1223333112222311142335514666555466654444765777777
1223333124344312444431225566125566615557761777776
1122222111333214133524443355664455566477576667777
1111112133332244433224443225467555566777756666775
1112233112243315524361522436555443657774467777666
1122233411122344112334455233466555746657576667777
1122233112222311453334145366444556645557667777776
1112222113244211323445533344655537465577776666677
1111223111222345552234566733455677345667734446677
1112222131442213354421335544635554763577776666677
1111223411223344122334452633445566655557767777766
1112222111132244333324555536444553674756667777766
1122333111234451123345662734562274456667745556777
1122333122243512444351244335116455566665776677777
1222223124233311433351146655144466577476657777655
1122222113422451344445133466513666655367775537777
1122223122442314444431155533155657365667736667777
1111111223333323344452666455266644522764557777775
1111112333412233544223554462355746275574667777666
1111222113132244333324444532466655566665757777775
1222223112333311243356144445616445566675556777777
1222223111122314415534444553465553366666376777777
1222222111324451333345163444516347755677775566667
1122334122234412253441665344116533766657776555777
1111122311442233344225533462577346657774665557766
1122222134422513344551334445136675513667576667777
1112233441233341123354162555446257546625776667777
1112222331122433112443335554666655467655446777777
1122222113232413333441356664175556477555647777664
1111112133334253434425344422556672756667275566777
1123333122233314522261455576145777614557664447766
1222233124422311144435144633516666355567675577777
1111222111332244333524435552443655547766667777766
1111112334412233444423555462377556237556627777666
1222223114242351444435114633551666357777635577766
1222333122243511244351664435166443516667757777755
1222222123334413334451113445616774566675556677775
1233445122334512334451236645127764512776651777665
1111122311444233342223354266355446655776665577777
1111222134114233444423345522355566637556667777776
1122333411225344122534115253446555346677776666777
1111222344112233451223345555634475563467776666777
1122222311112431355243333554677555466777746666744
1222223123333312143551114455666644566644557777777
1111222111332244435524443352643355566666756777777
1223345112234511223451626345166634577663457777745
1111222113144233344223334442555566655777665777766
1222223124442311443331443355166775516677556667775
1112233144222314442331546273154677355566775566677
1122222312245631144563114556334456633455767777776
1122222111112233333343566664555556457776647777444
1112222131112243333324445536455556647757664777766
1223334122234412333541255554166554416777771666677
1112223141225344122534616553466655344665337777777
1123334122353412235341122544616755466675546677777
1112222111232451633245663344556734455673745667777
1223333122223411243341554444165557716565776666777
1222344122333412333441255446115556615566667777777
1222233142422314443331154463155566615556667777777
1112233111223455122345562334756663475566647777744
1223344123334412334451222545116655561677576667777
1112223411252341555234165723466577346657734466773
1111222333111244333324555552446665246676574677777
1223345112334511223451623345162644566664557777777
1222223111122314155536444533664553366445776677777
1122222112332311433331444566744555674755567777666
1222234122533412555341111534666753467775346667774
1222222133344213444441333555166677516677551667775
1111122314412233344423554422365555536677776666777
1111222133222415333241556334556644455677476667777
1111122112222344445234454553665557367777736666733
1222233142223314455531444533164755516677771666677
1122223112223341333354166665417765544766554477775
1111112133322243333224445525444655577766567777666
1111122312222231444443355644355566635756663777777
1222234111223451632345163334516677455667445567777
1111222331112233333425544442555644657666665777777
1111222133444213334421335542655574266657776665777
1111123451222345162234566623455566347757634477773
1222222111133214413335544336544466655557767777766
1111233111222344522234655533466655346675774467777
1111222112222341566334456773445667345566734557773
1111122311442233334423555542356544266657776667777
1111233122223311244335524663555446677554467777766
1233333122222311112431555644755664475576447777666
1111122331444233145526344552633455266666527777777
1122222112324413333341155534665755466577746667774
1111111222334455233345223634526667456676745577774
1223333112234311124431522444555667456567775666777
1222222111112314443334455353645555364677776666777
1222333124223312455531445553144567714666671667777
1222333122244311244431144563175556377756667775566
1233333122343412244441124555162755516777756666677
1122223412223341155334611533466555544677774666777
1111111223455523344552364445236674523367772666777
1111222133122244315524335566443556644356667777777
1111111222234422333442553334555666457767645777766
1222222111233415333441533546155554677774467776666
1111233144522314555231455523446622364677736667777
1111223441222341152234655553465573346667374667777
1222223111122341455534145653444665377776537776663
1222234123333412233441555444166555716667571667777
1111222131122433552443355264375556437776647776664
1123333112334311224441522264555576457777645776666
1111122113342233334225344462555466657747765577766
1222333124233312443551244455111466577766557777666
1111123441222345166234555623457762345576634777763
1122222112333214435551143556444335647776567777666
1112222113244213324441533344555536657766665777776
1222233142522314556631445663145563314756671477777
1222222113344251344465133466511347655737765577766
1222222111113214333354444435646773566667556777755
1111222333122233114425336644555666455576647777774
1122222132342413334441553646115364655556667777777
1111123114442344442235622273566667356576735557773
1111223411123344422335444233555526675756667777766
1222333111223341112234455563477556644775564777666
1122222113332411533246153344655577465577446666777
1222334111223411152346665234667553466775347777554
1222223111233311124335555443665554466777746667774
1222222112333411133445163344566667455667745557777
1223333122234412523341155544611655466666547777777
1111122344412234541223454626335766633577765557776
1111112312222233333324455566445577645577664477766
1111222313124233312423554444355466675557667777766
1122223122443315243331554436155546617574667777766
1122223112423314442331145533664455566675576677777
1222233111223451112345555334566734456677446667777
1112222131444213345421333542663754566675556677777
1122223122443315264431556433156647315664775567777
1111233144222314455231445523645552366677736667777
1123333122334411234441122454662755566775756667775
1111112344122234455523345552344675233667776666777
1222222133244511333451136445613644566667757777755
1233334122233412223441111444555566675557667777766
1122223122333312434351444445116755566677556667777
1122222112344451233345113634577763457776645557666
1123333122234311222431564444156664755676675557777
1222333144235514623351462235146667514676751477775
1222233122333311244536111455644445567777756666775
1111222113222231344553336455366644577666457777745
1112222131242513124453334455634475563667576667777
1122333112243311224335152444555556466666647777777
1122233111123344412334555223456666645576674577777
1222222111111234566663455666344555533447773347777
1122222111332245113334556633455766645576764447777
1111111222344455234665223466552346653334765777777
1122222112324411133445555334556334456667776667777
1122223111233311224335444443555554656666667777777
1233333123444412325441222554116555561677776666777
1112222331112233331243566444556774455667745566777
1112222113455211344523334452336445566677756667777
1111112314444235442223554662335556233576667777776
1112223144223311422536144553664453366655576777777
1222233114222314444331445536177553617755667775666
1222222111133211443556444335644735566673756677775
1123333112223411223341552444555674456667775666777
1222344123234412333441235554116555716677576666777
1112222111122233445563345556344556637447763777766
1112333122222311425531445563447756347755664777666
1111111223333322244335224446557474657777665557666
1222233122443311245331664573164457716645776655577
1111122133344213344223356422555644657566665777777
1222222113333211344441334556174456677755667775566
1223333122334511223451162445616744566674556777775
1112222111322241533334555533444556644666667777777
1222223111223311333341566444555664756664475577777
1112333111222312223334555666477555647777564444766
1122223114562311456231445623744566377455637777563
1222223144422314455531466653146775316677531677753
1111222111332244332254335555436577544677774666667
1111112333144233444423356462555666257566225777777
1111233122223311233345627744566777455667745556644
1111111233333422533442255554266554426677746667777
1222333122234411253341155344165554466657776667777
1112223112222341155534444453646665366677537777753
1111122112222233444443555664377556433775663777566
1111122333311244332224443552445556675576667777766
1223333112233311222445116447566644755666475557777
1222223142233314443331444566115555671775567777666
1122222133244213333441115344555554656666667777777
1122333112233311243551224555644445764677576666777
1122222113344211335421333544665555466675746677777
1112222131144233144523344452636775563677556667775
1122222111223314153334455553466557346677774466677
1122234112333411234441223344555566755666775667777
1111111222222234444563344556733455677335567777666
1222223124255314455531444453116775316677336666777
1111112132222233324445336644536666455577645577777
1222222113342413344441135466133555677755567777666
1233334122334412223441525664155576415757661777766
1223333122223411525341155534615777466577446666774
1111122133313244433325544622554666255477665777776
1111223411223341422334445233646555566657576677777
1122222111112233444443334455635555763567776666777
1111222131142233344223444555336457566665756677777
1111222113124255332425533344553666456667647777774
1123333122233412524341255444115556477566667777766
1222222111111233444453346445333677566667556777755
1112222311422231144553444655334666533777657777665
1111222111322456633245666324556634455573347777774
1112222133332214443251446335144675566667556777775
1222222111112341563334456337455637744567774556667
1111222111333243335524436552446665246676554777777
1222222111324411333441553664553364475556667777776
1111112133333243553224555226444552647766664777776
1111123412222341255234555553446666347667634777773
1111111222233425523442553334556344457666667777776
1111122133332214453224455332455666645566674777777
1233333124334412444451266655122666517267751777755
1112222113242215334461553346557344655734667777766
1112222131122413554243355444355567433666776667777
1111111234455523444452333455223367526666772667777
1111111222223342523334553366445556644577764777766
1122222111112233444443546664355566635557763377777
1112222131224233115443355554366654436675746677777
1111111233334523344452236645722644572766657777655
1112222311142233314245534444553366655666675777777
1222222111233451333345136664516664455576745777774
1122222112333211443331554443555664475576667777766
1112222311425231444523144555334665537776663777766
1122233112222314443331554366154466655546675777777
1111222133342213334221534466555444657577765777666
1222345123334512633451266345126644516674551777777
1112223144223314442531144253666655376667537777755
1222222133444213345551334556173445617777561776666
1111122133222213324443344445366777566675756677555
1111222111333243332224435566477756647755664477556
1112223141233314122354462335466775546667754677755
1112222111223213333345553644575666457576447777664
1111112333414233444423545222355566275566667777776
1122223122442315644331564437156433715666675557777
1111111222233342553634255363425666745567674447777
1122222111233241153334445533466555746677574666777
1111222113322214333524443555466377544677556666777
1122223112322341133334156666455677644577764455577
1112333112222314425231444533646455566665756777777
1122223111123341522334556663455676344567774456777
1111122331444253144425333342566667256676725557777
1111222314125231442523346655334666534466557777777
1222222113332413344441534664153766615577665557777
1112233111233341225334422555445556644766667777776
1222222112333341113554143356444555647777567776666
1122234511233451226345112634556663457766345777774
1111222341552234115223445556334465637466663777777
1111111222333322234342553444665557466655746677777
1222333111233314422231544446155774655777665577666
1111112314222233442523664455364455536665773677777
1111123112222344456234555623455666344567637777773
1111111223344523333452263445226645566664757777775
1122222311142231414553644475366647536677753367755
1222344125534412253341125344615533761567776666777
1112222111332214533624457366445733644576665557777
1111122133222213334423354444665547766555576667777
1122222132244413333451663445167345516777756667755
1112222131144213334526333452666445566674557777775
1112333411223341552234156223455666645576674477777
1112234112223415223341566334555636457566647777774
1222233124443312244431115543166555366677556677777
1223333122222314455531465553146567714666671447777
1123333142233314222251444455116475566667756677775
1222223122443311444331154463155666355667675577777
1111122344112234452223455556344576633757663777766
1111112334421233422223444455336775566667556677775
1223333122433312244551244555166445711667576667777
1111122113222233342443354444535666755567775666777
1222233112423311244335114663554446655566675777777
1112222111333241553324445332664577764455776666577
1112223112222311444335664433566644355667775557777
1123333112223451122345516234556664475576647777764
1233334122233411222341155564155666455666447777777
1111112133222233422553346555344657744465776666777
1122333112233312224351144455444666566665557777777
1111222133344213334421534442655555266667576677777
1222223123333312443551144445611774566667556677775
1122233114223314452231455533146577744655776666677
1111222133142213554223335446377544677754667755666
1222222111323344133354413555441665546667756677777
1233344122333411234441122554162775566677756667755
1112223144222314566231456663145677344567335557777
1222222111132341413334444335646755566675756677775
1222223111232345113334551637455666745567774446677
1112222133322213344441334554166665466555576777777
1233333122223311242561444456174555617475667777566
1222222111133244113335446663544666355467775557777
1122223411552341652234165533416573346657774466777
1111111223444523344552334455223355672777667776666
1111122331222433125443362554366655477766547777654
1222233111233341122334145556444566645556667777777
1112222311122234414453644465366666533777553777755
1122333111223314562331456277445627745566674455677
1223333112233312245551244445164466516666757777775
1111122133312244322254335555436655746667774466777
1122222113323214433351644435166455566647756777775
1222234152233415523441553344115366471566667777776
1122223111122341566234557633445766344576634557777
1111223142222314552331455333446577744655776666677
1111122134122233445223444556377456633775667775566
1122222311224433111453644445366665536677553777775
1112233122223412555341665534166533466654447777777
1223333112222314442331554446155564615756667777776
1122344122233412333441235564175556417575667777666
1111222113324413332243356244555644755567776666777
1222344122234512333451163445716345571666657777765
1112222131242233144443315564733566477555667777566
1222234122333411233341154444155666655767665577777
1122333122233312444431255466117546677754667775556
1112222311124431552243555444365566436666773377777
1112223415233341526634152633415267745566674457777
1111222311122233342553364445636445566647556777777
1222333142233314422351444455166675511677756667775
1122223122425311445536144453614555366777336667777
1111222133222213455551344555634444763367776666777
1112222314442231114423334455663355566666557777777
1222333112433312244431526444157666615777765555776
1122222311124233114456333445637744566675556677775
1222333122234412133341114444555567755566776666777
1122333411222344125234411533466655546677556677777
1112222311142231444253446455366666533677753777755
1122333142333314222251444655114466576666557777775
1111222314144231444223334562373556677756667775556
1122344122233411122341555634555663475776347777666
1111222131124233322456333445666444576667557777755
1112222122234413333541635554163557466657746677774
1222222112333311134445153346555444655777667777666
1111112133444233444223345552366552266557776667777
1111112314442233422223445666347556633775667777555
1122222311445231114523344455367747536677753666675
1111112331444233445223446552377665237666527777655
1111122113422233344425333442555546657776665777766
1122222112233311443331544663555466655744765777776
1222222111132451313445533346577344657776465577666
1111111222233324433332244444556666655577665577777
1111111222222324443334453363455766645777665557776
1222334125233415523441552344155634711667776666777
1111222111332243333254446325466655547666754777775
1111112334441233344423536462557666255766725577772
1222223111223344153334115366447556647755564777766
1111112133333244553324455552466657244677726667772
1222333123334512344451224445166665516775571667777
1111122311222233445523445555334466537746667777766
1111223142222314233331455553444565674756667777766
1222222113324413333341155554155674465667746667777
1111122133312244355524335552443665246666674777777
1123333122334311244441122455662745566677556677775
1122222133224411333441566344155636455766675577777
1112222331245233114523616455366644537766457777745
1222233112422311544431154463775546377555637776666
1222333142235314423531642755164475516467751666777
1112333112234311255436225443625544766554776667777
1112233112222311244335554663575446357774665777466
1222223124424311444435167733516677351566735556677
1123444122333412223341112344555666655556667777777
1123344122334411223541162354666235466755556777777
1111112331222234445523445552344665537766663777776
1111222133322413532241553344556666455777647777664
1223334122355411235541223354166655416766647777774
1222222123444411333541133354615555466677576667777
1233333122223312244441155546715554671756467777666
1112222311242233114453336445366664576677457777555
1123333142222314455231444523166455716655776667777
1122222112323341133354416635476666547765554477775
1112223112242314444231544333555663655576667777776
1222344122333412333441255644155666615567671577777
1122222113244513324551134455333445566666667777777
1112233441122341122334556233455666645566774577777
1112334112233415223341522344556774456667775566677
1111112314444233444223335222636555566677556677777
1111222344111233455223444552345556633666667777777
1111222113332214333524466352466755546675754467777
1111111233333323224452224445666445566775556677777
1111122112222233445663344566374455637477563777556
1111223122222314433331444553446555566666657777777
1233333122334512444451244655122666517667651777775
1222222111233411333341535444555544675776667777666
1222223111142315544231654433665443766555376677777
1122222112332311133334445555644445566677756667777
1111222333111233444425336442566664256576775557777
1111222111222233444553344555344655736666673677777
1111222111333233332224555555444666574446667777776
1122222112334215534441553344153366475577667777666
1122333411223344112334551226455566645576664777777
1111123122222314452334455553466665346777534667777
1111112331422234444423545622355566635577763777766
1222222111111233334456333445666444566675557777775
1111222311444233144223554462356666635577673557777
1222223111124315512436654443665477365547736657773
1111222344122234112553444555334666537776653777766
1111233444122345416234541623557762355576237777666
1112222113232211333334455556445655644766664777777
1122333412222341552334156673415667741566674455777
1111122333112455366245536224533662455667447777774
1111223411222344122536444453667555367775536667773
1111222113224251333425553344655374466577746666777
1222222133332411134441513346555774657777465576666
1122233112222314444431154433555566357666665777777
1111222311124234444423455662355566635756673377777
1222333114222314444231114433555666655567665777777
1111222111333244432224453366445537655577765777666
1111222111322433332243355644555664457666645777777
1112334112233451122345522334566666455576647777774
1111222132222413555641355564333566437766647777744
1111222312224231444443154666355577635557663377776
1222223112432351443335144443516666651667775557777
1222222123333311144431444563175456677555567777666
1112223141123344412334452263455556377556667777766
1111222133112233344526334452666645566744557777775
1112222311442531442253146655334466573366657777775
1122222133342413334241113444567777756666675555567
1222222123334415534441153346115734655577667777666
1111112333412233342223444525446655566677556677777
1112222311124435122643555664357566437757643377764
1112222113322214333351466635446555546665774477777
1112222133322211333445155344555666475776647777664
1111233144423311542365554236554423657772267777666
1111223144122315422235544333544666355667665777777
1112222311442531146253344625333466577746657777655
1111122344122533412553442255334466573766657777766
1112233141222314122334444563455556355666667777777
1111122314222531422553344455366644536666753777777
1122222111132244513364455336445533645576667777776
1122223111222345113334556663445677344566774556777
1112333144233514223551442355144225566666667777777
1222222112334513333451344445164755516777756666677
1111122113322243333224444355664477566777756667555
1112333114222314442331444223555667756666675557777
1222222111132314433331444453645555765567776666777
1111122331122234455523455662345766634576673447777
1111112333412233442253446625374662577466657777555
1112223144255314422531442553164755366777336666777
1223333142253314255531422655144466514766661777777
1122222112334211333441533644557764455776665577766
1111112331222243335224433566445555674477567777666
1122223112233311123345566634556666455577747777444
1122222111132415333245533344566666456767745577774
1222223112442311443331443355164775566677756667755
1112222133324211133425663344566666457777445555777
1111112334212233422253644455364477536777756666755
1222334115233411522341152334665577466557446667777
1223333112233412223541166554166555466757746777744
1111122344411233422223344455336655577766557777666
1112222111122344555234445333644537366657776665777
1122222133332411113245666334556664455767445577777
1233344123333412255441122544612555561677776666777
1223333112333412222441115444555566456666675777777
1122334122223412333341555664155664415566647777777
1111112133444255334425553442553366277766227777666
1122222111133241333324553667445666744566774555777
1223334112333451223645122664511667455566745777774
1223333123344312224441255554155656411766667777776
1112222331242233154446315744631577463555776666577
1222222111123314133354443355644475566667556677777
1111222333144233115423677542366754266775446677555
1223333124443312224431526644155566615777761557776
1111112133222233324425536644563677456667745557774
1122223111442315442231543333554467755666675667777
1112333114222351422335144263544666655477765577776
1112233122222314444431544633156666355557665777777
