1222223111232314133331444445666455567665556777777
1233344122334412253341255644125566615577661777776
1122233111233415122345552334556777456667446667774
1223333112222341125334411556444456677775667775566
1112233112223311224335666443556644456677475557777
1111112341422234442223445556335555673376667777766
1122233112422311442335164437556643755664775566777
1122222111112233345553444555346467534666773667777
1111123444112354442235664233556623356662775577777
1112223112223314423351444355646735564675576667777
1111112134222233444253444525366755536677753666777
1112222131132213333425536444566674456667745557777
1111222314222531444253166445366645537766753377775
1112333112233451622345162434566244455677775566777
1233333122345512434451244455122666511777657777666
1112223412255341266534126553416655347766734477773
1112223112244315622431567443556744356677735566773
1111122133444213344425534622533666255576665777777
1111122333142233314423554422555647765564776666777
1222223111122344411334546663455556345757637777766
1122222133324211134441333454677755467777556666655
1111111222233342523364255336444555674457667777766
1111222134442213546621354662335446635557763577777
1223333112344412233541226554177665417766547776655
1112222134424213444421355677135667733556673556677
1112233441523341152234155623475562347566664777776
1111112122222233333345534444554466657777765577666
1112222111322455133245333644553666455666747777774
1222334112333412253341265544116544766655576677777
1122222311124231144443344555366677536667753677755
1111122133332214332225443666544446755566675577777
1222223124442311143331154366555436657746665577777
1111122331444233144425336642536662255667775557777
1111123411222344222334555533456655346677774666777
1122222112333211333445136664555644455666475777777
1222223124425314455531145533614573761467376666777
1111111233333425636342566664255556427757442277774
1122223411552341552234115333466553746677774466677
1112223415523341152334155223445667346567774666777
1111233114422314442335544263555226357577667777666
1111122331122233344253366425666645576744457777755
1122223411123341412334444233566666755556675577777
1122333114222314424231144453666655367775556677775
1111122311222433352243335644555564456666647777777
1233333123344512224551244455126747516677751666677
1111111222222234444453336445333665577776657776655
1111223111223344222335466663544467354566775557777
1122222133224413354441135464133556675557667777766
1111122133332213433225544442555446655666667777777
1111122333112233455523445662344566244557667777776
1222223144322314433331144455616777561677756667555
1222344122334412233441153364115666655566775577777
1112222131142233144245366444533667753566775556777
1111222331222431125543333544665555467777746666774
1111223141423314442334422233555566657755667777766
1222222111333214133334415666455555645777664477776
1223333112334412223441112544666755466675556777775
1111111223333322334556222455644444567777756666775
1122233144423311442351442235166773566667556777755
1111222111223455522346533334655534466677446677777
1112234111223451223345523334566674456667475567777
1111112133333244444325554432555566277776627776662
1111222134442213354421335642337564677756667775556
1111223144422314422331442553666555366757536677777
1111222113334215334425553342566644256664775677777
1122222113224411333345155334555664457776467777666
1111111222223345523334452363455566644577664777776
1233334122234411523341652244165777416555776666577
1122222111223345113364555366455533644477664777776
1112233112233311222334444455446677566677556677755
1122223411112344515234555523456673344677736666777
1222333124253312425531144453114665577466657777766
1112222111132233333425534444555564657776467777666
1112222311244233114423333544555554677775667776666
1122222134244213444451333355163555716657776666777
1123333112453311245531224556724455672446667777766
1122222111112233444553334455366644536666757777775
1122222113333214434321544436154777655577665577666
1223333122435312243551244655144466517666651777777
1111122314422231455623344562337456637745567777566
1122233111233344123354412255466655546766654777777
1222333111223311142354444235645555564667776667777
1111112133422233442523444255346555736657776666777
1111222131322413332243354444665555466665576777777
1111122122222314443335554433556644356667775667777
1112222131122213444445333644533566655557767777766
1112222131122433312443335554665554466665746777777
1111222111322245533324453336475555647766664477776
1112222133332211133324556666445557644455764777776
1112333441223341112234445523645572765557776666677
1112222331142233114526333455664445566477756677775
1111112333331243532224556672445677244567774556667
1112222112233411523345555334567773456667446667774
1223333122343312444441225554166665516776751677775
1112333112223311222334455555444655647766664777776
1122222113344251134425153344555336457766667777766
1111112314452233455223345522344556634777767776666
1112222133344213344221354667135467755546775566677
1111122133412233344423355422555644756666675677777
1111222331442235114423566642355564735666473577777
1111222111332433332245636244566664455776475557777
1222233122333412563341556774155674415667441566777
1222233124333312455361244566144556614557761777776
1112333111222344123334422555466666544676557777775
1111222113332213333224444555644557564665776667777
1123333122233312444441256664125556417775667777556
1111122113333244443325466632546677254667725555777
1111111222233342233354425355644555766447776666777
1111112333142234444523345552634755266675726667777
1223344122334412234451263345116555561677576667777
1111122333311234444423544222355566675755667777766
1222223142253314445331144533114655566667756677777
1111112333331234444423454662555666255567627777772
1222333112435511243351224435144465566666657777777
1111122333112244332254633255466665547776654477775
1222223112233311145331444553444655566666576777777
1122233112444311224431552443655557366675736667777
1111122133313244433324545222455566647557667777766
1223333112223311224431155544666655467675546777774
1111122311222435552243665744366574433657743665777
1112222331242231114443334445366777566675756677555
1122222113333241113324555636445566645576764477777
1222333122333412553441265547166544711654776665777
1122233411122344112334455233455666645776665577777
1122334112234411223341526334555674456667775566777
1222222123333311114431555643557564457766447777666
1222222111233341113334555563445556746666674477777
1222222111344215334461534446153766655376765537777
1111223412223341122534555553445666347777634777666
1222223144223314433331144555114666577776557776665
1111111222233342233534425355444555647766667777766
1222345112234512233451663445166344516737556677777
1122222112234411333541333554666665477665547777754
1223333122223314442531444655146665516676751777775
1111222333111233345526344522644455764655776667777
1112233121233412223341555364756666475556647777744
1222223111142315144235556443755664375776437776663
1222223122333311114331544466554666754467675557777
1122222111113244443325466333546663754576675557777
1222333142233314522351455555144466614666671777777
1111222133324213532421653344665554466775546677777
1233344123354412235441223554112655571666667777776
1111222112223314255534445553446675346677736667773
1222334122223411553341153344155566477566647777766
1111122312222431244443333445366655566675756777775
1111112334144253444625333462577376257777625556662
1122222113233211333345156644555666457576647777744
1222222111332415333441553344156664455677775666777
1122222311124233115443655544366574433657776665777
1111112333412233342223444525644555566777756666777
1112222131244213134425333466557344655766665577777
1223333122344311244431122544615555566675776667777
1122222311425531142553144555344667733466773666777
1122234122233411523341155334655557466777746666774
1122233111124355122435662443566644356764735577777
1112344112233411233342223544666655467667557777755
1222233122233311143351614455664445566747756677775
1111112133322243332524366255446777544677754666755
1122222112333211453331445366744556674475667777556
1222223123333312344451144645117664577766557776655
1122222111132244413554643355464733566777356667775
1112222311444231155423335542363574466557776666777
1122222112333411235546133554663555476666447777774
1222222113334211344451334645136465576666557777775
1222222133444213345661344556134555613757661777776
1111122113333233322224455555444456647775667777666
1222333124433312244351266445116664571776557777655
1111222133442211345523334552364445566666756777777
1122223412225341111534444553466553366657376677777
1111223122223312433351644435666455567744556677777
1122222311114235514423555466357546633744663777776
1111122311222234425553346655344666534766753477777
1112223411233341122354442335466655546765756677777
1223333122334411223546112554661557466557746677774
1122222111122314433334453663455666645777764555777
1111222131124233522463355446335744655577467777666
1111112134442233445223645522364555736667573667777
1222223124442311554431115443555563377766637777666
1222223124333312455531446653144465517776651777766
1111122344411233344225344662533566255556667777777
1122223111422315144235544443566673355667375667777
1111111222233324445332445553246557364657776666777
1122222112333451233345113664555666457767645777744
1222333122223314444331455466155546611755667777776
1111123112222344223334453366445577645577665577766
1111112133333244433526444552647775266777526667552
1111222133322213334241553444555674756667475666777
1111122133142233444523346452366645266677557777755
1122223122243311144435616643566664355557435777777
1222333111222341125334145563444756647775667775566
1222233111423311542231654443665544366557776657777
1222222123444411333441333546115556655566667777777
1122222113332241133354416355466675546667554477777
1111122133312453332245366224555667456667745777744
1123333112333412222241555544166554466657746677777
1222233124433512433651246365114666514477657777755
1223344123334412234441223556175556617775661777566
1222222133244411334441133546173756677775667555566
1222222111111233444553336445366644536665557777777
1222223124442311144335114336557436657776665557776
1222233122233311133445114444555554677576667777666
1111122334412235541223354426335744655577667777666
1112222132244213334451363345166644577766557777655
1111122333112233445226344572634557764455776666577
1122222112324413334451334455163747566777756666755
1111112133222233332243555444665557466577746667774
1122223111222311443335444366547436655777665557776
1111111222234423333342535554255566466666747777774
1233333124443312424551222445116666516665557777777
1112222112233241533364156336445666644577774555777
1111222113332213334225553444655554466777746666777
1122333122334311222431555444155564477576667777666
1122222111333213333421555444556774455667476666777
1111222132224413352641355564337556437775647776664
1123333112223312244351266445166644566777457777555
1222233124445312244531114453615555366667736677777
1111122133222213332445366664536677455677445557774
1122233114423314422231144433556666655555767777776
1112223411233341122334455236455666645556674777777
1222222111133244411354663335466635544665557777777
1122222111132244153334555366457536647753664477776
1111233112223314423334422555644555766477576666777
1111222133122413322543335554655574467777746666674
1111112133322243332254663525466555544666774477777
1123333122433512244351624775162475516447556666777
1123333122223314522631456667145666714555574447777
1111222111222233444553334555334446577666657777766
1222233112423311142331554463755546675574467777666
1111111233334422253446255344622534766657776655777
1123333112334351222445116247566624756664475557777
1222344122334412534461253346115366615577765577776
1112222111123244566324556633455566344757634777773
1112233114222351423335142663544667754466675557777
1222223124442314454431555333111555366667776667777
1111222111322455332245563334566374456667445677777
1112222111233241523364455366445336645576674577777
1222233111233311223341555554665544466677746677774
1111222331112233342253344455444666577766657777655
1112222331112233415263344556734456674455567777766
1112222113332214333321444566445555645577767777666
1233333122344312224551624445166664516677551777775
1111112314444235464223546222355677733566773556677
1233334123553412354441225544122655716666771667777
1112222112223311444435567743556774356667435566773
1222333111233314122235416666544677654447765555777
1111222311424233144423344552336665566667757777755
1111122133333214443325544222554466657776665577776
1122333122334312444431245555124566516666657777777
1123333122444312244431122453167755566675556667777
1122333412222341111234455553455665347666664777777
1122222112333314235331445556144575644777567776666
1111222112222341443334445663774563377756667755556
1222333122234312533441155446715554671775467776666
1122222122333311444435114633554466657776765557776
1111112133444233344223355442555662256667775667777
1111123112222344244235444333555563677556667777766
1122333142233514223351425555144665614476667777776
1122333122444315224331524443156666715667775556777
1112222111342215534425533344553344675666667777776
1222233111122311444235555433555446377774667776666
1111123441522344155234655223466552346777336667777
1111111223333452223445266344527636455766645577777
1112222111324255133425563444556334756637476667777
1112223122233312433551144345667444566777756667755
1111222133112233334425637442566774455667745556677
1122234122223411133341553344655554766675476667777
1111123455122345512234556223445633374466667777776
1222333144222314425531444553116655316675776667777
1112222133333214444321546632154666655477765557777
1111122333112234335523465522446655744665774667777
1222223144442311114231556443556677356677335566777
1222333111244315124331522443555674456567776666777
1223334112323451222345116634517664455766645577777
1111111233344422344442235566233756627775667775556
1122222312455531245663114556331445633744667777776
1222222111111233333343556444556677455667445667777
1111222112222341333334444535466755546677556667777
1111112133222244325264435556473556647335664777776
1111112333312234555263452226345666644577764457777
1111122333144255314625333462557446255746627777766
1111111233444422334552333445266665527676652777775
1122222112333411233341555344666555466757446677777
1222222133444213345441633554163557716557771666677
1111222312224431125543355554635774463377746666677
1112223141112344452236445233645555366665736777777
1222223112233311433551143555444675544667776666777
1112333112224311244435224433555647755666675667777
1111122133144233444223344225635555566657776667777
1111112341222234442253334445366665536777556677775
1222333144223311442331445266147556617775667775556
1123344112234411233441223554662355566677556677777
1112222311244431124553332445366774536777756666755
1111222112223241555334445633444563377556667777766
1122234122233412533341156344155664755667475667777
1111122113442233344425533442556366255666675777777
1111222333111234355524433552446655274466667777776
1111122334411233422223445555344656537766657777766
1111222113142253344225533446755334677556467777666
1111122133322413222445333664555566457776645777764
1222223121423311144335514433554466657777765577666
1112222113224211334456334455663744566375556677777
1223344123334412335641222564111556477555667777766
1111122313312233332224555566444556647445667777776
1123333122233415263441526664152676415777645557774
1112223112242315624331564433556647355644775667777
1122223112444312254431665433166543366555576777777
1112222311144235514223555466337546637754463777766
1111112331222233324423344445677455567777756666655
1111233411223344123354662535462255546666574777777
1222233111122344112335444436555463675556667777776
1112223122224311544431554443665553366775736667777
1112222131112233444423344545637755563677756666775
1112233111422314442534466253477625377766537766555
1111111222234455223445523344566377456337775666677
1222222133234413333441155546715554671756467777666
1122222311144233155426315544633355467777546666777
1122222311422533144453611455366745536674753667777
1122333112233411223546162354666655476775447777554
1111122112222344444234543333555563657766665777776
1122222112234451333345133664516666455576445777777
1112222131122233314456634445633474566667557777755
1123333112232314422231145555444555647766667777766
1112222113224211334445553444565333756777775666667
1111111222344423333342555534266654426675576677777
1122233112233311422335144444554666655766765577777
1122222112334451233445133444513666657777765557766
1112233141222314223331444553664457766555576667777
1122222132344213333451113445666445567777556667775
1112222132244413255541333544133556477756667777666
1111111222222233445663345556344755634477563777766
1123333122233312444451264445126555516675776667777
1111222111332244553324455632445563347576667777766
1112223111222345152334555553444443366667776667777
1222223114223311444331155443665574365557776666777
1222233121244311124331544443555555366666776677777
1111222113322241532664553366455536645773764447777
1222222123333411556341155634715563477756647776644
1222223144223314444331111433566666656777775555577
1112222131122213444445336464553666755366775537777
1111112133444233442223354262355466655557667777776
1222222111344211536441553644553366453366675777777
1112333141235344123534412255442266566666557777777
1222233124223314444331455436115776615577765577666
1122222122334511334451634445163374566677756677755
1222223111244351124335614473566447355677735566677
1112233112244312224331566433555644456666775577777
1233333122234312254441255554166655416777741666777
1122223112444311245431624543666555366655337777777
1111222331224231155423333544666655467766547777754
1112222113344211354223335446355554677576467777666
1111233112222312233334444445646555566666557777777
1122223412253341255364155336415737641577764477666
1122233112333312243551424655144466577476657777665
1112222133332411553241653324665554466757746677774
1112223142242314444231143333555555566677776666777
1122333122243311224335116477555644756564775666477
1222233122233314433561445556114575614457667777766
1112222113322451134245533444555336477566667777766
1111222314122231456623345766344576634457763555777
1222223111224355164435116443556664357676435777773
1122222111122341553334455336455663645776664477777
1111111222223344223354633355466677544677554667775
1111112333331244553324455552444657266666726777772
1222222112333411133341555344556577465667446667777
1112222113322413332541663354667755466775546777544
1111122314422231444423333542663555566677556677777
1111122112222233444553336445733644577666557777665
1111123444112344422234522633556663355556667777777
1222223123333312444351446665146665514677551777775
1222233122333312444431544666154567615557761577776
1122222111112345555234555333444463377746667777666
1111223144122314222334456733455677345566775566677
1112222111322213334443335544665555466665746777777
1122333122334411233541226554176665477765547776654
1111222314445231145523364452366455236667573677777
1222222112333311144331444435677475566777756666555
1111112334415233446523346652374465277666527777552
1112222111223241333334435555644445566667756677777
1111123144422314544236654223665552365577336677777
1111122133222415342245534444553677753366775666677
1122344122333411223341125364555566457577647777666
1111111222233322244334444533466555566775576667777
1111123144122344442335546223555662355666637777777
1112222111333214333224443566477556644775567775566
1111222333144253114225344442533667755566775666777
1222233122443511244351644335166435517666657777775
1111112344412233442256342255634777563377756666755
1222222112333415333341555554156774416667446667777
1112222113323241133324444535644555566657776667777
1111223114222351442335554233544463655666667777777
1222222113324413333441115344655555466777576666777
1111222133114233333425555442556674256677446667777
1112222131245513224451336645336664573676457777745
1112222111132243333524366355466665547776754447775
1122333122234311255431125543675554467777746666674
1111222344155234115223445552334566633466767777776
1111222134125513462253346255344655734467773666777
1111123142122344222534446653747665377765537766553
1111122113222244333324443536475556647575567777666
1223333122222311145336114555666454566644457777777
1111112314444233345423555542335666277576627777662
1223333122344312234451266445111645577666657777755
1112222331112233341423544446354766655576665577777
1112222111232241553364553336455736645777664447776
1112223411222341155234446553466655346766537777773
1111222334111233442223345555344456677775567776666
1222223142253314445331464553146657311655776667777
1112333111233312222234444555445555647766667777766
1222223144223311444531145453166555366667536777777
1222222111234411533341655734665573466557346677774
1223444123335412233541126354172655417766557777666
1112233141233314225531425553442556647776664777766
1122234111223411223345563334556666456677745577774
1222222112333411333441135554655544465667776667777
1123344152334415263341526634152266415727665577777
1111122134412533442253334425367742566777556666775
1111122134422213344423344552335556675576667777766
1222222111111233333343566664555666455777445777744
1112333112222314526231456663445776344577664555777
1222222111112344155534444553666453367775336667777
1111222314444231142223334456335555677576567777666
1111122345112234566223456662345576734457673345777
1222223122444315554331554443115666317567637777766
1222222111333241153334415553444455677776567776666
1111112331222234225553455556347766634777763444766
1112333411222341152334555223466557746657774466677
1111222341522234152553415556344466633477663777776
1223334123333412225541265554116577416657446667777
1222223112233311133341555444555444675766667777766
1111222331124433312445366247536624756667475555777
1111122134414233544423555462337556273775627776666
1122223111422351444235144463555566377756337777666
1112222113332211334256334455666455564445776677777
1123334122233411223345124444516666756677675555777
1222233122333412335441115554615574466577476666777
1222222111111233444443556447355677733566773556667
1122222111332211433556643335664455566477756447777
1222234122523411155341166534776653476665347777534
1233333122222314455231444555144655611666667777777
1222222123333311334441566474156447715666775555677
1123333142323514222351444255164775516467756666777
1112223411522344152234415563747566374756337775666
1222334122233412533341555644115564417576667777766
1112233144222314425531442653174665377776537766655
1111222133222213455551344456334655634466667777777
1112333111223345122234555523444556746666674677777
1111222111324253332425533644557364455766647777766
1222222123344511344451134655133466577376657777665
1234444123344512233451222335166665516777551667777
1111112133333243555324556522456672246667774446777
1111223114222314444235455423555533366666667777777
1111111222233322233456663445666345577674457777455
1222334122233411253346155734611574466557746665777
1111112334441234442223342255366665736555576677777
1122333122222311143331554444556644755677775666677
1222223123333312434561444456117455617775667775566
1122222133332213334441144445166665577766557777655
1222222133333211144331544444156666655676775557777
1222333112233341225534111556447755647776564477666
1122223111222314443331444335647775567767756666555
1111222313124233312423555444356547766654776665777
1112333441255344125534112553462275346267776666777
1111122333112243322254433555644445566666657777777
1111122113322433332443555224556577465667746667774
1222233112223341113334415566477556644755564777766
1222222113333211133445163744556777455667745566674
1222223114223311444331156433555647755664775666777
1111223114222315444235554423556646357666637777773
1111222113323214333325446772554667755446775546667
1123333112243311244435122244555666455776665777776
1111222131124233322445333444555666457776665577776
1122333122243315224331554444156777415676775566667
1233333123244312224441125466155546615557667777776
1222222133332413355441365544116544761657776665777
1222223112233311444431145433555546657766665777776
1111122333112233332224455555444556647666664777777
1111123114222344423334422533455556655777667777666
1111222311124235552423665447365544736654773366777
1112222132234213333441134444556666655577765577776
1122223411222341155334165533446755344677576666777
1122233114222314424331144433555567755666775666777
1111112312222233333425344446577746655574665577766
1111111222223324233334443555464457566675756667777
1222222111133241133554666335446735546677754467775
1222333112334412233441526664155564415556667777777
1112223141223314526631452633445666345576774557777
1111122331122233333224444555466665546675574677777
1112222133324211333421534444555564657756667777766
1122233112222311145534444453466665366755536777777
1111111222333425233645523364552666455664447777777
1112222331244233124453311465376446577666657777555
1111122112222233345553634445363445566674756677777
1111122133312244533324553662456666245577674457777
1222222111133241153334445633744566677455567777566
1222233122433512444351144335164777516667556667775
1222223123333312345661444556114455671475567777766
1111112331222243333254366725466777544677554466755
1111122133222213334526337455666745566774456777445
1222333124223512433351146665114666544477657777755
1112222113333241335524135552444565644776667777766
1112233441233341125334412555642257764655776666777
1111223112222314423334444533455556677755667777666
1122333122233412233441554446155476615557667777766
1122222134244213444451333335166555516666657777777
1111111222223322443335444463546666355776675557777
1112222112233214433331444453677475567777556666655
1222234112223411133345163374566667456677745555774
1222233142223314445531464653176465317666551777775
1111112331444233555423655442367554236777226666777
1112233111223344152234455523644457366655776667777
1122222111223415155345555334666333466677746777744
1112223122223314433331144445666455567667756777755
1122333144235314422531644253166425517666657777775
1122223112233311243431544443655574766657776665577
1222223142523314555331445663147576314757661477766
1111222333112234315524435552443556674466667777776
1112223441222344125534611553467753346675536667777
1112333111244355122435622243566644355666475777777
1222333144222311442331546773154667715466775555667
1222222123333413353441115444166545766655576677777
1223333142233314422251144555164455716667576667777
1111233112223341223334442556455556645766664777777
1111222311122233444423546666354677635477763555577
1222222111333211443556164355666433566444557777777
1111111233333422553342255644277566427756447775666
1111222111333244443224445326555533657666665777777
1111222111222233334443334454666455567667756777755
1111223114522341452234445623455566377576337777666
1222333111223411122345555334556774465677746666774
1122222111132244413334555333445556674576667777766
1222333123334312224441155544166554716665576677777
1123333112323341222554166255416666547777654447775
1222222133342411354441335546173554617556667777766
1111233141222314442235444263556666355667735577777
1111222113323214333324444442556666655556675777777
1122223144222314444531146653176655377765537776653
1222334122234411123341153364555776457776645577666
1222223124442311443331145336174556677555667777566
1222223112244311144335614433566647355666775557777
1111222133333211332224555666455667644557764447777
1111222113224561332456333245663444567777456677755
1111112334512234452263455526345772634576663477776
1222333122243312444351114435617747566677756667555
1112222132232413333441354446155546655577767777666
1111222311142235554223544446355746635776663377776
1111222314112233445223444556345556637566663777777
1222223124442311144335144336515773655576665777766
1222223122443314444331555463157566315777661577766
1222223144232314443331544636155666615577671557777
1122222122334411133341555344555634456667776667777
1222222112333314443331114445666654567755556677777
1112222111332245133324555336477555644766664477776
1111222113442215344225533466555344657337667777766
1222223142233314443331444566111756677775667755556
1122222311124231144453366445366664533765557777775
1122222133332211433551144365444766547776557776665
1223333122344311255431126544172655477765547776666
1112222134422513342451334445136655563675776667777
1222223112233311444335144463515746655576665777776
1111123122222314444235646443566677355667735557773
1111222131444213442223354677335467753566775556667
1222344122234412333441113354166655566755576677777
1222222111324411335541333354667755466775546667774
1112222111133244553224556377455633745666374466777
1112333411233341523664152776445276644527665552777
1111112344441233445623334562377556277555627776662
1222333122234415233441555344111554677756667777666
1111122311444233546423354642335562255576667777776
1111222311222234144453444555336557536667773666777
1111222111342233334253364425666445567745556677777
1111222311442231442253344455333555566777776666677
1111112344155233445523444552336775263667226667777
1222233122233411333546177754611755467775546666544
1222223111142351154235555433564443366477776666777
1111112344441233334223555422356547266655776667777
1111222333112433312243555244556644455766667777776
1122222112333341235534167753416675544677754466675
1111122333311244435524433522646557264657776665777
1223333122223415253341555664175564417666641777774
1111222311224431552463555246355744633374667777766
1111123441412354444235622223566777356667335556777
1223333122234315524431152444165777416555776666677
1112222133224211334441334456735455677555667777666
1122223111222341143334444335466665566777556777755
1111112122222233333443354444555566457577667777666
1122333144233314222351442555114465566666657777777
1233333122233412224441111455666445566677756777755
1122222111123214453364455366455336645737764577776
1111111223333322224335562477556644755664775664477
1111112333122233444223345562444566655557767777766
1222223124442311144335114333556477756667775556667
1111112134442233434225333422555646657766665577777
1111111223344423344552336455223645572766657777766
1111222131332213333224456666445576644557674557777
1222233124255312445531144453614775361677536666777
1123333122224311225431555543155674466667746677774
1222222113323311433351144655774666577446657774655
1123333112222311242331554446557744657774665577666
1111122133412253344425336442536664255766675577777
1122234115223415562341556234155663477666347777734
1112233111222341425234444553466655366765536777777
1222233122333312444431445667145567711566675556777
1111222122223314444331545443555556366666637777777
1123333112344411235461223546725554672755467777666
1111123445112345552234556233445622346666637777777
1112222133224413324441533364155666455557667777776
1111233112223341552334456223455666645567764477777
1112223114422314422331455533445555366777776666677
1222223112132341113334444535446555566666657777777
1112222111223245153334555333444556674466667777776
1112222311144235515423555542333664437766647777766
1111222131224233152446335544637755463675546667777
1112222131112233445523444455336455736666576677777
1111122131222243352554335556433576644477764777666
1111112333122233322425344446555466657547765777766
1122333144235314223551422365144666517466657777775
1223333112222311444231544443156677755666675556777
1111222311224233125443355564733566477756647775664
1112222111223214444356664335667435567743356777755
1122333112443311244435126443522666655567675577777
1223333122243312244431144455611655566665576777777
1233333122224315225431555544165667416667741677774
1222223111233314123531444553446555746665776667777
1111112132222233344243533444555567455666776667777
1111111233333322435562444566244455627775562777766
1122223111222314155334444563774556377455637776666
1111122133144233444425336642553667255666725577777
1222333122244311124431156743555674355667475666777
1111122113342233344223344442555566677755567777666
1122333112233311244435122644556664455676775567777
1223333122223312144431114444556666755567775566777
1111222111332244433256444325666435567773556677775
1112233141422314442331442233555566677555667777766
1122333112233311122234444556455557645777764776666
1122222113224413333441556347155634755567476666777
1111112133332245532224453326445555674476667777766
1111222133224211334425563344556634756666475577777
1222233124444312243331144536115555677556667777766
1111222111223244423354333355445555674776667777666
1111222113332213343526634552644455566477576647777
1111111222333425637342563774256374425667745556674
1222222133334211355441335554116657466675746677774
1111111222222233334443334454666655467765556777775
1111222314122531422553444455333466573766657777766
1222223114232311433331445566144556677455567777766
1122344112233412223341156374555637456567745666777
1222233124433312244431544663155576615757661577776
1222234152223415553341153364115366477576447777666
1112223411223341123334452663455556644556667777777
1122223112233311123334455556445556647777764477666
1222222111233411333541633554666555466775446777774
1111222333111234444423455452335555267777776666667
1111112133334255534425553342665774266674426677772
1111222334122234411253344455366455736675576667777
1111111222333344222334525663455576645577664477776
1112222113333211333224455555446577744656774666677
1222233122233311444351444635114666577766557777655
1111222111322244532334553336456666645567774457777
1111222122223413333341566634555644456667745577777
1222222113444213345451334545113355566666776677777
1111112333312234432225443662544776655477765557766
1111233411122345222334562633456666745577674455777
1122222111232411333345533444556664755677475666777
1111122314222231442553444455333666537766657777765
1111112313322233332456667245677724567744456674555
1122233412233341122334155555415666544776664777776
1123334112333412235441222554166665476667547777755
1222222113244411344551334455163337566677756667775
1122222113322413355541133544663654466665547777777
1122233122223311443331445677145566744566775556677
1112233114223314422351466235447663574766557777655
1122333112223341122334414555644455566666657777777
1111122333311234445523346652744465276666527777755
1111112134442233544423555462377556233756627777666
1111111222233324522364455336445553647577764777666
1112222111322243135554333556444355647776664777766
1122222111233211333334444445646555566665756777777
1233444123333412253441255664125556612756661777777
1122223144442311144235166423555663357566635777777
1112333122222311243331554466555746657774665777446
1122233111222311423335444463554466655766675577777
1112233122233314425531142553644475566647756667777
1222222133234411333341114444556666755676675557777
1222222111133214443331455533445655746666576677777
1112233141233354122335412266544766654476675557777
1222333122224311114431555433556444755667776666777
1111112333122243332224443556447756647755667775566
1112222311222431155443355444365547736567773666677
1122233122423512444351114335664473567777556666775
1122333122223311244431544463154666755667675557777
1111122314222231455263444566344556633755763777776
1111123412222341255534425333446555346667776667777
1112222132224413333341556344156644755567775666777
1111122112222344442335544663554666355766335777777
1122223142223314433351644355166445516677756677775
1222222133324411344451133445166355566775576667777
1111111223333423353442255544266655426777546667777
1222333122233312444341115444166555766557776665777
1122222111322451334445133334566666455667745577777
1223333122223311124435144444515677755566775666677
1223333112222314555231455663144566614757764477776
1223333122234311224431154446155564655566667777777
1112222113242513324551364455336447563674756667777
1223333112243311524346152444615277465555776666777
1112223111244312224335566443555643356664775677777
1111222331222431152443355444355556437776667777666
1222223112233314443331114444555556657577667777666
1223345112334511234451223455126344577666657777766
1122333111233312223451266645666444576447557777755
1111222311122433556243335624375564477556447777666
1111122133344213534425553342566644256766725677777
1122334122233411253341125344555566456666647777777
1111222331124435122243555644356666435566743777777
1111122331312233334425667742566674256567445557774
1222222112333411334445133466515446655576665777777
1112222111132244433254443555433365566666576777777
1122223111122314442334454633545566355576667777776
1111222333124233112423355644555564477576467777666
1122333112333311245551224565724456577444667777666
1111122333112234334223444442555666655667675577777
1233333122222311142431514446555466655747765777766
1222233122243511664351766435177643517664357774455
1111122133122233342553444255364455566647776667777
1233333123443412224441252664155576615557761777766
1112222132244213555441355564135766433377647777666
1233444123344412355541233556127755612276661777766
1111233412223341522234155553444565347776667777666
1111112333142233444425336442556662255666775577777
1112333112223312243351424555444456677755667777666
1112223112222341155334555336457573647777764446666
1111222111222233344443544466355566635577763577776
1122222311112231444443354466355776633577665557776
1222233121233311124431544463554476655577665777766
1222233144222311455531647553164775316447536666777
1223334112333412222341115544665554465577776666777
1122222311244231114553667455366744533677453667775
1112222112233241133354443635477665547666654777755
1122233112233312243351444555164777566447556666777
1122333142223314442231454463115566655576665777777
1122334122233411233541123554666555466667547777774
1233334122223411225341155534155666477566647777764
1111223142223314442231544663557463355776665577776
1111122314442231442223445566337556637775563777566
1222222123333411133441513446557446657777665557766
1112333112244312224331524443555466675556667777776
1122222132455213444551336455133644513766667777776
1222233122333311244431114444555666657556765777776
1223444123344412233541122355166636517766657777755
1233345122334512233451224445166747516677751666775
1122222111123214456337445663774556377456637745563
1111222133122233314526633455644445566747756677775
1111223112223341223334444536745555674556667777766
1111223112222314552334455336455773644577664777666
1111222131122433355243336524666654476675547777754
1112223141233314422331455235444555566677776666777
1111112133334256344425634442563677256667725557772
1122222311122431154443355544633355466677576667777
1222334122333415223341554444155566617756661777776
1111122331412234444423455522366555733665776667777
1111123444112345522234452663455266355776637777763
1111122331122233322443544446354766655576765577776
1111122122222314556634455663744566374455637777733
1112233411223344112234555263455666345777664577776
1122223112333341225334115555444656547466667777776
1112233122233412233341155444555564477566667777766
1111222113124433322543666254366755436675547777754
1223333122223314425531444555164457516666771667777
1233333122334412444441225566172756617775661775556
1111112314444234442223333325666662577776657775555
1111223144222314423331542336554477655777665577666
1111123441122344455236455223645723365577736666777
1111112333312233434524444452677755266677526667755
1112333114233311422235442266544476655777665557776
1111112133345233334524444452666675266777526777552
1112222311122231344443334454635555765577776666677
1111122133344213344425334222555466656666775577777
1111112333331244322225436662544446655777665557777
1112223451226345122634511663455576347757634477763
1111233111423344442335664223556427756662775556777
1111122331144233334425344422556666255667675577777
1112222311422531144253664455366745536674573367777
1111122311322233332445553244555644477566667777766
1111122112222233334443334444555566655566767777776
1112222131455213145223344556344775637476563777666
1111123411222344425334622553466555346675736677777
1223333123334412222441155664115664455576665777777
1233333122224311244431524666154466715556675577777
1111122113333244335324666552446552246665574777777
1222222112333341111334445553464455566777576666777
1222344123334412333451226445166665517676551777775
1123444122334512334451223645162365516666557777777
1222333122223411556341555634177563417756447776664
1111112312222233344526334455663744566774556677775
1122222111232455113345663334566673455667745777744
1222334155233415223341526344156664415676671577777
1111222111322244335524333556435557647777764476666
1111233141122344422234455233465555366666576777777
1222344111234412223441155334665573766557376665777
1111112133322233432225443666554666754446775557777
1222233111233311224431555443555644456666776677777
1112222312245531244553144455316645633766663777777
1233333122243312224441114454166655566777556677775
1222333114222311424431144453666555367775556667777
1111122133332213452223345556444576644557667777766
1111223114423315442235554423566642357666635777777
1111222113332241333324444452455555675777667776666
1111222133332214433321445552446657746655776665777
1111111233333322444432244455267555526777756666677
1111222131324413332443356224775666477555647775566
1112222113322211433356443435664447566777756677555
1122333412253341225534112653441665544776657777766
1122222133442211334445113446555336655766665777777
1112222111233214523364455366455336645577764477776
1111122314122234444223344566335556635575667777776
1222223124452314455331444533166655316667571677777
1111122311222233324445334444536667755667775556677
1233333123445312245551244665124465512666671777777
1122222113244561324556134455613475566347776633777
1222233124425311442531145553144655366666637777777
1222222133244411335441133544617355566777556666777
1122334111223411523345552344565234456777776666677
1112233411123341442334442235666725567775556667775
1111222133223211333324455556447555647777664477666
1111222311442231445523334452633455766655776667777
1111122133312233422253444465346666574766557777755
1233333122223314252561455556145666614476771447777
1111223141122344422334452336455536655777665777766
1112333112233341222354125555466557746666774446777
1122222112233341115334455553446675346677574666777
1222222113332413333541555554165777416777746666644
1222223111223311133334444555444666577776557776665
1222233112333412233541555554115664477776647776664
1222333122244311244431555443115555366777776666677
1122233114223311442231554433555544657776667777666
1123333122223312455531245455114444566666676777777
1111222311122433555243666524366554437665443777777
1222334122333411235541123554165554466667476677777
1111222131222433152443555446335554637777467776666
1111122113422253344225334444553666655366675777777
1111233111223422223345663344566664455567745577777
1112222131324213334421355644735564475556667777766
1112222311444231144523344552367755536677753666677
1111222311442233154223355444635574763557776666677
1122223112433312243351164435666444576665557777775
1112223144252311425531442533446653366665576777777
1222233111233344122534411553647755564477756666677
1223333112233312224451666455167444516774556677775
1111112314442233344423554222355666635766765577777
1112233111223344123354422355446555764657776666777
1112233114423314442231445223555566375576667777766
1111233114122354442235446723546672355667735566777
1112333122222311142335544443566464756666775557777
1223344122344511233451223345116664577666657777755
1111222311422234144253444555336667536667753677775
1122333112334312223441125554655577465777746666674
1111122334112234442223345566734456673775667775556
1111222131444213442223344555366655536666573777777
1222222113324451134445113334555366456666675777777
1223333112234315524431522644156666415766745577777
1111223114423351442335542233544267756666775566777
1222222111123314153334445336445556674755667777766
1111122113322245532264453336455553644466667777777
1223334125533412253341625444162555416667771667777
1122333122333312224441554444115566677755667777566
1122222113245511324551334455663345766344776667777
1222333114222314445231144553614755366677556667777
1222233122244311114331555443556647356664775667777
1112222111232415323445533344556737455677746666677
1222222111233411533441553364557736455766647777664
1222233112423351142335114673554467755446775666677
1222223123333312345551164577116455766645776644477
1111122331122243335224443566474356647555567777766
1111112331222233332425534444556447755677775666667
1111111233344423554642355466235546623757762277776
1112222111233244123354466335466735546777554667775
1111222344111234444423355552355666233576667777776
1112223144423311442335144223566666355667775557777
1111111233444422333342255364722556475556667777766
1111233411123544222354626235466663547776354777755
1111222311122433352243355554355666466667447777774
1111122133422213445523334452663455766645576677777
1111122341222534122553444665333446537776657777665
1111222331444231144223355442366555736665576677777
1122223112433312243331544446157764655576665577776
1111222113322214433325443667544367754666775555677
1122222113333213334521166455666644577674557777445
1122222112233413333441155344655557465667746667777
1122333111233312224431525644755566475756447777666
1233334122233412523441254446155777615577661577666
1111122131222233333245553444556666456677645777774
1112233144225314425531422533144556377756667777666
1222222123334411113441556344555633455766667777776
1111122314414233344423536422553662655576665777777
1122233122422311546631154463555546377754637777466
1222223111232344133334415666741556674455567777756
1111223144442311445236774523677552366775236667553
1111122331412233445526344522633455766645576677777
1112223122232311133334445555466666544766754777775
1222222111334211134443333544555556477566667777766
1111112333312243332224555526445566647756764477776
1122222113224411333341535344555556466666647777777
1111111233333423354442555446255546627777662277766
1222222112333411333341555564155756477776647766644
1111223111442344442235546223555666356667735777773
1122222122333311443531445553144665577476567777666
1111122331122243355524335562435566647776764447776
1123333122233411122345512444556647755664775666777
1122222132444213443441333355166775516677556667775
1111122333414235341423534442555566277756627777666
1122222113324413332441534446153666655555667777777
1112223441223345122334511633456667745567774556677
1222222113333211434331144445664755566675556677777
1222222133334215333441556664175566417556641777774
1111111222223324233354466335446555546667574677777
1222223112333341235364115556471555647777764447666
1122333112444311244435124633552766655276765577776
1112222133344211344425136442553677755366675566777
1222333112334311223445126644516677455666745557777
1111112333221233332224445555465566546666774477777
1111122312222431525543355554367777436767743666644
1111112134444233546223354662355466235556627777777
1111222331122233412556344455633744567777456666775
1233444123333412223441112254166655566555776677777
1111123114222344452234455523645573366577736666777
1122222112332413333441556344155644655566667777777
1112333141233314222231425666444565647755567777756
1111112331442234445523455522345562633666667777777
1222333112244311224536114453666445367675556777775
1223333122343311254446125554612577461655746667777
1222223111122314455331445536447553647775367776666
1122233122223411133341555364777566475556447776664
1111111233444423333342256664225666425577675557777
1123333142553314225531442556144225614776667777766
1122234112233451123445512344556637455663776667777
1111222113332451322245334444553664756667775566777
1122222111233241143334444536774553677756667755566
1222333124333312444451224665177465517666651777755
1112333141222344112234455233445556677755667777666
1123333112334512234451264445126664572676657777755
1223334152333415223441522446155746615576661777776
1112223144423311442335144233555526656666675777777
1233333122223311422556144455617744561677456667775
1222223114232311443331145535444655577766657777666
1122333111232314122234445663445556674755567777766
1112333141223344112334552226445555647777567776666
1112223114522311452234445553464557366666736777773
1122222111223311444335446443555663375556667777776
1122222133332213444551334445116664577776557776665
1111122134122233442553344265377446537766657776655
1111123144212344422234562333456677355567775566677
1222222111332314133331444444566666655777675555777
1112222111123244442334545533455566377756637777666
1222334112233411122345616334566644456567775557777
1222223121142311144335555443566447356667735667777
1222222111133211444335554663554446355666637777777
1222222133334215334461537446155744615577761577666
1233334122233412522341556664155667415566741777774
1112222131224413352441355644337566437755667777566
1122233112233314425531142653744465577746557776666
1222333124223512433351144465714666571466657777755
1222222133334211153441155334666577465557446667777
1112222112223311333345666634555666455574447777774
1222223121233311113435566344556664455766745777774
1111111233344422533342255534625557462677746666777
1112222111322241533334553367445666745567674456777
1111122333112433222243344444555555566777776666677
1112222311112234445253466555344665533476663777777
1111112344221233442223344455367755536777756666675
1233444123334412353461225546112556671275567777766
1111111223334422233546273354627555466775546667774
1222222111123344113354433355466555746667574667777
1111233411223341452234445223645557365577776666677
1222223121442311114335544443566673355667775566777
1123333122343312444441222554116655566665576777777
1223333124343312444551246455122655516667771667777
1222222123334411133341155344665544766557776665777
1222222133333213344441114454661655566667757777755
1112223144423314442331142253666555366555776677777
1111222333112234331253444525444655566666756777777
1233333122244311125431612544666254765555476677777
1112222111322213333345366444566677456567745557774
1222223122433314445361145536114553677475667777566
1222333122234311233456111445677744566674556677755
1122334112223411123345552344555637456667746667777
1233333124444312255431225446125555611766667777776
1223444125333412555341265534126753412677771666677
1112233141123344122356442335644275566667556777775
1112222111123455522345556334566634466633747777774
1122344122334411253341225534155563477576667777666
1233333122433411244441225466125566615577665577777
1111223112223314223334445553644465566666757777775
1112223411252341155234665723446577346657334665777
1222333121222311144335144436555744657777765576666
1111111222333324335532445566245566724566674477777
1222222133244511333451663445166344516775556677777
1122223111123314422534466553466553346775574667777
1222333112333311224441125454666555466665547777777
1111233114123344422335422263544666756667775555777
1222333111233412223541166354776655477765447766554
1122222311122431155443355444355566437776663777766
