1112233412222341152334165533466657746655774465777
1111122122222313333334444455644555566666657777777
1112222111324213333423344444556666755676675557777
1122222112233411333445153664555366455666447777777
1122222111332413135246333544665555466577746677774
1111112331444234445423555552366752236677273666777
1111122134444213455523344552336652236675776667777
1111111222222324444435566643555674356667335777773
1111122133332213422253346655444665547476657777765
1111112312222233444425334446553376655577765777666
1112222112223311444335544443555666357567637777766
1222223144422315544431554333115536671577667777666
1112333122233312244351624445166644566677557777755
1111112122222233333345536444555664456667475677777
1111112334142233444225334622553466657776765557776
1111122331122453662245336624533766457777645557744
1222222111123341155534455653744566377446637777663
1111122331122453222645333664553666475556447777774
1111111223344423355542233554223655466666746777777
1111222131222433142443554446355566635576663777777
1111112313342233344425534422655542765577776666677
1111112314552234455223345552344466237766663777776
1222333111243311124435622473566647756564475556777
1122333122334311235441622554166555466757746677774
1222333111223311452231445563744456674555667777766
1112222113244411325443332544637755563677556666777
1123333122234412233441526444156667715567775556677
1222344112234415223341566374156337415666775556777
1111122131222233332443536444555647456667775566777
1111122333122234412553344255634775564467576666777
1122233111233415223641552364755536475776647776644
1222222111111234445553344445633377563677556666777
1222233112233311423351644445166644566675557777775
1111222133333211435224443525644555564677776666777
1111222331224231124453344445336666577676557777655
1222223144442311554231655443167555316777736666773
1123333142223314252361455276145577614577764457666
1222223111224311554431665543776654376665437777543
1122233112223311423331444556444556677555667777766
1122333112223311142235544463755546675754467777666
1112233111222341452234445553464655366666537777777
1122223111222341553334156663455566344456674777777
1123333122222311142331554444655574766657476665777
1222333144222314445231145533164755516677756666777
1112234151123455512345562234756623477763347776664
1111222111333244533324455322445666674555667777776
1111122133322213333224455666444556645557664777777
1222233114255314425531642553164445316667736677777
1222233111244351124435152443555564366666637777777
1122223412223341113334451663445556674775567777566
1111111222223344253334425553444655377766567777666
1112222131322213334441335664755556475756647777664
1112223112224351124435554443655547367777736666673
1111111222233425253342555334657534467777746666674
1112222133333214433221144555644775564677556666777
1111222134112233445526334452633445566666557777777
1222222123333413353541155554611577466777746666744
1111111223344423334552634455263477526667752667775
1112344111234412223342255534666533466555776677777
1233333122234315524441552444155266611566767777776
1111222331112233342253634455666444566677457777755
1122222111122314443335444336555436657766665577777
1222344125533412553341253344125666411577667777766
1111122133142255334625334462553746275574667777466
1122222311124233114443354466335466655557665777777
1111222312222431444443155467335666735567773556677
1223333112223451162345516234551644456667475677777
1222222112334413335441363554166755416675546677777
1223333122234312243451114445617774566677556667755
1222223121124311144435544673554667356666735577773
1122222133244213333441355544115667455567776666777
1111222112223314233354444335647775564677556666775
1233344123533412255341625554162754416277771666677
1122222311124231314443333445666645566777556777755
1122222311111233333324555666444555644757764777766
1111222113222413334245533444555346657577667777666
1112223114552311455236445523644752366477336667777
1222333112223341112354441535464655546666657777777
1112233112223312233341555554665574467777446666774
1222222111233314455331455563147556344777664777666
1111222331425233145523314452634455766645776667777
1123334112343412234441123554622775566777756666755
1112222113242211344445334647533666753666775555777
1222222111334215133441555334556663457776647777664
1233333122234315526441522664155666417557641777774
1233333123443412244441255666125566612555761777777
1122222111233213333441536664556667455567745777744
1111122331412233445523344522634457766655576667777
1111222113222413324445334446573366657777665555776
1111233122222314424331444433566677755666675555777
1111122314412234444223455526333556677375567777666
1222223124452311145531164453666445376665537777773
1111122133222213324445333466555444657577665777766
1222223124233311444331155463515446655576667777776
1112223411122344415234555523465653346667736677777
1111222131122233333245366664577766455577645577444
1111111233444522334452234455223555677376667777666
1111122314445231455523345552334466273777627776666
1223333122224315244431566643155564415666771577777
1112333122243312254431255443155554467777776666667
1111112133332243555524355622435766244477664777766
1222233114223314425331144536714456675555667777766
1111223111222344225334555536455733644777764776666
1111122344411233344425534222553366655566767777776
1111222333111243333224455552644455766645776667777
1223334112223415233341526744156677415666745556777
1233344122334412234441223566155555615777661777766
1112222131112243333324556636455566644455764777777
1122222113224413333341553664156666455577645777774
1222222113344211344451633345166364577666557777755
1111112314222234455523455662345566634477763377776
1222233122244311114431566473556447356666735557777
1112333412235541223354126365412666547776654477775
1222233124444312243331564473156667715556771556677
1111122113222453324445532466533344657766665577777
1122223112243315524431154443555564377776637776666
1112333122222312444331155443555446657776665777766
1111112333331245336224556662445676245557624477777
1112222331425531142253144445336664537666657777775
1222222133333211134445113644556666456677745557777
1111222113224213334423344445636555566655776677777
1111122333411235344423544422355662755666775667777
1111111222333322234332555466554444655477767777666
1112222133333213453221445555144455674666667777776
1111111222233324553332445553246665544677774666777
1222333122223314453361455556145576614477761477766
1222222112344451134445133664513666753376675557777
1222222111342511134456663345666344567733457777755
1122233112333312224431556447156647755564475666777
1122223112233311124335554443556664456666475777777
1112222134422213444441355555135666533767663777776
1112233122233311224356166435666644577744557777455
1112222131122233144443333444566667755666775555777
1222333124223512466351144635711463577446557777665
1111122113332433322243555524657754466675746667774
1111122133322214536624453362445366644577765557777
1233334123343412224441122554615555761567776666777
1122222311224431555543165574316577433667743666774
1122333112233311123445522444555674756667475666777
1112223441223341112534446253774655377666537776655
1111222113142233344223334555666455566445776677777
1222222123333311435531144655144666544666557777777
1111222311422233142553444556377455633746567777666
1111223144112344452236445523666552367775536677773
1122223412333341255534125663411556644756664777777
1233333122343511244556122455611245766644576677777
1122223412553341225334155533415666641777664477776
1112222111133244453226445333645553764557776666777
1222222133332415563341556344155644715667471667777
1123333122344412334441222564117556677756667775556
1122222311142531144253344445333666577776657776655
1111122131222433225443365554366665436776547777754
1233334123343412244441522266155556615757661777776
1112223112223311442335544443655554366577776666777
1223334122333412253641725564177756417555641776664
1111223441122344122334452336475536677755667775566
1122233111122344412234444553666753367775556667775
1122223144442314442231555553116665377676537777663
1112233112233451222345166634556673456677445577774
1122222113424213344441534666153336655555667777777
1112233112223311233345526644556644756664475577777
1122222113422415344441536647153666755336675537777
1111222131322213332445533644755564475566647777766
1111222111223243333324355555445566644477667777766
1222333111222341125334415536445556647566664777777
1111222333111243555224335552443566644477667777766
1111111233333422235342665554267755426675446677774
1111222131224213352443365554366554436775746667777
1122344112234412223441155346755536677553667777366
1111123142222314455234445523466577366655736677773
1222223122444315446431554663157776315777631557663
1122233144233314422231444553166665516776657777755
1233333122223411152346115244666574465557476657777
1111123444112344442235562223556773356667375566777
1123344112344412233341523664152667755266775556777
1223333122443312544361254446125566615556671777777
1122222113242451344445136466513666755367775533777
1111222333122234415523341555344456574666667777776
1233444122334411223441125336712566677756567775556
1111123122222312433335443666554446655746675577777
1111122113322243332554433255466655546667774467777
1222333112334412223341556664157666415776445557777
1112222131224233114443555544366755433677576666777
1122334122334412333451264445126655516655776677777
1112333122223311244531624753664475564477556667775
1123333122343312444441224555125556517776667777666
1122233122224311444431144553667775366777536667555
1112222314444231445623145562315576633557663777776
1112223112223311423335544346555444675577667777666
1222233114423311422331144443566777755666675555677
1222333114222311425336147553614775566447556664777
1222233114423311142335614237566444755666775556777
1222223144422311444431155333615553766657776665777
1122334122334412253341125534615555466777746666777
1111112133344255334425334442555562266666276777777
1222222123333314443531444455166665516677551677777
1122234511123455112345662234566333456667745777774
1122223112232314433331144444555555566667776667777
1111111223333422534442553344256666425766675577777
1111223144222314444231555423556777355666736667773
1111112333122233444423544662354666255576675577777
1111222133324211322445336644536677455666745557777
1122334112234411223445123334555666457766665577777
1122233112223311243351444635744465577766557776665
1122223112233311423531446653444665574776557777665
1222222111112344415536447553644753366675536677773
1122233111124351622435564243566444356677735567777
1111223111222344425236645533664553366445576777777
1111122133222413225543333554666554466757746677774
1222333122234415233441553446155546617577761777666
1111123141222344422234555553445675366667336677777
1222233112243311124331444443555666655667765577777
1122222311111233334423555446377554677554467776666
1222223124233311444351164335616455566647556777777
1222233122233311443551446355174666517446657777765
1111112331222233334256637425677744566774556674455
1222222113333211443351144535644455566667576677777
1112223141223314422531455553644453366665776677777
1112222131112243355254333555436666544466674777777
1222223112243311154331555433655544466777476666777
1112223111223341552334555263447566344757664777766
1112222131442213144423344555366557533667756667777
1112233141123564122356444235664423567777356677755
1222233122243315544431555433115644617566667777776
1222344122234415523641557364157736415733661577766
1111222311422531442253644755366477533647553666777
1123333142255314422531142253144665577476657777666
1122223144223311425531145553664457366475736667777
1222333124444312244331526436155666615777671555777
1111222113224215334425533444533647755567776666677
1233334122333412244441122455165555716667576667777
1111111223334423333442225546277554677756467755666
1222223121132311133334445555644445566667756677777
1112222111222314444435544633556666355566737777773
1112233411223341152234665723446577346655774665577
1111111233334423334442224455226665577766557777665
1222333142235514223351444435164667516666751777775
1112223441152341155234455223644557366677736667773
1222222111112341333334444536455556645576667777776
1233444123444512333451223555122665516667771667777
1122222311124433152443315564733556477756647775666
1111222333111244335224336572446657744655776665577
1122222111134255133425533346577734655744467776666
1111222111322244433325446377544637755663775556667
1111122333114235333425564442556472256647775666777
1222333111234412223441556347156634755667475566777
1122222311112433331243555444355666455767647777766
1111112133333243536624557662455766245576224447777
1111122331144253344225534426533742657776665577766
1112233142233314423531642255164777566447556667775
1111111233444423444552333555236757522677772666667
1223344112234411223341152364775536477755667755666
1122222112344251333445136644513364756666775557777
1222222111342411334445134467533366755666775556777
1111223441112354444235646623566672355567235777773
1222223122455311145536164553616445366644337777777
1222333124255312445531245553114446317777667776666
1122333411233344122234115526455555647777764776666
1122233111425311442536442253664775366477536677755
1111122311222233333245534444566664456676775557777
1112222331222433144445311644533766655777665557776
1111223112222341255534555563477666344767634477763
1112222131422233144453314445366675536777556667775
1112222111123243333324435566455566647755764477776
1222233111222344111335444433546677755666675556777
1122333112223341112534666253466555546677574447777
1111111233444423334552263445266377526677552667775
1222223111122341133334443555444665566665576777777
1112222111222314455334455553445666374776637777663
1122222113334213334421535446155544655777667777666
1112222131122433512443355546335444677556667777766
1111112331442234444253466225376625537666553777775
1123333412233541222354126555411657546666774467777
1112222111133244555324455532466653346666734777777
1122223122442311143331544363555466655547767777766
1111233112223314522234455563445566344757667777766
1111222122223314444331455333644555766655776667777
1122222312444231115443155554335657463367776666777
1222223124442311443331114433566666656557775557777
1111112331222233224453644475364477536777756666555
1222222111333211433335144466554776654476665557777
1111222311224233124443356647335644755567775566677
1111222311124433322443355264377556477555647776666
1111112331222233445223334555444455677766567777666
1122234112333412233341124444567777756666675555567
1111222133112433332243555624755566475766447777664
1111123142222314422534455553465675346667336677777
1123333112223311122435552444566647755664475667777
1111222112223214445334444553655557366667736677773
1112222331124453312465331246537744655777465577666
1111111222333322444352666435267643577764457776555
1112233141122314422334456263445666355557665777777
1111123122222312444335554433556643756664775667777
1222233112323411233341144444555677756667775556667
1111122113222433325243655544365655436666747777774
1112222112223311443334443355464775566675556667777
1223333112223311112234444456477555647756667775566
1123333122222312445531444553145556614776667777766
1122222112233314433531446355146666574466557777775
1222233111122344112335444636545463655576665777777
1122222122334415333441566334156666415777645557777
1111222344122234115523444555366475536667773366777
1223333122223411253346115444616554466665557777777
1122222133322411334441153344555666455577667777766
1122223122233311455631445563144556374457667777766
1222333122333312455551246557144665714666671447777
1222333112223311112435556643566664455567747777744
1222222113333211434331144445666455566555776677777
1122223112223341553364115336455566644457764777776
1222333112244311124335512443556664456666775577777
1112223142222314444431154553665553366665736777777
1222333121233311122435516644577766457776645557644
1122223112233311123334445555464457766645576667777
1111222113124233344425334442553667756666675557777
1222333112233311224351666445177644577664457776555
1111222113122433333243555524555664476666647777774
1222334112333412223341156664515666455556747777774
1111122344411233452223345662734566673455567777756
1222222111132456133445613347563344756666475557777
1111112344441233454426355552633552263677276667777
1112222341111234455223344555366445736677573666777
1123444122333411222341152334555667456666775567777
1111111222234425223345563344556633455677746667777
1111222113322413352246635544633544466755576677777
1122233122233311423431144444555666756667675557777
1111223441152344415234455523667552367777236666773
1223333112444311224431522443155666655567665777777
1222333122223311111334445555446566546666754777777
1112223111222341425334445553466577346557736666777
1222223121243311114435566433556643756674475567777
1233333122223415522341554444155466617566661777777
1222222111233314155534415333444556674775667777666
1122233112333311224531642455664445567774756667775
1111233144123315422235542623554466357746665777776
1111112333132244333224444225466655566755756677777
1111222134114233444423566422356666735677773555577
1111123441122344442334562223556663355776665577777
1222222133332413354441135554166574416557776666777
1111122344115234455523455622344562637766663377777
1222233111223341552534165553416665344476664777777
1112222131142233514246355444633557466357776665777
1112223111222344152336445337664553764455776665777
1112222113224211333445555364577536477753647766664
1112333112223312242331564444556666455677745567777
1112222131124213335423335544666555466657746777774
1111111223333322223345266644557666455767445577774
1222223111142315554231655433666543366654447777777
1111122133332413552243352244555444675777667776666
1111222113144255344225333426533446655766665777777
1111222131124433322443555244355564635776667777766
1111123142222314425234445553646655366677536777773
1122344112233412233441125346555534677556667777766
1111233141222314442235564423566647355677735566777
1111222331124235162423556644356664435576743577777
1222222111332411533341555634556663457676647777744
1222233112233411233445153444515647755567776666677
1111122311222233332443555554355644466666746777777
1112222122233311333435155544555444677776467776666
1111222113324215332425533344655557466677746667774
1122222111234211333445334444536777756666675555677
1112333121233412223441552364556666457766445577777
1222233144222311444431155463717556377756637755666
1222222111111234555553445656344466633476673377777
1111122341122234442523466655344655536667753377777
1222233114233314423551642375164477516647756667755
1123333112433311244445124666522466652777675555777
1111222133324513222451334445634455566675776667777
1112222132245513244551333445133446566666657777777
1122233122333312444351245555114675564467776666777
1122222133244411323441533364155566455566667777777
1111122133422213445623344562344556635557667777776
1222222111233344115334415553466555347666664777777
1111222133222411333245533644555564477576647777666
1111222134222213444441335546333566677755667777556
1223333122443512224351664435164475516667751677775
1122222111233314125336445533644455564777756666777
1223333124333412444441222556115556617557667777766
1111233122222312433331444444555555657766667777766
1111223411222344123334452363445556655566667777777
1112222111132244553326445333664537764455776665777
1122223112333311243351624445666744566677457777555
1111112344441233334425633642566666255777725557772
1222333122233312444351444555146666517777651777665
1222333112243312244331554446157476615777665557766
1112222311224435112463544446355776635577663357776
1112222111222314433334433555644557764557776666677
1222344123334412334441235566125555617757661777766
1122233112223411523345153344555644475766667777766
1122233122333412233441154444615555566677756667777
1111222133132213333425554442655544765667476667777
1122233415522341522334155533416656741666674477777
1112222331142531144253344425334665577666657777765
1112222331442233114425314466533466655577765577776
1222233111233311123445662344566664455567745577777
1122333144233311422231444425166775566677756677555
1223334122333411223541112554666655476766547777754
1222222112344411333541333654166665476776547777555
1112223122233312444431554463155466355577667777766
1123333122233314222551444665114665574466657777775
1111222334112233441425334442536666655557665777777
1122222311111233333423554444555546456666667777777
1222222121133311133435555344555444466666676777777
1112222112223341133354444335466455566775756667777
1122222113444211334521334455633645566666557777777
1222223122433311144351664335164477566647556777755
1111123455122344512234657723465572346577734666673
1122233142333314222351445555164455716477776666677
1122222133333211434321144444566666655577675557777
1222233111123341122534465553446575344657776666777
1111112334441234445223345552335565266666726777777
1122222311114233144423344566734555673755567777666
1111222131224433152243555444365577436577773666667
1122233112233412233341155544655755466677746667774
1111233411123345552334565273466527744652274666777
1111112333122233442223354466555546657774465777766
1111222133114233355423355442555444266777776666677
1123333122233415622341566244155666415776745577774
1111111222222342433334445336747555674756667775566
1111122133333213342224444255646755564675756667777
1122222311224433144453114465336666573776557777655
1111123441122344422334552233456677355567775666677
1112222331111243355524355552433667746666674447777
1112222113224411352446335574633557463657746665777
1112222111233214423334455336455777645776764557666
1112222113342213334421553344665557466557746667777
1222222133332411153341155634555664456666447777777
1111112312222234444423334546735556673575667777566
1111122112222233333345553644575766457776445776664
1112234111523415552346552234665723466677346777734
1222333112334412234441523544155555617766667777766
1222222113332411333541135554666555466674446777777
1112222311122233314443334454666755466777556677755
1122222314444231155423166544316555533677773666777
1112222112234211333443335664755566477756647775564
1122222111342215134445553344556333465677776666777
1111111222223452333345263374556667456667745577744
1223333122233311244451126445717645577764557766665
1222223144423315442331544633155566615756661777777
1222233111123314122356444335674445567777756666755
1111122134142233444423335422663555566777556667777
1222222111112341555534444553466653346763376677777
1222333122333412234441555554166554416677771666777
1111122113333244556324455632455563247776624777766
1112223441122345512334551236445733645576667777766
1122223142252314445531464553166465317666537777773
1112223141233314223331425666445567645557764577776
1112222132244413325541355544135666433567667777776
1222333124223312443351446655144666511667557777775
1122222133322413536641553364157766415766445577774
1111112333312244432254463255476325547666657777765
1111122344411233442223334452366555566666557777777
1122222111332211433334445636444566675555567777776
1233333122233411244441526447152666715567675556777
1123333122334311244445124646512266655577665577777
1112222133223211333345166744566777455667745556744
1122222111123241533334655553466775344667574466777
1223333122333412225641755564175566417566641777744
1112233144422314222331445553164665366665557777777
1122333122433311244431122444555666655766765577777
1112222131144233314223534446355554655666667777777
1111233122222314442331445336445576655577665777766
1122333112233311224341526444555666456667745577777
1122222132244513444451333345136666516665557777777
1111222131222413334245333444555554657777767766666
1122333411222344122534611553466557344657776665777
1222223112233311443351664435166455566447756777775
1111122132222413244443335446337566677756667775555
1122223122332311113334555666445555644446667777777
1111112334412233444423355542365577266557726666777
1111222111332244433254643325664435566655576777777
1222223124255314455531445633174563317466661777776
1111223415223341552234156623445566344566637777777
1222222133324413533441355444155556617766661777776
1112222111332214433324444356774535677555567776666
1111222314424231144423556642335666633577765557777
1222333124335312443551224555144456617776661777766
1112222113222411333445553664577366457736645577764
1111123141522344452334555223445523366666776677777
1111123441512364555236455523647772364472236667773
1111222133444215334421553642753364275556667777766
1112333441233341123254412225446675566667556777775
1111112331342253334425534462574476257777625576666
1111222111332244332254333555444456566666657777777
1111233441123344212335422236544766657777665555776
1222222123333314335551444465177446517666651777765
1111112333331243555224355522445677244466776666777
1111123112222344452234555553445666347666637777773
1112222112233214444331554333665447766557776665577
1112233411123344412334452223455556655777767776666
1111112334412234444223556472355677235567773566667
1122222311224431115543555544356667433677743666777
1112233112233341122534442553645555764477776666677
1122222311444231145423314555366455736667573667777
1111222113324431322243335664755556477756647775664
1222222111112344415334555533466556347666634777777
1111111233333324445532645557264455726647772266677
1123344112234412233341255344125566675557667777766
1111111223333323345552224445627774566667456677745
1111222331112234444223344555633465566666557777777
1222223111122314453331455533446755546677774666677
1222222111133245113334555663445566344756664777777
1111123456612345661234566623455572344757234777723
1111122333112244355524335552443566247766664777776
1122333112223311224331555444556774455667746666777
1111222113324431322443332544666555466657556777777
1122222113323211133345555344566666457767645777744
1222222111112314455334445333464555366675776667777
1112333141223314125334422555446255546666667777777
1222333111222314444231454663155466355566675777777
1111122311422235544423555542333564477376667777666
1111222111332233332245536774555674455667446667774
1111123441222345152234555523446577346667736667773
1222223124423311144331544463155566355666675777777
1112222112233415233341533664555664456667445777777
1222222111112314444534446653766655376765337777553
1122233111223451622345166334555663455667447777774
1122222113332214443331144435666475566777556677755
1223333122233311122445511446554447657777765576666
1233333123344412224441255467125666715567771556677
1222222121333311144331544463554466655577665777776
1122222111112233333445534446573474657777665557666
1222333124223314442331154446155576615557667777766
1111222111223243333324445536477756647755664775566
1122222111233214443551444355646633566673756777775
1111112122222233333456374445637744566677456677555
1111222131132243333224455366477555647775564477666
1111222311222433155243555544356644433667776667777
1223333122223314255531446655147765514476661477776
1222223111122344115534444553647555367777736666673
1122233112333312223441556644155566475577647777664
1111122313312233342253444255666455566447756677777
1122222111332211334445333464557776455576645777666
1112333122223312452331445566174455677745667774566
1112223114223311442234445553646653366655576777777
1222222111123455511345553334665773466777346667744
1222233112224311114435666433555644355666475777777
1111111223344422533342256334725666475555647777766
1122222133444213444421333555113666577766657777655
1111112333341233554223554442654472265577776666677
1111112333412233544423555462355446277576627777666
1222333112243511124356612435666443567644557777775
1122222111322341133334443555446666547676657777755
1111222133112233333224444555464556546666657777777
1111223411123345522234456623445563345566667777777
1233334125553412553341225444162577416267771666677
1111111222222344423334444553666653367775556677775
1123333122334415234461524446152666615277765557777
1223333123345512344451224665127446517766651777765
1122222133332211334441135444665554766655576677777
1112223112244351266435126443556643356674375577777
1122223112442311543231554333554446756666675677777
1111122113333244333225444622554466655777665577776
1222223111122344411534555553456663344677736667777
1233333122234412543461254446125556611755667777776
1112333411233341222234125566445555647757664777766
1111111222223322444435666443555664357766335577777
1111223444122345112234555523445566377766337777666
1222344122334412253341155634155663415576667777776
1112233141122314222534455553465753346777774666667
1111122311422233342523664455366455536447756677777
1111233112222341255334425553445566346666674777777
1112223411233341223334152667445666744556675557777
1111111222234423333342556364256666455677745577774
1112222331111233345523644452367745566774456667775
1112222133342211344521634455663344567777756667755
1222222112344413333441355364155566417755667777766
1111122133122433322245533644555566475766647777764
1122223122423311144435154333555466675546667777776
1122222311424231144443135554333555566666667777777
1233334123344412354641255466125576612557661277777
1123333122223311122341556644755566477756447775664
1112333141223514122354466235446623546667557777775
1222222112344411333345133444516666657777765555776
1122222113442213344441335564137566673755667777556
1122233122223311443331554444156664655576665777777
1112333112223341152234555263455666744566674477777
1222223122443315554331544433156466715666771567777
1111222133112233445523644452364775536477556666777
1112222131224213354441355544336654736665576677777
1222333123333412244441255445166555511677776666777
1122233122422314443331114435666745567777556667755
1222344122234415523461155346715534671753367777666
1111111222333344223534462253446775564675556667777
1222223112243315544431564433156643715667775566777
1112222311122231445563344566334556634475567777776
1222222133332415553441153344115544677566667777766
1111112331422253344225334426535466655546667777777
1111122333311243356224355622455566645776674447777
1123333122343415234441522244155667715666775566777
1122222112333211453331445636445566645566774577777
1222344112234412233341555344115637755566776666777
1223333112223311112234444455677744566675556667775
1111111222334452223445523334555367456666746677777
1123333112334412253441225564127556477756647775666
1223333122234315522431554444155546611766667777776
1222223112233311133435514444554466657777665577766
1111111222222324444434455333555553366667776667777
1111122344411233444223554226335666635555767777776
1111122113442253344425534462533666253767665577777
1111222131222213344553344455634755563477776666677
1222233112233451123445113344555644755666776667777
1222233112422351443335114366514476655547765777766
1112333112233311222345626644566674455677745557774
1112222131244233155423315544336555477666647777766
1111112313222233322443555444356777455666745666777
1222223112243311144431544463755566377756637775566
1222223124553312455531446653144765317476631777766
1122222111123241333354663355446655544466657777777
1122223111222311444335554443556674355667736667777
1122333111234351124435522643577264455766645777766
1122233122244312444431145533166657366555776657777
1111122113222244333324445366445536655576665777777
1112222311124233312453336645666664577744457777555
1111111233344423344552334655222466527776657777665
1122222122333311113334444444566666755567775556777
1112223441223344122334415533461577766555776666577
1222222113444251344465133346511337657777765557666
1222333124233314422351644455167745516777751666675
1222223112442311444331145433655553765577776666677
1111122312222431244443335464335566655557767777766
1222222113444251334445133364511366755666675577777
1233333122444312245431224546177756611755567775666
1111122133222213333245553664576666457767445577744
1112234122223412553341153334555566466666747777774
1122334111234411223445552344556233756677775666677
1111222131332213333224445666454567645556764577777
1223333124444312254431255543125666615567761777776
1112223141222344115234555533455666344776637777766
1233334122233412553541265554126577416667741667774
1112222131145213344526344752634475563377756666775
1111123144122344222534425553466565376666537777773
1122222111113244553324665733446577344655736665777
1111112333312233445226345522664455566475776647777
1122233122455312445531264453166455316647736677777
1111112313222233334223555446775444675554667777666
1222222111113214333354436355446665546677754677775
1222344125234412523441553334115663615566667777777
1111233111222344442334454263555526357576667777766
1111122133342213334225344462574476657777665555766
1122222312442531144553314465331466537776557777666
1112233112222314442531664553664455367745536677777
1222333114222315442331554463155446615566667777777
1111233111222342223334455553445566647757664777766
1112222113322241135564433556447335644775567777666
1112222112233314526331456663445666344557774557777
1111222311122233344245366444536667453667775555777
1111122333311234432223445662445566745566675577777
1111222131322413332245336664556666457777445557774
1233333122234311122445611244566664455566775577777
1222222123333311344431554466155446715666675577777
1222222123333311435551443555146657714667774466677
1111222314124231444423334552663355566775756667777
1111233122222314452631445663774556374455637777566
1122222133333211143526614355666444567674457777755
1122222311111234445523334555633445566647776667777
1122222113332211443331544443556674755677775566667
1112233112233311223435562644556666457767745577744
1111122311422233345263444526334455677755667777566
1111111233334422533342255664225666477555647777764
1112222112223341333354163775446677544667554667755
1122333112223341122354166635466665544775554477777
1111111222333324235552423355446655746666774467777
1112333112224315244431524433552647755666775666777
1111112333312233342225554426544466655747765777766
1222233123333312244441155546715554671576467777666
1122222111132214533334456377445637744566775556667
1223333122223412553341556664115676415567647777744
1111122344112234445223466525346655533675773667777
1112223114423311442234445233555567356666775667777
1111122113222243332554333555446655744467776666777
1222333114222311455231446553146657344655776667777
1111122113322243332554433255444666547777657776665
1223333112443312224431525446155564615576667777776
1111111223444423334452233545223655577766567777666
1222223111223311443331445663445566645577765577776
1111122331122233333224455567455666744567674456777
1111122331222233124445364477536447753666775555667
1122222111233311425536445553644573364457776666777
1111112133345233444526334552664475266667527777752
1111222333122433311245536624555666455667747777744
1111222131442213342253344655734666573476657777655
1111112122222233333443566744355677455667745566774
1233333122243312244451124645177664517666657777555
1222333124453312445631244563127456611775567777566
1111222113332241333254466325446665544776657777755
1222223112233341155534115653444765374476567777666
1222333124233511422351144435166455566647576677777
1111123112222344442536644253666475366777537775553
1222222113332411354441335444135566675556667777776
1111222133322413332241354444555666455776665777776
1111122314222531422553445555344666634667773367777
1111222113333214333224445552446557764665576667777
1112222111234451223645573364557366457733645777664
1111222111332243335224433555445556644666667777777
1112334112234415223341562374556237455677745666677
1122333111233311422235542677544667755446775546667
1122223122333312443351145555144445567777776666667
1112333122222311425334144535444555566667776667777
1111233111222342223334455366455577645577664477766
1111122344112533422253444265347776533766657776655
1122333142253314425361442536174255617455667777766
1111223112222314444235454333555436655666667777777
1222222111132344413334551363445666745566675577777
1233333122223311142551144265744446577766657776655
1222333111222314125631455563447566344755664777776
1222223122443311444351643335164775516777556666775
1122333122223311142331544444555646756666675577777
1112222311242231444553164445366755533677753666777
1111123142222314552234445533464577366655736667777
1112222113422211344556334475663447566377756637755
1122222112333211453334145553444565574666667777776
1111112314422233455523445522344655736667773666777
1112223415522341552334115233445563644776667777766
1111122133142253334225553462557346675744667777466
1122222133332211134445133546555554677774467776666
1122222112333311244431544433655547766655776665777
1112222112232415533341533644553766457777645776664
1223455112344511234451223345126634566673756677777
1111122131422233342523334455664455566477576667777
1112234112223451162345666234556663455573347777774
1222223124333312433551446555114677514467756666777
1112333111234315522435562443556244456627776667777
1222223122333311143356114555664447564477756667775
1112234122233411233445126374566637456667745555777
1122223111112344456234745623477566347755637755663
1112222111122233333345556634575764457776445776664
1112333121233312222431554446555544677754667777666
1112222112232311333334555566445777645576664447776
1112222113324211533425553644553364457776467777666
1111112134555233455523446522346667234666723477777
1111233144223314422531422653744665377666557777655
1111122311222234444523334555334455566667776667777
1122222113332211343551664335664477564477556647775
1111222133322211432554443655473366547666654777775
1122333111223344112334452255445555674777667776666
1111122133333214453224455322465557746566774666777
1112333122233311123445562244566644455766675577777
1112333122223311122435555643757564475766647776644
1112222331112233314423534444655477766555576666777
1111123122222314443234455333646557764655576667777
1111222333111234355523445662344556274456667777776
1122233122422314444431114553655557366657736667777
1122222112333311234445133466555444655766665777777
1222222113244413334551333445167774516677556666775
1112233141233314423351422255446555746657776666777
1222333112233314224351444455116747566677756667755
1111222331144233144223554442335555677566667777766
1222233111123341522334156663455667744566774455777
1111122131442233334253364425666742567774556677755
1112222111233241553324555336447536644756664777776
1122234122223411155346155534655333466666447777777
1112233441222344125334412533641557766655576667777
1112222112233341123554463355466635546766574477777
1222233111123344412334551253465555746667774666777
1111122333144255314225333442556644256667775667777
1112222111122344455234645533466533746655376677777
1122223111242314124335444433566666355676775557777
1111222113224413332445333244556666456677675557777
1222333122233311123456611445666644576744557777755
1122222111322451133345553664553366475666447777774
1112233121233312223431555544556564476666647777774
1111222113333214335326444522664555764457576667777
1112223114423351422335142336544766654776665557777
1112222111223241553364555536457333644777664477766
1122233112443311224435124463577746357576665557766
1111122313412233344253634225666475566447556777775
1112223141112354444235446223566666356777335557777
1111111222223322444356744435677433567777356666555
1111122333311245533324456722445672745567774566667
1111222314425231142523364555366477533647756664777
1122222111333211333324455556455776644577664477766
1112333111234351522435552443562274456667476667777
1111112134422253344425534672553467253366775666777
1112222112233314423531444553646455366655776677777
1112222122233311333431556644775564477556447775666
1112233111222345126234556633455563745666774447777
1112222131442513442251334455336647536667756677775
1122222111332245133334516663455566644557764477777
1111112312222233334526336455666645567744457777745
1112333411223344122334512266455566645755664777777
1222233112233311243351644445166645566764557777775
1122222312244431554643115464331566635556763777777
1122222111132415333245553334566666457677645777744
1223334122334412334441225564175556617557661777766
1123333112433315244461522446155224675557667777766
1112223411222344112334555663455556344777637777666
1122222111122345133334555536445573647777764476666
1122223111122341552334555333446557744666674667777
1112222311112233333324445566774455674455567777666
1111222133122213444253366445337645577764557776665
1112233112243311224435524463577746355574665777666
1112333141232314522231455523644557764457776666677
1112222112233314423331444355644665566665557777777
1111222133442213345521634452663475566347756677775
1223333122223311244341115444555555466677776666777
1111222131124233334425363442566674455667775556777
1222333142233514233551425555144666611446767777776
1111112333412235542223554426355466635446767777776
1111112333412253444425334622573466257777665557766
1122222112333214443331544366154776655477665557776
1222222113332451113445561334556636457766645777774
1222233123333412355441255664175564417756641777766
1112222111223213333345566634566444455677745567777
1222222111323311333345154444555546477576667777666
1233334122333412244441122545166655516766657777775
1233333122243315524441522466155447615777761577666
1112222122233311455331445336447556647775564777666
1112223441222354116235441663544666355576335777777
1222333111234312225431165543776654477765547766654
1111222111322233332443534444655477766555576666777
1122333112234411253341225634755566475566647777764
1222222111333241113354467735446773544667556667755
1122233112423516243351624335166444566647557777775
1111222131222233134445333464556666455677745567777
1222233122243311114435551433555544466777776666677
1112333111233344122234444422556666655555767777776
1111222334112233441523344452366745566675556677777
1222222133332413553441665347116544716657476655777
1111222112223214433334433566455556647575664777776
1111122134144233444223545626355562635576663777777
1222222123333311111334445566477755644755664777566
1222223121233311143335164444566666455555647777777
1111111222233324523532455553444665344667776667777
1112222331222431114443355554635775463677546666777
1111122311445233444523666452336645273766527777755
1111111223333322234536244455624645566664757777775
1111111223334423353542365554266575426667442677777
1111111233344522344452334455236665527666652777777
1234444123445412333551236555123675712667771266677
1111122341122234422553344445366655537666653777777
1222222111333214334331444455146666576676557777755
1222222111111233444445334466533366655557765777776
1222233124224314444431555553116565316666637777777
1233333124443312254441255554125665612766661777777
1112222131242213444441334555663335566665576777777
1111111222223324255534445553466533344677776666777
1112222111332213333425534444566667456667745557777
1122233142233314225531465553146655714666774467777
1233334122223412253341555544166654716665471677777
1222333122334512634451263455166744516674751677775
1222334122334412533341256774115677415566745566677
1111112344441234552223456277345627733566673556677
1122223112442311444231445553555566377766337777666
1112222133244213334421133455666445566677556777775
1111222131222213444443345555364557536667773666777
1122222112334211533441556334555663456666747777774
1223333124343312444551244655126666512667551777777
1111112313444233342223544262354666655556675777777
1111222111333233334425444462555746255776665777766
1122233111244311224335662437556443755664775566777
1222223111122314443331445363447556677755667775566
1123333112233311224551224445666474566777456677755
1111122131422253442425334446533776655377665577766
1223334112234412223541663354166665417776547777555
1222222111333214133334415566445566645576764577777
1111122311222433335246335524667555466777546677744
1111122133412255342225534446753344675536667777766
1111122333312244431524643352464755266775556667777
1111111233444422333452673445267355526777752666675
1222223111223311444431554443555677365567736666777
1111122122222313333334555566444555647476664777776
1122334112223411233341526364555666455567647777774
1111222133222213444441345555334655736665776667777
1222222113324413355541333554166755416777446666777
1111222344112233441253644425366555536666753777777
1122222112344411233441333544635557765557776666677
1111122134552213455523345522334446637746667777766
1122222113244411324456134455633777566337556667775
1112222131222413444441354666335556635577663577777
1222333122223311444331145455144555566677776666777
1222222123334411553441553364155536417777647776666
1111122113442233344223344525636455566666557777777
1223333112433312244551244455126647516677756667775
1111223411223341442234445233666555366655576777777
1111222133333211332224456666445777644557764555776
1111122314145233444523445552333552266666676777777
1111222111332244332254663335466755546675754467777
1112222113444211334423335642375564677756667775556
1222333124223311442431554443155556615666667777777
1222222113324411533441555346177534677553467776666
1122223122423311444331154443665557366555776667777
1222222111233311333345166664556744455674475567777
1112233112233415522341562334556664455766647777774
1111222311224231335423335544655557467777746666674
1112233141123314222334444253667455566777556667775
1222234112223451333345116364515666455577647777764
1222222133324411133541163354766655477765547776654
1112222311244231124453344455633777563667556667775
1222223112442315543331544463157646315766665577777
1112222312244431244443115555367777536666753366775
1111123114222355444235546423554662357766637777763
1222223121332311113334455566447755644775564777666
1112222111122233334453666645366644537744557777755
1112233112222314245331444533664457765555776666777
1222333122223314455331144566144555614775667777766
1222222111113245133364555536444753644775367777666
1111112334122233422423344445365555566577776666777
1222223124233314445331445553146675516667571667777
1122222112234413333341355444155647755667775666677
1222222134552513445551334456133344611776667777766
1111112133333245353224555522444562744666776667777
1233333122223314422551444555114556671476667777766
1122222111122314455334455333446553746665776667777
1223334123343412234441122545611555566666657777777
1122233111222341523334156637445667744556774556677
1222333112223311442331144556774555674455667777666
1111122133222213342563374556377455677745567444666
1112222311244433122443516664356666435555573777777
1123333112334415236441526644152266455527665777777
1111111223333322345356244555624457562644776667777
1123334112344411233345122264552666455666775577777
1111222131442213342256334445637747563677756667555
1222222111111233444453346455366645537666553777777
1123334152333415223441526644152666415277665577777
1112222131112233333245666344556644755644775567777
1223333112223341112354617255466777546667554446775
1222334123333412553441255554125664411776667777766
1122222314442231444453115555331655633666667777777
1111111222333322244536244553666445367664557777775
1222222111123341333334155666455556644775664477777
1122223112422311143334444533647755566677756667755
1122223122433312444431156433155646755666675577777
1111222344125233412523341555634477563647756666777
1122222311112433331243555554356566476666447777774
1222333142553314255531426573142657714466771466677
1112233141233314222331442555446666547667657777755
1122222111322451133345553344565534466667746677777
1122222113234211333445133446577746655574665577766
1222222133244411344441533336157776615557665577766
1111122334411233442223544426355566635776765577776
1122223112422351144435614643566664355556337777777
1111222113322214433325446633544666655477765557777
1112222111133244333324444532645555766655776667777
1112222113324211333425663344556677455677745566774
1123344122333412234441523466152777615577665557766
1111112344221234552223445566345566634757763377776
1222233112123341112354446335446666574776657777555
1112222111333214433224443356477555647756667775566
1111222133333214443221544326557446657777765557666
1111112344122234555223445552344665733667773666777
1112333121233312224531662455764444576666457777755
1111223112222314244536444453666555367677536777753
1111111233333322344445224646522466655557665777777
1222233144423511422351446635146633516667557777775
1111122313142233334423544422554566675556667777776
1122222311124231144453664455336455537666653777777
1222223122444314445531467553166755311675336667777
1112333122233412526341255634155664475576647777764
1111222131132243333324456662445566647555564777777
1111112344155233465523346552334665274466627777772
1111112333312244433324555222456666745666774557777
1122222311122433144443314564733556675555667777766
1112222113244251333425156344555634756663476677777
1122222111123214333354463355446555746677574666777
1222223111242314444431453333155566675556667777776
1123345112344511233451623445662374562277756667775
1112333441223345112364571236457722645577764557666
1122223111423351442235144333555446657576667777766
1222222133333211114335144466554446675555667777776
1112333112234312223431562447556444755677775566667
1111223111222344425234465553446557366675736677773
1112333412223341252234115663455556644775664777776
1111222311122433332443553244665544766657776655777
1111111233333322345552224455266644566774456677777
1233334122223411223341155564175556477756647776664
1111222113142253344265333426553444655777665777766
1112233122223312444331144453666645566655557777777
1222223122333314443431154446155555615666667777777
1112222133332213433241144444566667755567775556677
1222222111132455513345651334665533476666447777774
1111222113322241355524433556433556644477767777666
1122222113332214453361145336444555647775667777566
1223344122334411253341225534166657416555776667777
1112334122234412333341255544125677455567776666677
1112222131124213344425633344566637456566775557777
1222233111222311444431546643555764355776635777766
1111112333331234355224455222445666647557664777776
1111223441122344122334445233665555366667556777777
1123344122234411223441552334156773755667775566667
1111111222345522234452333445336664576666457777775
1111112134422233542263554426355476635747763577766
1111122133444213344425533342655577265657726666777
1222222133442511344451333445136665516677756677775
1122222112333211134335553466577444655774665777466
1111223142222314423331444335664555567777756666775
1122222111133214455326444533644753366675556677777
1122222112333311233435166744555674456667745567774
1233333122344312224441255554155665411667776667777
1123333122234411253441625344162555466557776667777
1111222111333243333224455662455666744567674557777
1111233111222344552334652237465553746665774466777
1233333123345512244561124456712455671245667777766
1111122133332413332245555524556772466667746677744
1111122133122233333425555542656544466674476677777
1112222111123244443324544333555663657576665777776
1112222131424213444421333456335555675576667777766
1122222311112433134245333444556666456677675557777
1111222133224211324453333455666645567644556777777
1111234122223415226341555634557663475776347776634
1122223144222311455331145333444555677776567776666
