111112312222334245334445366455667558667888777788
111122133322134425633425664445677775687875688885
112222311124331524335554635754688774688874666877
122233114223144233144553164557665577668877688887
112223112223144533144553664453766655767888777888
111111222222333334555364577664557764887764888864
111222311224315524333544366554666754868777888877
111222312244311254355554335664376664777688778888
111112333312433552445562444562777562877766888886
111233114233144223554623544627558677588677888667
122233112233111233444444556667556777566787588888
122233111223141233445536455576485776488766888776
111122131222333244354446355746557766858776888876
122222112333133344114445664555667575677778688888
111111222233224453444453666553667553867777888887
122222111132444133554436555436577836778886778866
112223112333122344155344555647586647886677888677
122222111112333333455566457556477776448766488888
112222311242331144335444635577666557688857688877
111222133244132244135564735564735666775868778888
122223111233411233445536455556477776477866888886
111111222233244433244433556788566778566778556788
122223112333412335416665416665477555478888477788
122333122333122444111455664455666755677777888888
122222111123444133554336554436577776577886888866
122233122443124443155463155563175666777768788888
111111223333233455244455224465788865787866777866
111112331222333224563664566644555547888747888777
111122341142344442355552356652366777366777888888
122233112223144433154436157466557866557886777888
111222133332113322455556444566447566777776888888
111222112223413333444553464577665557668777688888
112222133242133344135544155546775666788886777886
111122331222331425336445666455664475887775888877
111223141223144523444523555533677777678888666688
112223112223411333445553644455667775667877688888
111122112222333444533444536677566667588777558888
122233111233441235441235446655766655776888777888
111112334412355442335442635522665777688787668887
112234111234122234555334565534667774688877668887
122223124423114333114453674558675558677778666888
122233112223111433544443545666555676888776888777
111233142233142553142253446655466775866877888877
122333122333124455124445164555166777666787888887
122222123445113445133455136455736666777886778888
111112314442355542335442365522366777866677888887
112222311442331142335446375466775668755568778888
112222111223144433554333554677584677588677888666
111223122233112333445556445556447766777668788888
122333112233111223444455466455667755688777688887
111222112233144235644435664335677855678885677788
111223441123455123445223455563777863777866888866
112222112332143355144356744356784556788866777886
112223144233142235144635146635777655776685788888
111222133322133425136475666475688475684475888775
112222134425134425134455133355677778666778668888
111122113332455332445532465772465778467788666888
111233122223144423144433555666577776577886588886
111111233334255534256534266544276648277688777888
111123411223444233454263555263575666778868777888
122222134424133444133555113565776665776688778888
111111223333243355244655244655274666777786788888
111122311442344452334552335552666777688877668887
111112133332445532455532456622446788666788777788
111111223333223444523467524467555667856677888887
112223144223114423144563775563775663755668788888
122333112344112334122444556667566777556887588887
112222112332114333444356475556478556778866778886
111222113232133332455667445667445667455877888887
122222121344111344555364555364777366787386788886
122222123334111344551344566374567777568878566888
112222133322114333144555644475677775668875668888
122333122343122443144455116675666775886775888875
112333122333112444512244566674588677558667588877
111123144123444223542233555536777566787866788886
111122312224315424355444335566377566778668778888
111222133322113332444555444555666677668887888777
122222133332111133445555466675446675848677888877
122222111112334444333454366555667558667788777888
122222113332114433144553645577645577688887666887
122333123334122444125454115556775666788866777888
112333122333112245166245666445764455788885777788
111222331222311444333454665554675578677778668888
111122113224553244533246573446573866578866777888
112222132324133344153446155546557776888766888776
122222111332411335446335466655447685777685778888
112223142233142433144453167755667885667885677885
123333122334122254155554116544666747688777688887
111112312222333342355444655544657778677788666888
111112345512344522334552344652366666777777888888
122333112223112443155643755644755684766688777888
112333112223144423154423556477556667858667888877
111233112233122233444445466655766885776885777885
111222133332114532444532647555647758667888667788
112222113342513342513444553647556667886677888877
111222133322133342155444655574666574688877688877
112222112333112333455566455776445776844876888876
111111233334235444235544226555726666776888777888
112223112323142333145556445556477766478776888886
112222111322413335433555445567466667488677888877
111111222222333334344444566666557776577888557888
112222113342133442153644553647556667588867888777
111122122223144453445553645753667773667783688888
122222113332144533114553444555666777668877688887
111222311244351244355244335556366666788888777778
122334112334112234156234556744566777566787588888
111222131242135442335444355677355677886667888867
122222123444113344115334555536577666877776888886
111222131242331442335444635777665778655878665888
111123441223451623455623445623755663778868777888
112222122333111433544443556647556667856877888877
111122134122334422334455364755667785677885667888
112233112334122344125354655554678884677788666778
122234122234111334153344655554657778677788666888
112233112333112344562247566447556647586877588887
123333122343112244112444555666556667588887887777
111111222233233334255554665574677774688784668884
112222312444312444311555335556376666777768788888
122333112343122243115544555446757666777866788888
112222311224311444355664356664355767357777888888
122233111223441123444553467753667555667888677888
111122112222344455344556347566337586377886778886
111112333142344442334222555556577666777786888886
111112133222433252435555436665446788466788777788
111111222333422533462553466555446777466887888877
112222311422314455314555334456736666777868778888
112222112233114433555443655443657778667888667788
111222112232413333444443555556577776877666888886
111112331222333422354444654577655577666687888887
111222111232444432443335666355677885678885677785
111222113322143332445367455567485567488667888677
111112312222344425344675348675388675386675886775
111112334152334552334552444652777682766688776888
111111233344223445223465723465776665776855788888
111122113224333224355444355647556677888677888667
111112334412334422536422536477556677556687888887
111122311222333332456666455556475776477788448888
111222112232133333444555445565748866778866777886
111222113224313244333544655547658777658887666887
123333123445123455122445112645666675688777888877
112222111132443332445533445555677777668878666888
111112133222333422553444566664567764557777888888
122222111233114433544463555463775566788866777888
112333122223142433144455164755667775677885668888
111112133222333244536247556447566477568877568888
111112333312444332554462755462755662777668788888
111112133422335426335426775426775446755866788888
111112122222333444334454355555667777667887668888
111222131122333442334445666645678655778855777888
122222113342133344153444156666556767558777888887
111111222333452336452236455566447566747888777888
122222112344113334155344555346756666777688778888
122222123334113344516344516664556777556877888887
111111233333234555264545264445266777266787888887
111111222333224333254444555546577666777766888888
111122133332133452444452647752677855667885667888
111222113222133344533444555546577766777666888888
112222112324511344533344536647555677888667888677
112222112332114333544436554466557776587776888886
112223122243114443154433655737665777655887668888
123334122334122234115554155564776664776888776888
111233441233411233444222566667588667588877555877
112233144223144423115423555663775566777668788888
111122131422333452637452637455667445667775888888
112234122334123344123544167555667558677778668888
112223122233111334555434565444567777666687888887
112333122333112444122544675554677755666778688888
112222112333112333444566445556475586777886778886
111111222333224335624375644475668475688875688775
111122134142334442333422555666577766578868577888
122233124433124435124435166775166755667775888888
111111233333234444222554265554766658777668778888
122333124433122453112456174456877756877556888866
111112333212343222344455647755647775688875666888
122333122233114234114444555556777756787866888866
111111222222333344536344556644577688576688577788
111222131242133244333444556677588667558667588877
111122133322134322534446554466577766577786588888
111112313322333422444425666475667775688775888855
112233112233122433155446754446755566777766888888
111122331142333442356442556742566788567788567788
111222331112333322444456477456775556877566888886
122233122334152334155544155664166664778888777788
111223112233412233444435666455676685777785788885
111222133322133324156644556664576884577884577788
111112133222334425634425634455666675888775888777
111111222333442223444433566666557786577788557888
122333122243155243155443115446775866778866778886
122233124243124443114553615553666657687777888887
111122133122334442354542355546777566787866788886
111222331124531224533364557664577764577664888888
111222311122344442354546355556377666377868778888
111222111222333444335644735648755688755688777668
111112331222433332445552466555446677866877888877
112223111233144223544433546778566788556778566788
122222123333111143544443546667556667588877588877
112333122223111243555643555644766684767884777888
122234112334512344512334516664556777566887888877
123344122334122344112345615555666785677788677888
111122112222333344536444536747556777556667888888
111222111322433332444435666455766555768888777788
111122331122333342554442564747567777566668588888
112333412253412253411253467558467758467778666888
111122133422133422534446534666577886577886557788
111112314222344452344552336557636857666877888877
122223112233114335614355644475647775677885668888
122333123343122444125454155556177786778886788666
111112133222443225433555436655476668477868777888
112233112233415223415553466657468657488677488877
122233121233111233445555466557446677466877888887
111233122223142433144443556677566677556778588888
112222113322114335664355664355674445678888777788
112222122333114353144355444655777685776688766888
111233111233422223455553465577467778467888466688
111111222222333444333554667544677588667558677888
111222111223445523466553446533466573868877888777
122222123444133334155364156664156677557777888888
111223141233142235442335466555476658777668778888
112222112333142353144453445555667778667878667888
111223111223444223455553465573466673866877888877
112222312424311444331456733556785556788866777886
111122131222333425663455763445764455766888777888
122222112334113334513444555466578886578886777766
111223111233444233454223455666557776587876888876
112222111122334444344555333566777566788586778886
111222133322113332445555455667448667488677888677
111112334212334222334444566666557776555877888887
123333122233112444152444155567856667858667888777
111233111223444223454423657773655778665788665888
122222113332113334516664555674556674888874887774
111122112222333333444455644775668875668775688875
122233124223114333114444555666575566778868777888
111222113224133244553664533674556674858677888877
111111233333234555244555244667246677286677888887
111222133222113444563334566644567778567778558888
111112333122443222443555443555677888667778666788
112222112334112344563334566644566777555787888887
112333122233111234555244665554667774667774888888
112222111122344555344556334566374666377788778888
112222111123444523444533665553677583677788667888
112222113322113444333454675554677755677888666888
123333123443124445122245116665788865788865777765
111222331224331124533444556647566887568877568877
111122131224335244335244355546775666777668788888
122233112233112334514444555554677788667788666788
111222311122333342536644566744567774568877558888
111112333122332224355644556664577664577774888888
112223122323114333514446554666554667858777888877
111122113222443325444335664375677775666755888888
122222133342115344115364755364755664777668788888
111112331422334422344526345566775666755888777888
122222111123144433564333564478566778566788557788
122333122223111453661453674455678445678885677788
122233122333124443114544155556777566777886888866
112223112223411533444553446653777655788666778888
122223122333114435144635144665776655777658788888
111222331242331244351444356777556778566788566888
112222111322441335644335664435666555777778788888
112222111122333345363745667745667445677455888888
123334122344122354112354615554666657867777888887
112223112333122343154446555446775666775886778888
122233122433112433115444555554666788677778667888
122223112423111443555443566643576883576688777788
122223112233411333415666445556455766487777888887
122222112333111333445555445667445677888677888667
111223114233414223444253665553667758677858677888
112334122344123345122345166645667555677777888888
112222133332133442155446155446755666778868777888
122223112243144443114333555556777656778666788888
123333124433122444112546152566755566777868778888
122333112243112443152443555546775866778866778886
111112133332433422444422556777556778566878566888
111222133222143333144455446665766655777758788888
111233142223142233144553644555667578677778668888
122333112334152364152264156664555674887774888877
122222123333144343114445155555667777677888666888
111122311322333342555442565477568447668777668888
111112314552344552364452364752366772386677888887
122222111332141333444443556677566677556877588888
111222122234155334153344555346777746778866888866
122222113234113334513444567884567788566778556678
112222111232144335444435677835677835677855666888
122223112423144443114553555533666678677778678888
111233142223144233144253645555666675688877888777
111222111222333444355544335546775666788866777888
111222133322113332445666455566444576888577888777
122223111223144333144443566677556687556887588877
122222111323114333444535446555666675688777888877
122222111332144335143355446755466775668877688887
112234111234152234652334655734657774657888667888
122333122233124443155444165555167777668887668887
111222131122334424533444553666577866577886577888
111123122223124333444536474556778556778566788886
111112312222333245634445636475666475888775888775
111222131422331442334455366475667775667875888885
111112344142334442533662536622556678577778578888
111222311244312244335446335556775566877776888886
122223122443114433154633154667558667588677588877
111112333122433322444452646755666775677755888888
112222111232144333554336544766547766577868578888
111111222344222344333354675554675588677788666788
111111222333244355224335664445677755688777668888
122222111112334445344555364575366877368887668877
111223112223412533444533664557664557687777688888
111223411233412235462335466655467755467777888888
122233124223144433111443566777586667588867555887
122223124423114443114333556667588667588677558877
112223112233142335144435664555674775677788668888
112223412223411153444453677553677753666758688888
111122333122334142534442566647556667855877888877
122333112234112234516634566444567777568787558888
122333112443112433122444555556777656788666778888
112223114423144523144523665533765588766688777788
112222112323113333444556455566475666477777888888
112222311242311444333354677754678755678885666885
112222113422153444153334553664576666578888777788
111222111222344444334555637755633775667788668888
111111233445236445236445236755236775286677888887
111112333312344442345542677522667588667588677588
111122132222133333455555444445667788666788677788
111112312222333442533444556664556667858777888877
111111222233425233455336445576847576847776888866
111122133142533442553342655442657788667788667788
111112133322333422555442564447568887566877668877
111223122233112443544433554666755566777868778888
111111222234253234553334655544666747688777688887
111122112223444233454637554637588637586667588877
112222111332143332444355466675467775866875888875
111234111234522234552334655344657778677788666888
111122333112433522443552466755467775467788668888
111233142233144253142253446755666775886675888877
112222111132453332455536444536478586778886777866
111122112223456263456663455673455773448873888877
122222133324113344113444555666557776577766888888
122223111423511423544443566673566773586877588887
111222331112333342566642564444566777557778588888
111112133422334422355442355646755666777886778888
112222133224134444133354155556777566877766888886
111112132222333244533664566644557684577788577888
111222133322113424553444653477657777655888666888
122233112223111333444445666475886775886775886755
111112133222333224354444555554677788676788666788
112334112334512334512224566644557668577688777888
112233144223144233144235166655776855776885776888
111223112233144223554443566643566677588777588887
111122131322433332455552456666457668477778478888
111111222333222334566344566644556774588877588877
112223122233111433444453664555667775688875688877
111223141233441233445223645777665577665578688888
112223114233114223544443566663566777558877588887
111122113442333442354422355566777556787866788886
111223111223444223544433556637588667588667588777
111222331222311444333445678845677885667885667755
111112333122333224555244555664777664777664888888
122223112233415553411533466557446667848677888877
111222131242133244335544355546756666776888777888
123333122223144423115446155466775566777586788888
111223114223144223445553465533665777667778688888
111122133332134222534466544766574768577768558888
111111222333242433244443555666555677888667888777
111222133242133244153444553666577668577868577888
122333122333112244115544655544665777666777888888
123344123344122334112564172566778556778856788856
122222113332133344115554655774665744667778688888
122223122443155443155543156643176663777868778888
111222112233412533455533444556747666777766888888
111223141223441223544333546666577686577788557888
111111222233224433444433566666557886557888577778
112223112223144333144453666457688557688577688577
112233112223411253455553444453667777666787688888
111122333112443322444352465555665778677778668888
111112314442333442553342655772665572668877688887
122223111423144423154633554637566677586777588888
122333123343122444112445155555666777688887668877
112222112333112345666345676345776445778845788885
112222112332114333444553446655776885766685777888
111222311442313542333542666544766588767558777888
122234122334123344113445165555665777667778688888
111222133232113332444455464665766655788885777788
122333112333112455162455662445764485766888777788
112333122223112443515443555544666777668777688888
112222311242315544315446335466375668775688777888
122223112233114533144535444555667777666877688888
111122333112334552344552444652776658776688776888
111222133222143335143665444665477665778855778888
111222111332433352444352446755666755688777688887
112234122334112354612354677354677554677588668888
111122331442331442335462555462577666577688778888
112222314225314555314565314466378486378886777786
112222111232415533445336455366456667488887887777
122223111223114443544663554663557683577688777888
122222123333111343551444555644566667888767888777
123333123234122244114445165555766685776688777888
111122313142333442344422566777556678566778558888
111123441223451223455233445563775666777866788888
122223122333114443154643155647558667588677888677
111122113222433325435555436567486667488867488777
122223124423114443154333155556777856778866788866
122222111332133334155444665544665777665787888887
111222112232133334556374556774556774666874888884
123334122334112344152644152677555667858667888877
122223122433114443514643516663557688577688577788
112223112233112333455556477556447776447886888866
112223122233114433514443555546578666778866777888
112223112223415533414553444553666677866877888877
111122133122443322443555443565777566778886788866
111222131332133322445556444556478586778886777866
111222331222311444335554355644775688776688776688
112222312244311544331544637555637775668877668888
111111222333422355462335466665444655788888777778
111222111232433332443567445567845667855667888877
111111223334223334522644566674556874556877888877
111112132222334255334455344655747666777766888888
111111223344223444223554673355677558667788667888
111233411233441235422235445555666667688777888877
112222113322113455333465774465744665778665788888
111123415123445223445523466523666573867777888887
112222113332133432155444556647566647568887888777
122223112233145553145653147653447666477776888888
122333142333142225144465114765887765887765887665
112233112223144523164533664555644785667788777888
111111233333222243254446557446857776855776888866
111233412233412335412555442657466657868677888877
122223124233114553114553664553664478677778678888
111233412233412335412555442657466657668887888777
111122131222333424353444655477655587688887666877
112233111233122233445666455566475886475888477778
122333122344122334111544555554666666777888777888
111222131122333442553344655447665777665778688888
112222312244314444311555333565777765887766888866
123333122453122453112455614455666477677778688888
112222111223451533455563476563476663477788478888
112233122223111333455556455776477766447668488888
112334122334112334122444555666577866557868777888
111122133422133425334425666475667475687775888885
111222131322133332444555444555677778666778668888
112223112423154423154443655573668573688777668887
111222133332143322144445645555667785677788667888
111222111332444432455632455637855637866677888877
122223112423114443514543555533666777668877688887
111111222222333445363445366645766745777785888885
112333122333112224515444555464576666777868778888
122233122333124355114555614475644778677788666888
111112344122344422335452335555677777668878666888
111222133322133342155444655477655487666887688877
111222311242315542355446354466357768377668778888
112233122435122435164435164435666655777777888888
111222111332455532445332455637466677486677888887
122333112223415523411553446655744688766688777788
112222112324155334155334655344666748667788777888
122233142233144235144535146555166667868877888777
112223144423114223144533555553666677686877888877
122222133332111133444555464455666757688777688887
112222311242311444333445637755677885677855666888
112223122443124453116453666453676853777855778888
111123444123454123554223556233656777666777888888
111112334412334422334452666652667855777855778888
112222111122333345364345664445677785677885678885
122233122433112433155444156664557688577688777688
122222111123415533455533445636744666788886777788
122222123333111334515444555664566674868777888877
111111233333223445622455624455664775667777888888
111122113224533324553324555664766644776888777888
123333122435122435124455114465766665767888777888
122233122233111433144444555556758666778866777888
122222113332144533144553144655666675868877888777
111122331122333342554442544666555766777768788888
112233122333122344155554156544776664776688778888
122233124223114333144445165555766665767888777888
111222341225341125346665346665347785347885777888
122222123344133334111444566778566778556788556788
122223144223144443115533165537666557688887688777
112222111322144333444335647755667775666755888888
111223411123442223444333555555677788676788666788
111222131224331244333445677745677755688885666885
111222331112433332455562455566447886747866777888
111222131242331244335554365544766588776668777888
111122311442355542355542366642366647387777888887
122222113424133444133554135566755666777768788888
111222111322444332454333554677556667588667888877
111122333112344222344555344556777756787666888886
122234111234512234515334555364788864788866777766
112223112223114333444356774456778856788556788566
122222123333114343154446155466775566777586788888
122223114223114433144435666535676555776888777888
111123411223422233455336455776457776458766888886
122223122333114433511444555664775566777766888888
112333412333412225412555416665446775866877888877
112233122223145533144553144456778856777866788866
111222131122333332445666445566447568777558778888
112223112443152433152443655473658877658887666877
111222331124331524335524655544677774667888667888
111122331222331425344455364457666557688877688877
112222311142333142533444555554677788676778666888
122233112333122344114444555555677777666687688888
111112133322334425634225664555644757687777688888
111122331122334422354444355677558677858667888667
112333112223142253144553644455666675888677888777
111122313142333442534422556467556667858677888877
123333122223144243114445615555665777668777688888
111122113224333244355244356774556677858667888867
112333112333122245162445666445677485677885778885
111233114233144233442255642555667758677778668888
112223112433122443144433556666577686557888577788
111123122223124443554463574763577763557666888888
112233411223415223415533466557468577468877668887
111122133322134442334552644577666557668857888877
111233441223411233452236457776457776558666588888
111112331442334442536422536662566777558777588888
112222133342133442153467155467558467588667888677
111222131422133425333445666445667555767888777888
112333112334112344562244566274566777568877558888
111112333122433522453526455566476668477778478888
111123122223124453444653466653777653788655778888
112223122333112334156644556664555764887774888877
122233112223114443514643554663556667588887887777
122223112333112334516664566644577774578874558888
112233122234152334155534165544766684766888777788
122222133244113334115354655554666664777778788888
111122314222314442344555366557366657368777888887
111223111233422233456673456677456778456878455888
111112133222334522634555634475644775668877688887
111222113332145322445336455566447586777886778886
123333122334122244111544555546775666877776888886
112344112344112334222354666355677755677758688888
111222314442314452314652336657836557886657888777
111111223333223344225544665744655777665877688888
111223112233122443544433554666755866758886777788
122233112223111333444445465555666675867777888887
112222111322413355443335466665447765777865788888
122333112223411233415555444566478586778886777866
122222111233113333455555444465478866777886778866
123334123444123354125554122556177766777866888886
112222311122341455344455346657366657386777888887
111222311122334525334555634457688447688887666777
112222113342153342153446753446755566788866777888
111122133442133442335422555467585667888677886677
123333123434124444122555125565176666778886777888
111112122222333344534446537746557776557666888888
122223112243144443154553155533666777667787688888
111122314422314442333342555677566667568877588887
112222122333111433554436544776547776588766588886
111112344412335442355422335562775766877766888886
111112122222344444335545333555667777688887666887
111122333112343222345566745556744566774868778888
111112333312344322444452666552776655776858778888
122333112333122244115546555446577746887776888866
112222111332441332544433556477556677588667888867
112234112334512234516234566634567774568877588887
111111222333224333244444555666557776587776888886
111112331442334442355422355552667777668778668888
112223412223411333451663455666455567488877888777
122222132445134445136645136665137865737885777888
122222113324513344511346555346578846777866778886
112222111332144432445433655553665777667778688888
112223122333124343144445165555666657687777888887
122223122333144453114453614557666557686877888877
122222111132144433554333544677556667566777888888
122222133442113344115334655554657777667888667888
111222122233113333455556444576844576887776888766
112223144423145423145523155533666667688777888877
122222112333114335164435664775644775668775888885
122222123333111443516643566644556784577788577888
111222331222331444531644536647555677586677888887
111111222223425553444453666453677753678773688888
111111234444233345236345226555726658777668778888
112222311442331142335546377546775546775866888886
112222111322144333544443566773568877566877556888
112222112342113344553344553664566667588877888777
111233141223144423566423566423556677558877888877
111111222223243333444443556677566877566877558888
111222331122334142534444536666576786577788557888
111111222233422553445553645733644777668787668888
111112344412334442335552366652666752888757888777
122222112344133344113445663555666755688777888877
112233411233411223444423555666557776577766888888
111233112233144223444523645557668557688777668887
112222113245133245133345664445677885677885667788
111222311242314442335544366577368577668557688887
111222311422315442335444335555678888677778666678
122233123333122455114455616445666475688877888777
123334123344122344112245617755667755668775688888
111111222223445523445333645537645777666887688887
111111222223244443544663557763577763578663588888
112223112423114423544433566637566777556787588888
112222113223113333444555464575864675866677888877
112233111233415236445236455266445566777778788888
111222311422331424355444335566785566788886777786
112233122233142533144555146657448657888677886677
122233122334152334154444155566157776877766888886
122222113234513334513644516644557688757668777888
112223114223144233154436555436775566777786888886
112233112233114233544266544466555667858777888877
111111233344223334225554255644775666778886778886
111222131224133324335554665544666574867777888887
112222314442315542315544315666375688377688777688
122233142223144333114445167775667755668785688885
122223122333144433111445667845677855677885667885
112222113322114355444335464355667775677878668888
111222131222133445333445664475688775668875688775
111222311122344452344456355556377776377886888866
111122113222333324356644556444556667587777888887
111122133122433332444442566666555776885577888877
111112313442333442354462555562788562778866777886
111112334122334222334445674555677885667785667888
112233112334122344125344655554657888677778666788
111222111332444322554333564477566677568877568888
112222113232113333445555445675488677488667886677
112233411223411223444533645578655778665788667788
122333122433122435144445115555667788667778667888
112223122433112443515463555463578466778866777888
122344122334125344125346155366155766888776888777
111112133322334225364245664445677775687875688885
111111223333224435264435264455666675888875887777
111222134422134442133345637755667775667885688885
112334122234152234155334155544666777886667888877
111112333312334422554442655742655788667778667888
112334122344123334122554166554665577688877688877
112223112223411333455366457776457766457868458888
112223412223411563441563455563478563778866777888
112233122334112334512644576664576684577888557788
111112313222333425344425647775647885677885666885
112222113242113444553334653774655577666887688887
112333112233112443522444556647588677586667588877
122222111324113344555334565344566666788888777778
111122122223144553445533645337645887688887666777
122222111234551134566334556374856374886674888777
111222311122333324344444555667556677566887888877
111222111222333445334445636455666655777777888888
122222111233143333144455677455677455677888666888
122223144233114233144435155555677777666887668888
122333122345122345116345166645766445777775888888
112223112233412335416735466775466875486875488875
111111222223445233445533445553666777668787688887
112223122423114443154643555663756683756888777788
111222131132433332444442555556788856788866777766
111222311122344442333344567788566788556778556678
111122113222333442553346555546777446787886788866
111222111322455332455633457638457668447668777888
111122333122333122455566445566477568477868477888
122233122435112435611435666435674455678888777788
112222314442311142335644355677356667556887888877
122223122443114433114553664653766658777558778888
111122112222333445663345763445766455776858778888
112333122243115243515243555446777646787666788888
111222133244133224135564735564777564788566788886
111222131242133244533344555546577766777866888886
122222113342113344513664553664577684557688777888
112223411233451223451633456666455677485777888887
122233111233114223444443556667588677558667588877
111122113222333425343455644475666675868875888777
111122311422334422333444555555667888677788666778
111233112233122233444444555566755666777886778888
111122131224332244533346555446775566778668778888
112222133322114333144444556677555677858667888867
111111222233244433255443556643756888756668777788
112233112233142233144555644457666557688777688887
112333122233111223455666455566444576488877888777
111112334122334222344556344566777566788556778888
111122331142533342536642566642567448577788577888
112233112223114423555433554446757766777666888888
111222131224135524335544335644775666777668788888
112222122333111443555443566743566747566777888888
111112134442334222344562355566375586777786788886
111122131224332244355564375564377564778666788888
111111233344233544235564222564778566778566778888
112233411223412233415553445566745886778886777866
111233112223122333456666455566455778447788477888
122333112333412225416555416575446677466887888877
111233411233412233442555462577465577668887668887
112222111232441533467553467553467753467888667888
112223144223144423114563755563778563778566788886
111122113332443322445325445555666667688877888777
122222123334111344513364556664557684757688777888
112222311242331144355664355764355764777766888888
111111222223444233554663544673558673588677888677
111112314422333442335462755462755566788886777886
111223111423544423554423566623567673567777888888
111222311442331442333452667455677775668875688885
112334112344152344152334552667552667886677888877
122223111123441523444533664537665557866877888877
111111233344225344255334225554666677668777888887
111111223333222443244453664755666755677775888888
111233112233144235644235664275684775687775688885
111122113222333342555344665554666744688777888877
111122113222333324355544556774856674886674888677
112222111123455523445333455637488667488677886677
111222131332133322445555446575446677666777888888
111122113422333442354442355666557666577777888888
111112133322433322444552644557665577666877888887
112333122234122334156644157644557668577768578888
122222113342113344513446553466577866557886777888
112222311122314456344556344556377856378886777886
112222133322133455113465774465774865784865788866
111111233333222234524444555546775666777668788888
111223122223145533145563444563747566777668788888
122222111233441135443335644555666657867777888887
122223122333114435614735614775664875684875688875
122333112433122435162455166455667445677777888888
122333122243152543155543116544776664777668788888
112223142223144443115433665573655577688777668888
122223112423144443154533155553667888667788667778
111122131224533244553246533746587746588776888766
111122311222333332455566455666445767487777488888
111222133332113322444555444655666657677777888888
112222111233451233456337456677455667458677488888
122223114233114233514436554466577766587776588888
122233122233114433511444555564777566776668788888
111222131442134442334552633577655577666687888887
111122132222133344533644566674556674587777588888
111111222233243335243655446665477865477865778888
111112331452334452344552346522666577667777888888
111122133122334442355542365447665587668887688777
111122122223145553445663445633745638777668778888
111112331442344422335426355526758566788886777786
111112333312433222444255464555666775866777888887
112222133332113342156644556774556674586874888877
111111223333222334255544666544667554677888777888
112333122233144223145566144556774556788866777888
111112313222333422344445677745678755678885666885
111122113222453332455633455677456667486887488877
111222311244312245334445367775367755667885668888
111222111332433332444552645557648857668887668777
112223112223113333455666445666455577487777488888
111233412223411233444235664555666575868877888777
111222133322144332154366554446755586788886777786
111223411233412223444533645555666577688777688887
123333123344122546125546125546177546777886788886
111122134422133442334452366557668577688557688877
111111222222344444334555333556777566778866788886
111122334122334142354442355566557766877776888886
111112333212433222435555445566748866748886777786
123444123344122334122355116555666657687777888887
111112132222334442333544555554666677668887888777
122233111223141233444453455556777756878766888866
112222122333133344114444555666577666557888777888
112222311112344442345555346575366677388667888877
111222131242331442354446357766357776557866588888
122222111323144333144553446557666557668877888877
111111233333223445266445267445267775866775888885
112222311244311244335544355566357776888776888766
122233111243152243156443556443566677586777888887
111111233444223344225334265557666557667777888888
111111222233244333244435666455677885677885677885
122233122433112433114444555666576686578888577778
111112334412344442355662356622356677855877888877
111112133332445332445552466552467772668777688888
111122313122333224534444555564775866778866778886
111222331422331442351444355556777756778886888666
111222341122345125345555346677344677386667888887
111223112233122433444443556677566677568778558888
112233112233142253145553445566478866477886777886
122222113324113444133455663455677775666775888888
111222131422331442344455367555367588667778667888
122233111223415233415636445666475886475588777788
111222312242311444355464355766355776388776888876
111122133122433552463752463755466775486677488888
123333123435124455122455124456177766777866888886
111222111222333344556334576644577664578868577888
123333123344125444125564125666125766885777888877
112233142233142233144456145556775756877766888886
111122131422533442534442533666557688577688777688
122333122233144235144555144675166675668777888887
111122333112433522443552446555466777667787688888
112222111232133334536644556644556674857777888887
123333122223144423145446155566157776858776888876
112222122333144433114435674555677855667888667788
111123444123445123455523666523666523777788778888
111222113332133432555442567744567884567788666788
111122134222134255334455336455776488766688777688
111233112223414233444235466555776658776658778888
111122314125334425344225334555666777886667888877
111222131442331442334452365557866557866677888877
111223122233144235144335664775664785677785688885
111222133222113334555364555664777664787684788884
111111222223244433566443556743566783567788577888
111222133342133342144442556666557776577786588888
111111222223423333444355446655776685776685778888
111122341122344452334452336657666557688857888777
112222113224113334533444556466756668755888777788
111111222344223345623345663445666755888775888777
111112333312342222344444566666557886577788557788
111222113224133244553444533666557776588776888876
111111233334255344225344225664775668775668778888
112222111322133333455556457776457866477866448888
112223111223145523445553466573446773866677888887
111111222233224563444563474563775563778566788888
122222123333133455114455164455664777668877688887
122222111234113334555334655774657784677884666888
111112331222334422334445664755866775886675888775
112233122333122453144455146455766685776688777888
112223122243111443556643566643556743588777888877
111222331124333124553524655574667774677884668888
122222132344133354113554166544667557667777888888
112223114223154423154433654738657778655788666788
122222112333144553114533644555664777666787888887
111222111232443332443355644755667775688775668888
111122133142335442355462355462775466877776888886
111122331122334552344452344555666677688677888877
111122132222133344553344555544666677868677888877
111222111223456263456663455563477583477883477888
122223124333124433114455614758677758677558666888
122233111223114233444535446555776885776688776688
122233144223144253114553614553666758667788777888
112222112332413335416355446665447655777688778888
122223122443114443114553665573655773666777888888
122223114423114523144533646553666655788888777778
112333112223142553142553444455666777866677888887
111222133222134455133445637745666745687775688888
111222311224331424533444536667555567888667888777
122222123333111433144445666545676555776888777888
112233122223144433144435166655766558776588777888
112233112443112243552443655473665577666777888888
111222311224313424333444555555677777678888666688
111112122222333455333456444456777556887776888866
122223124233144453145453115553666777666777888888
112233122233112443516443556644556667587777888887
123334122344112344122354165557665857666877888877
111223112223142333544443546666577766577788558888
111222131122333324553664566644567448557888777788
111122113342553342553342655742666744677788678888
123333122243122443111455666455676455677777888888
122222123333113453166457164457664557864577888887
122223123333123445114455614457688557668877668877
112222133342133442153444155555666788676788677788
111233141223144423555423556423576888776688777668
112333112344112344552344552267856667858667888777
111122313122333224563644566664555774588874888777
112222113322113333455555454677444667888677888667
111112133322334322444552464557668557688777668887
111222112223414333444453655553666657688887887777
111122314422315422335444635577635577666687888887
112222112332113333455555466657488667448677488877
111223112233142253444553644753667755667778688888
122222112333111344566344556344556667577777888888
112233111233142223445553446555476688776668777888
112223112223144533144536447536777556778856888866
111111223444223344233354266555776685776685778888
111111233334233444225664255664255766857777888887
111223411123444423455523555623766683766888777788
111112333412333442555422655442665777688877668887
111112333312342222344566444566755568775868777888
111122312222314444335647355647355677856667888887
111122131422334422334445635555675888677788666778
111122133122433225433555466575446677466887888877
122334122344122334111354666554676755677775888888
112223112333142243144443555666578886577786577886
112333112233122434124444555667556677588667888877
111222111322444323554333554466557766777766888888
111223122223114443554663544633556677856777888887
122334112344112334122534655554666657886777888877
112333122433112443122544555546777586788886778666
122223112233144533144536145556745666777868778888
112233112233412533412555444665774685776688776888
112333412533412563412566412566472556477777888888
111222111222334444333554366754667755677758688888
111222131142333442334452664755687775688875668875
122222111123144443445563555563776663788863777888
111223111223455223455633445663745688747668777888
111122132224135254335554633544666747866777888887
122223121233111433444443556666566777555787888887
111222131232133332444555446665747665777765888888
122222111332133344153446554466577776558876888876
111222133322133342155544666554676654777774888888
111222331244331244331245666645767655777855788888
122223145223145533145553144663174666777688778888
112222113242113444553364533664557866577886777888
122222123333113444513464515466555766777776888888
111222113242313442333455666455678455678888677778
111112314442334422355426355526375666777868778888
122223124443124433111433555567885667885677886677
111222113324133224533444566664556677588877588877
111122131224332244333444555566577776577866888886
123333122223142553144556144456177856777886788866
111222314222314555314665344665347865377868777888
111122133422134442333442566666567777588877555888
111122133142533342563442566642567748567888577788
122223112233113334516674566674567774588784558884
111111222333423355422355466657466857486877488877
112344122334125534125534126534666577886677888877
111222131122433552435555433666477776477886488886
111233111223444223544263554663556667588877888777
111122112222333344353444555646775666775868778888
122223121323111333444555446555476666778868777888
122222111233141533445533644577664557666777888888
112333412223411223415553465577465777466878668888
112333122243112243156643556444566777567778588888
122223123333124443144546115566755566777868778888
112222113242113344533346555446556666788888777778
112222111322441333444453666653676555778858777888
122344122344112344112355666355667355767888777888
122223112233111334555534556774886674886674886774
111122133124533324553224566664577864577864778888
111122133122443322543366544666547776558877588887
122222123333114435166435167445667455677885778888
112222112323411333444443566677566677555887588887
112222132442133444113554663355677785667885677888
112222112332411433444453665553665577668877888877
122222133324111344153344655547655877688877666887
111222131242331245633445637445677755678758668888
122222112333111343555543544446577776778886888666
111222314222314555314556334456374666777786788888
111233141223144423445623755623775666775568788888
112222113232133334156444756644755666775888775888
122333112333112224155544655744665748677778668888
111122311222334442533344567774568877566887556688
111112333412536422536442536442576668577778578888
111111222223424433444333555666775668755688777888
122233123334122344115446155646755666758888777788
122233124433122443111453666455667555687777888887
122233114223144253114453664753666755677775888888
112222112332113333444444555666755566788886777788
122222111112333334356444756644755688755668777888
111122131222433552443356743556744566778866778888
112333122223142553145563145666445676487777888887
122333122233112443514466514476555776587776888886
111111222223444233454336554376557776587876888866
111222112232415333445366455366445566777788778888
111122134142334442333422555566576668577868777888
122222123344113444113354677355677558677858666888
111112313222333342556642577644577664587764588888
112222311422331444531644533666557886557786777888
122233112443112243154443655553667588667888677778
123344123345123345122445162755166758667788677888
112223112333142253144453445555667777667788668888
111122113322433522433566455566447566747888777888
112223111223144423554443566633567788567888567778
111111223344233444253364255566257586777786788886
112233122333112234155444556644576668577688777888
111222341122341452344455366557336657888667888777
123333122223142553145555144466147776888766888776
111233112223144423444523555553667777866667888887
111222311124333224353444556664556766577777888888
122233111223141423544433546777556778556788666888
122222111233114553664553644573664573864877888877
111222133242153342155344655344657888667788667778
122334122234123334115644155646555666788888777778
111223111223445223445333445677885667855667888677
122333122333122455144455114455677777666878668888
111122133222133324566374556774556774586674888884
112222112332114333554673544677554667584867888867
111111222334223344253344556664576866577888577788
111112331222333322455566445556744666748888777788
111222131224133244333544666547665577655777888888
122222132444133345136645136645176655777758788888
111122311222333244335444665574665777685577688888
112223112443512463512463554463577663577688778888
122233111223144233154443654577655577668778668888
111123122223124433444536455536777556778886788866
112233112233144223144553664455677558667788677888
122222113244113445133345637745667775667885688885
111112132222435552433355436665477766477868478888
112222122344113334155344555364577766777866888886
112223111123455523445523444533666667688887887777
112222133324113424513444553666577688557688777688
122233114223114233154443555466755766777786888886
111122331122333422356477556477566447566487588888
122223112323111333445556445566475776477786888886
112222311442331142533346557446577766578866578888
123344123334122234112554616554666655777777888888
112222112344112344533334566674558677588667588877
112223144423144423155523155633775666778668778888
111223114423514223554423555433666667888677888777
111112331222333324566624566744556774855874888877
111122113332443332445662445662555567888767888777
112222133322134335114455677445667745667785688888
111222331222311455333455664455644777666787888887
111112333122333222445566445776845576848576888776
112222113244133245133445663745677775688785668885
112222111232441333443356745556745586777886788866
111122333122343122344445664755677755678758668888
111222133222143556143566743566743586744588777888
112222113322113444533466534466555776588776888877
111222311122333442353446557746577746588766588886
111122131442334422533442536666566777555877888887
122222112334113344153346755446755566777786888886
111112122222334444334546355566357586777886778886
122223124323114333144555144555677777666887668888
111122132224133524335554365544666674868777888877
111111233334233444222544662555666577688577888877
122233122433124433115446155466555776887776888876
112333122233122443115544665554666574867777888887
111222111222334555334555334666744466788886777788
112222113422113444533464573668573688577668557788
111222311122333324553444566744586777586667588887
122222121334111334566634556634577684577784578888
111112331222344422355444335566775566778886778886
122222113233113334514444554677566667586777588888
111111223333244335224555244655774668776668778888
111222113322133324536444566644567688557888577778
112223112223144333154443654777655577665878668888
112333112233411223456627455677456677456887458888
111222131222133334555434556444756666778886777888
122223112423111433566433556444566777586877588887
112222111322144335644355644335677775688775668888
112222113442133442133345667545667555677778688888
111111222344253334256334256664557764577868778888
112344112334112334562344562277566667555877888887
112222111132444432544633555673588673586677888677
111112345512344552344562334562738862778866777886
