111221332213332134425554455544
111221332213332134524445544555
111221332213332134424445545555
111221332213332134424444555555
111221332213332134425444455555
111221332213332134425544455554
111221332213342133424444555555
111221332213342133425444455555
111221332213342133425544455554
111221332213342133425554455544
111221332213324153245534455544
111221332213324134245344455555
111221332213324135245354455544
111221332213324133245444455555
111221332213324133245544455554
111221332213324133245555455444
111221332213324133245554455544
111221332213322143345444455555
111221332213322143354444545555
111221332213322143354455544455
111221332213322143354445544555
111221332213322143554435544455
111221332213322134445355455544
111221332213322134445354455554
111221332213322134554345544455
111221332213322134445345455554
111221332213322134445344455555
111221332213322133445555455444
111221332213322133454444545555
111221332213322133444444555555
111221332213322133445444455555
111221332213322133445544455554
111221332213322133445554455544
111121222213332444335444355555
111121222213332455334455344455
111121222213332445334555344455
111121222213332444334555344555
111121222213332444334553544555
111121222213332444334544355555
111121222213332444334545345555
111121222213332444334543545555
111121222213332445334455344555
111121222213332445334453544555
111121222213332444334455345555
111121222213332444354433545555
111121222213332444334453545555
111121222213332444334445355555
111121222213332444334443555555
111121222213342553445333455544
111121222213342553445533455344
111121222213342553445534455334
111121222213332443554335544455
111121222213332443554433544555
111121222213332443554435544355
111121222213332443335444455555
111121222213332453334555544445
111121222213332443334555544455
111121222213332443334444555555
111121222213332443334445545555
111121222213332443334455544555
111121222213332443354443545555
111121222213332443354453544555
111121222213332443354435544555
111121222213442333445533455554
111121222213442333445335455554
111121222213442333445334455555
111121222213442533445533455534
111121222213442533445333455554
111121222213442335443555433554
111121222213442335443554433555
111121222213442333443555435554
111121222213442333453444535555
111121222213442333443544535555
111121222213442333443554435555
111121222213442333443535455554
111121222213442333443534455555
111121222213442335443355435554
111121222213442335443354435555
111121222213442333443355455554
111121222213442333443344555555
111121222213442333443354455555
111121222213452334553444533455
111121222213452334553445533445
111121222213452334553344534455
111121222213452334553345534445
111121222213442334553444533555
111121222213442334553445533455
111121222213442334553345534455
111121222213442334445333455555
111121222213442334443555433555
111121222213442334443554533555
111121222213442334453445533555
111121222213442334443335455555
111121222213442334443355435555
111121222213442334443334555555
111121222213442334443354535555
111121222213442334443345535555
111121222213442334453344535555
111121222213342334445335455554
111121222213342334445334455555
111121222213342534445333455554
111121222213342334443555435554
111121222213342334443554435555
111121222213342335443555435544
111121222213342335443554435554
111121222213342334453445534555
111121222213342334443445535555
111121222213342334443545435555
111121222213342334453444535555
111121222213342334443544535555
111121222213342334443355455554
111121222213342334443354455555
111121222213342335443355455544
111121222213342335443354455554
111121222213342334443345455555
111121222213342334443344555555
111121222213332334445355455544
111121222213332334445354455554
111121222213332334554345544455
111121222213332334445345455554
111121222213332334445344455555
111121222213332435554335544445
111121222213332334443555455544
111121222213332334443554455554
111121222213332334553444544555
111121222213332334553445544455
111121222213332334453445544555
111121222213332334443445455555
111121222213332334443545455554
111121222213332334443444555555
111121222213332334443544455555
111121222213332334345444455555
111121222213332334354444545555
111121222213332334345544455554
111121222213332334354445544555
111121222213332434334444555555
111121222213332435334555544445
111121222213332434334445545555
111121222213332435334455544455
111121222213332434354443545555
111121222213332435354355544445
111121222213342333445534455554
111121222213342333445355455544
111121222213342333445344455555
111121222213342333445354455554
111121222213342533445533455544
111121222213342533445334455554
111121222213342333443555455544
111121222213342333443444555555
111121222213342333443544455555
111121222213342333443554455554
111121222213332333445555455444
111121222213332333454444545555
111121222213332333444444555555
111121222213332333445444455555
111121222213332333445544455554
111121222213332333445554455544
111121222213332433554435544455
111121222213332433554355544445
111121222213332433554345544455
111121222213332433354555544445
111121222213332433354444545555
111121222213332433354455544455
111121222213332433354445544555
111121333214432554325543255442
111121333214532445324553244552
111121333214532445324453245552
111121333214432443325442255555
111121333214432443325445255552
111121333214432543325444255552
111121333214432443324552245555
111121333214432443324555245552
111121333214432445324553245552
111121333214432443324452255555
111121333214432443324455255552
111121333214432445324453255552
111121333214432444325543255552
111121333214432444325453255552
111121333214432544325443255552
111121333214432444324553255552
111121222213323443335444455555
111121222213323453334555544445
111121222213323443334555544455
111121222213324553445333455544
111121222213324553345334455544
111121222213323443334444555555
111121222213323443334445545555
111121222213323443334455544555
111121222213324553445533455344
111121222213324553445534455334
111121222213324553345534455344
111121222213324553345533455444
111121222213424334445333455555
111121222213424334443555433555
111121222213424334443554533555
111121222213425334553444533455
111121222213425334553445533445
111121222213425334453445533455
111121222213425334453444533555
111121222213424334443335455555
111121222213424334443355435555
111121222213424334443334555555
111121222213424334443354535555
111121222213425334553344534455
111121222213425334553345534445
111121222213425334453345534455
111121222213424334443345535555
111121222213324334445335455554
111121222213324334445334455555
111121222213324534445333455554
111121222213324334443555435554
111121222213324334443554435555
111121222213324335443555435544
111121222213324335443554435554
111121222213324335543554435544
111121222213324334443445535555
111121222213324334443545435555
111121222213324335543555435444
111121222213324334443544535555
111121222213324334443355455554
111121222213324334443354455555
111121222213324335443355455544
111121222213324335443354455554
111121222213324335543354455544
111121222213324334443345455555
111121222213324334443344555555
111121222213324333345444455555
111121222213324333345544455554
111121222213324333345555455444
111121222213324333345554455544
111121222213324333445534455554
111121222213324333445355455544
111121222213324333445344455555
111121222213324333445354455554
111121222213324533345553455444
111121222213324533445533455544
111121222213324533345534455544
111121222213324533345344455554
111121222213324533345354455544
111121222213324533445334455554
111121222213324333443555455544
111121222213324333543555455444
111121222213324333443444555555
111121222213324333443544455555
111121222213324333443554455554
111121332214332444325443255555
111121332214332445324553244555
111121332214332444324553245555
111121332214332444324543255555
111121332214332445324453245555
111121332214332444324453255555
111121332214352443524335244555
111121332214332443224435545555
111121332214332443524435245555
111121332214332443325444255555
111121332214332443324555244555
111121332214332443324445255555
111121332214332443324455245555
111121334215342553425334255442
111121332214325443254332544555
111121332214322443324553544555
111121332214322443524335544555
111121332214322443324443555555
111121332214322443324453545555
111121332214322443324435545555
111121332214322443254335544555
111121332214322443254433545555
111121333214322443325444255555
111121333214322443324555244555
111121333214322443324445255555
111121333214322443324455245555
111121333214322443524435245555
111121333214352443524435245552
111121333214322443254432545555
111121333214322443224435545555
111121222213244333345553455544
111121222213244333345534455554
111121222213244333345344455555
111121222213244333345354455554
111121222213244333345355455544
111121222213244533345533455544
111121222213244533345353455544
111121222213244533345334455554
111121222213244335543554433554
111121222213244335543555433544
111121222213244333543555435544
111121222213244333343544455555
111121222213244333343554455554
111121222213244333343555455544
111121222213244335543354435554
111121222213244335543355435544
111121222213244333543355455544
111121222213234333345444455555
111121222213234333345544455554
111121222213234333345555455444
111121222213234333345554455544
111121222213234533345553455444
111121222213234533345534455544
111121222213234533345344455554
111121222213234533345354455544
111121222213245334453445533455
111121222213245334453444533555
111121222213245333453444534555
111121222213245334453345534455
111121222213233433354555544445
111121222213233433354444545555
111121222213233433354455544455
111121222213233433354445544555
111121222213244334453445533555
111121222213244333453444535555
111121222213244334453344535555
111121222213244333445533455554
111121222213244334445333455555
111121222213244333445335455554
111121222213244333445334455555
111121222213244533445533455534
111121222213244533445333455554
111121222213244334443555433555
111121222213244334443554533555
111121222213244335443555433554
111121222213244335443554433555
111121222213244333443555435554
111121222213244333443544535555
111121222213244333443554435555
111121222213244333443535455554
111121222213244333443534455555
111121222213244334443335455555
111121222213244334443355435555
111121222213244334443334555555
111121222213244334443354535555
111121222213244335443355435554
111121222213244335443354435555
111121222213244334443345535555
111121222213244333443355455554
111121222213244333443344555555
111121222213244333443354455555
111121333214332444325544255552
111121333214332444325442255555
111121333214332444325445255552
111121333214332544325544255542
111121333214332544325444255552
111121333214332445324552244555
111121333214332445324555244552
111121333214332444324552245555
111121333214332444324555245552
111121333214332444324542255555
111121333214332444324545255552
111121333214332445324452245555
111121333214332445324455245552
111121333214332444324452255555
111121333214332444324455255552
111121333214332443225444255555
111121333214332543425444255552
111121333214332443224555244555
111121333214332443524555244552
111121333214332443224552544555
111121333214332443224445255555
111121333214332443224455245555
111121333214332443524445255552
111121333214332443524455245552
111121333214332443224442555555
111121333214332443224452545555
111121322213332444324553544555
111121322213332444324543545555
111121322213332445324453544555
111121322213332444324453545555
111121322213332444324443555555
111121322213342553425334455544
111121322213342553425534455344
111121322213332443524435544555
111121322213332443325444455555
111121322213332453324555544445
111121322213332443324555544455
111121322213332443324444555555
111121322213332443324445545555
111121322213332443324455544555
111121322213442333425534455554
111121322213442333425344455555
111121322213442333425354455554
111121322213442533425334455554
111121322213442335423554435554
111121322213442333423444555555
111121322213442333423544455555
111121322213442333423554455554
111121322213442335423354455554
111121322213452334523445534455
111121322213452334523345544455
111121322213442334523445534555
111121322213442334425334455555
111121322213442334423554435555
111121322213442334423445535555
111121322213442334423544535555
111121322213442334423354455555
111121322213442334423344555555
111121322213342334425354455554
111121322213342335425354455544
111121322213342334425344455555
111121322213342534425334455554
111121322213342334423554455554
111121322213342335423554455544
111121322213342334423444555555
111121322213342334423544455555
111121322213332334425554455544
111121322213332334524445544555
111121322213332334424445545555
111121322213332334424444555555
111121322213332334425444455555
111121322213332334425544455554
111121322213332435524345544455
111121322213332435524355544445
111121322213332434324444555555
111121322213332435324555544445
111121322213332434324445545555
111121322213332435324455544455
111121322213342333424444555555
111121322213342333425444455555
111121322213342333425544455554
111121322213342333425554455544
111121322213342533425534455544
111121322213342533425344455554
111121322213342533425354455544
111121322213332433424444555555
111121322213332433524555544445
111121322213332433524455544455
111121322213332433524445544555
111121344213342553425334255542
111121344213342553425534255342
111121344213542335423554235542
111121344213542335423354255542
111121344213342334425354255552
111121344213342335425354255542
111121344213342334425342255555
111121344213342334425345255552
111121344213342534425334255552
111121344213342334423554255552
111121344213342335423554255542
111121344213342334423542255555
111121344213342334423545255552
111121344213342333425544255552
111121344213342333425554255542
111121344213342533425534255542
111121344213342533425344255552
111121344213342533425354255542
111121322213324553245334455544
111121322213324553245533455444
111121322213324553245534455344
111121322213425334253444534555
111121322213425334253445534455
111121322213425334253345544455
111121322213324334245344455555
111121322213324335245354455544
111121322213324334243544455555
111121322213324335243555455444
111121322213324335243554455544
111121322213324333245444455555
111121322213324333245544455554
111121322213324333245555455444
111121322213324333245554455544
111121322213324533245534455544
111121322213324533245344455554
111121322213324533245354455544
111121322213322443335444455555
111121322213322453334555544445
111121322213322443334555544455
111121322213322443554335544455
111121322213322443334444555555
111121322213322443334445545555
111121322213322443334455544555
111121322213322443354443545555
111121322213322443354453544555
111121322213322443554433544555
111121322213322443554435544355
111121322213322443354435544555
111121322213422334445335455554
111121322213422334445334455555
111121322213422534445333455554
111121322213422334443555435554
111121322213422334443554435555
111121322213422334553444534555
111121322213422334553445534455
111121322213422334453445534555
111121322213422334443445535555
111121322213422334443545435555
111121322213422334453444535555
111121322213422334443544535555
111121322213422334443355455554
111121322213422334443354455555
111121322213422334553345544455
111121322213422334443345455555
111121322213422334443344555555
111121322213322334445355455544
111121322213322334445354455554
111121322213322334554345544455
111121322213322334445345455554
111121322213322334445344455555
111121322213322435554335544445
111121322213322334443555455544
111121322213322334443554455554
111121322213322334553444544555
111121322213322334553445544455
111121322213322334453445544555
111121322213322334443445455555
111121322213322334443545455554
111121322213322334443444555555
111121322213322334443544455555
111121322213322333445555455444
111121322213322333454444545555
111121322213322333444444555555
111121322213322333445444455555
111121322213322333445544455554
111121322213322333445554455544
111121322213322433354555544445
111121322213322433354444545555
111121322213322433354455544455
111121322213322433354445544555
111121322213322433554435544455
111121322213322433554355544445
111121322213322433554345544455
111121342213442333425344255555
111121342213442333423544255555
111121342213452334523445234555
111121342213442334223445535555
111121342213442334223544535555
111121342213442334523445235555
111121342213442334223344555555
111121342213442334425334255555
111121342213442334423554235555
111121342213442334423545235555
111121342213442334423354255555
111121342213442334423345255555
111121345213452334523445234552
111121342213425334253442534555
111121342213422334425334455555
111121342213422334423554435555
111121342213422334523445534555
111121342213422334423445535555
111121342213422334423544535555
111121342213422334423354455555
111121342213422334423344555555
111121342213422334253444535555
111121342213422334253445534555
111121344213422334425334255555
111121344213422334423554235555
111121344213422334523445235555
111121344213422334423545235555
111121344213422334423354255555
111121344213422334423345255555
111121344213452334523445235552
111121344213422334253442535555
111121344213422334223445535555
111121344213422334223544535555
111121344213422334223344555555
111121322213244332543555435544
111121322213244332543355455544
111121322213245332453444534555
111121322213244332453444535555
111121322213244332445335455554
111121322213244332445334455555
111121322213244532445333455554
111121322213244332443555435554
111121322213244332443544535555
111121322213244332443554435555
111121322213244332443355455554
111121322213244332443344555555
111121322213244332443354455555
111121322213242333445534455554
111121322213242334445335455554
111121322213242334445334455555
111121322213242333445355455544
111121322213242333445344455555
111121322213242333445354455554
111121322213232433354555544445
111121322213232433354444545555
111121322213232433354455544455
111121322213232433354445544555
111121322213242533445533455544
111121322213242534445333455554
111121322213242533445334455554
111121322213242334443555435554
111121322213242334443554435555
111121322213242335443555435544
111121322213242335443554435554
111121322213242334453445534555
111121322213242334443445535555
111121322213242334443545435555
111121322213242334453444535555
111121322213242334443544535555
111121322213242333443555455544
111121322213242333443444555555
111121322213242333443544455555
111121322213242333443554455554
111121322213242334443355455554
111121322213242334443354455555
111121322213242335443355455544
111121322213242335443354455554
111121322213242334443345455555
111121322213242334443344555555
111121344213442333425534255552
111121344213442333425354255552
111121344213442533425334255552
111121344213442335423554235552
111121344213442333423554255552
111121344213442335423354255552
111121344213442334223545235555
111121344213442334523545235552
111121344213442334223542535555
111121344213442334223345255555
111121344213442334523345255552
111121344213442334223342555555
111121344213442334425332255555
111121344213442334425335255552
111121344213442534425333255552
111121344213442334423552235555
111121344213442334423555235552
111121344213442334423352255555
111121344213442334423355255552
111121322213224333345444455555
111121322213224333345544455554
111121322213224333345555455444
111121322213224333345554455544
111121322213224333445534455554
111121322213224334445335455554
111121322213224334445334455555
111121322213224333445355455544
111121322213224333445344455555
111121322213224333445354455554
111121322213224533345553455444
111121322213224533445533455544
111121322213224533345534455544
111121322213224534445333455554
111121322213224533345344455554
111121322213224533345354455544
111121322213224533445334455554
111121322213224334443555435554
111121322213224334443554435555
111121322213224335443555435544
111121322213224335443554435554
111121322213224335543554435544
111121322213224334443445535555
111121322213224334443545435555
111121322213224335543555435444
111121322213224334443544535555
111121322213224333443555455544
111121322213224333543555455444
111121322213224333443444555555
111121322213224333443544455555
111121322213224333443554455554
111121322213224334443355455554
111121322213224334443354455555
111121322213224335443355455544
111121322213224335443354455554
111121322213224335543354455544
111121322213224334443345455555
111121322213224334443344555555
111121332213442333425444255555
111121332213442333425554255544
111121332213442335425354255544
111121332213442533425534255544
111121332213442533425354255544
111121332213442335423554255544
111121332213452334523445244555
111121332213442334225344455555
111121332213442334223444555555
111121332213442334223544455555
111121332213442334425344255555
111121332213442334423445255555
111121332213442334423544255555
111121334213442333425544255552
111121334213442333425554255542
111121334213442335425354255542
111121334213442533425534255542
111121334213442533425344255552
111121334213442533425354255542
111121334213442335423554255542
111121334213542335423554255442
111121334213442334225344255555
111121334213442334223445255555
111121334213442334223544255555
111121334213442334523445255552
111121334213442334223442555555
111121334213442334425354255552
111121334213442334425342255555
111121334213442334425345255552
111121334213442534425334255552
111121334213442334423554255552
111121334213442334423542255555
111121334213442334423545255552
111121332213224333245444455555
111121332213224333245544455554
111121332213224333245555455444
111121332213224333245554455544
111121332213224334245344455555
111121332213224335245354455544
111121332213224533245534455544
111121332213224533245344455554
111121332213224533245354455544
111121332213224334243544455555
111121332213224335243555455444
111121332213224335243554455544
111121332213425334253442544555
111121332213224332445355455544
111121332213224332445344455555
111121332213224332445354455554
111121332213224532445334455554
111121332213224332443555455544
111121332213224332543555455444
111121332213224332443444555555
111121332213224332443544455555
111121332213224332443554455554
111121332213222333445555455444
111121332213222333454444545555
111121332213222333444444555555
111121332213222333445444455555
111121332213222333445544455554
111121332213222333445554455544
111121332213222334445355455544
111121332213222334445354455554
111121332213222334554345544455
111121332213222334445345455554
111121332213222334445344455555
111121332213222433354555544445
111121332213222433354444545555
111121332213222433354455544455
111121332213222433354445544555
111121332213222433554435544455
111121332213222435554335544445
111121332213222433554355544445
111121332213222433554345544455
111121332213222334443555455544
111121332213222334443554455554
111121332213222334553444544555
111121332213222334553445544455
111121332213222334453445544555
111121332213222334443445455555
111121332213222334443545455554
111121332213222334443444555555
111121332213222334443544455555
111121332213422334425354455554
111121332213422334425344455555
111121332213422534425334455554
111121332213422334423554455554
111121332213422334523445544555
111121332213422334423444555555
111121332213422334423544455555
111121332213422334245344455555
111121332213422334243544455555
111121332213422334253445544555
111121333213222334425554455544
111121333213222334524445544555
111121333213222334424445545555
111121333213222334424444555555
111121333213222334425444455555
111121333213222334425544455554
111121333213222433424444555555
111121333213222433524555544445
111121333213222433524455544455
111121333213222433524445544555
111121333213222435524345544455
111121333213222435524355544445
111121333213442335425554255442
111121333213442533425444255552
111121333213442533425544255542
111121333213442533425554255442
111121333213222334245444455555
111121333213222334254444545555
111121333213222334245544455554
111121333213222334254445544555
111121333213222433254555544445
111121333213222433254444545555
111121333213222433254455544455
111121333213222433254445544555
111121333213222435254355544445
111121333213422334425554255544
111121333213422334524445245555
111121333213422334424445255555
111121333213422334425444255555
111121333213422534425354255544
111121333213452334524445245552
111121333213422334254442545555
111121333213422334224444555555
111121333213422334225444455555
111121333213422334224445545555
111121333213422334225544455554
111121333213422534225344455554
111121333213442334224445255555
111121333213442334225444255555
111121333213442334524445255552
111121333213442334224442555555
111121333213222332445555455444
111121333213222332454444545555
111121333213222332444444555555
111121333213222332445444455555
111121333213222332445544455554
111121333213222332445554455544
111121333213222432554355544445
111121333213222432554345544455
111121333213442334425554255542
111121333213442334425442255555
111121333213442334425445255552
111121333213442334425544255552
111121333213442534425354255542
111121333213442534425344255552
111121222212333444435554355543
111121222212333444435544355553
111121222212333444435454355553
111121222212333444435443355555
111121222212333444435445355553
111121222212333455534445344553
111121222212333455534455344453
111121222212333455534545344453
111121222212333455534555344443
111121222212333445534555344453
111121222212333444534555344553
111121222212333444434553345555
111121222212333444434555345553
111121222212333444434554355553
111121222212333444534545345553
111121222212333444434543355555
111121222212333444434545355553
111121222212333445534445345553
111121222212333445534453344555
111121222212333445534455344553
111121222212333444534455345553
111121222212333444434453355555
111121222212333444434455355553
111121222212333444534445355553
111121222212334555345333455444
111121222212333444354433545555
111121222212333444335444355555
111121222212333455334455344455
111121222212333445334555344455
111121222212333444334555344555
111121222212333444334553544555
111121222212333444334544355555
111121222212333444334545345555
111121222212333444334543545555
111121222212333445334455344555
111121222212333445334453544555
111121222212333444334455345555
111121222212333444334453545555
111121222212333444334445355555
111121222212333444334443555555
111121222212344333345553455544
111121222212344333345534455554
111121222212344333345344455555
111121222212344333345354455554
111121222212344333345355455544
111121222212344533345533455544
111121222212344533345353455544
111121222212344533345334455554
111121222212344553345333455544
111121222212344333543555435544
111121222212344333343544455555
111121222212344333343554455554
111121222212344333343555455544
111121222212344553345534455334
111121222212344553345533455344
111121222212344333543355455544
111121222212345333453444534555
111121222212344333453444535555
111121222212344333445533455554
111121222212344333445335455554
111121222212344333445334455555
111121222212344533445533455534
111121222212344533445333455554
111121222212344553445333455534
111121222212344333443555435554
111121222212344333443544535555
111121222212344333443554435555
111121222212344333443535455554
111121222212344333443534455555
111121222212344553445533455334
111121222212344553445534455333
111121222212344333443355455554
111121222212344333443344555555
111121222212344333443354455555
111121222212334333445534455554
111121222212334333445355455544
111121222212334333445344455555
111121222212334333445354455554
111121222212334533445533455544
111121222212334533445334455554
111121222212334553445333455544
111121222212334333443555455544
111121222212334333543555455444
111121222212334333443444555555
111121222212334333443544455555
111121222212334333443554455554
111121222212334553445533455344
111121222212334553445534455334
111121222212333333445555455444
111121222212333333454444545555
111121222212333333444444555555
111121222212333333445444455555
111121222212333333445544455554
111121222212333333445554455544
111121222212333433554435544455
111121222212333433554355544445
111121222212333433554345544455
111121222212333443554335544455
111121222212333443554433544555
111121222212333443554435544355
111121222212333443435444355555
111121222212333433434444555555
111121222212333433534555544445
111121222212333433534455544455
111121222212333433534445544555
111121222212333443534555344455
111121222212333443534445345555
111121222212333443534455344555
111121222212333443534435544555
111121222212334333345444455555
111121222212334333345544455554
111121222212334333345555455444
111121222212334333345554455544
111121222212334533345553455444
111121222212334533345534455544
111121222212334533345344455554
111121222212334533345354455544
111121222212334553345334455544
111121222212334553345534455344
111121222212334553345533455444
111121222212333433354555544445
111121222212333433354444545555
111121222212333433354455544455
111121222212333433354445544555
111121222212333443354443545555
111121222212333443354453544555
111121222212333443354435544555
111121222212333443335444455555
111121222212333453334555544445
111121222212333443334555544455
111121222212333443334444555555
111121222212333443334445545555
111121222212333443334455544555
111121333213432444325544255552
111121333213432444325442255555
111121333213432444325445255552
111121333213432544325544255542
111121333213432544325444255552
111121333213432554325444255542
111121333213432444324552245555
111121333213432444324555245552
111121333213432444324542255555
111121333213432444324545255552
111121333213432554325542255444
111121333213432554325544255442
111121333213432444324452255555
111121333213432444324455255552
111121333213432534425554255442
111121333213432434224445255555
111121333213432534225544255544
111121333213432434524445255552
111121333213432434224442555555
111121333213432534425444255552
111121333213432534425544255542
111121332213332444325444255555
111121332213332455324455244455
111121332213332445324555244455
111121332213332444324555244555
111121332213332444324544255555
111121332213332444324545245555
111121332213332445324455244555
111121332213332444324455245555
111121332213332444324445255555
111121332213342553425534255444
111121332213332443225444455555
111121332213332443425444255555
111121332213332453224555544445
111121332213332443224555544455
111121332213332443524555244455
111121332213332443224444555555
111121332213332443224445545555
111121332213332443224455544555
111121332213332443524445245555
111121332213332443524455244555
111121332213342334425554255544
111121332213342335425554255444
111121332213342334424445255555
111121332213342334425444255555
111121332213342534425354255544
111121332213332435524445244555
111121332213332434224444555555
111121332213332435224555544445
111121332213332434224445545555
111121332213332435224455544455
111121332213332434524445245555
111121332213332434424445255555
111121332213332435524455244455
111121332213342533425544255544
111121332213342533425554255444
111121334213342553425534255442
111121334213342334425554255542
111121334213342335425554255442
111121334213342334425442255555
111121334213342334425445255552
111121334213342334425544255552
111121334213342534425354255542
111121334213342534425344255552
111121334213342533425444255552
