1111231112312223324234442334445355455555
1111111231222332223425334553345555454444
1112312123122231242314443444435555355553
1111122331223112433324443254432554455555
1111123114233142335422354233542255455544
1111211312413324333243352445524555244552
1122212222111321133333344543445444555555
1111112231123332243522435244354453544555
1111111221322223322433344535445355455544
1111112211332223342235442354443545435555
1122311123122231242314443443335445555555
1112211122312223144233444344543355535555
1123311243122431224312443124335445555555
1111231222312223124431544355443355435554
1111211112222223324434444333443555535555
1111233122331123341253422534425554455544
1111112234123341223452334522345553455544
1111112133122234222344233443354445555555
1111121113222232244324433445535445355553
1111212222113323134233342354445554455554
1111122231223312243124433544435454355555
1111121131222332223344243444435455355555
1111111212222222344433344355443554533555
1122211222111221344433554335443554433555
1222212232123331113314133544445545455554
1111123311243312453324553245532445522445
1111213322133221132243352435554555544444
1222211212111123333244335433554455544455
1122231122312223111435544355443354435554
1111211122122223333243333445554444545555
1222211222311123114433334553445534455554
1111123311223312333324444245542555425554
1122211222311223311435444355543355435544
1223311223122231233311143444445455455555
1122212223122331111344443544435545355553
1112233112311223122233444535545354455544
1111231142314423144234442333225532555555
1222312223122331111344413444334545555555
1222312123111231412344423443334555545555
1111112223122231224344443455434555355533
1111211112342223425234452344553345533455
1112213422134421334213442134425335555555
1233312233122331222311444514445155455554
1111122221222112333343433444354455545555
1222213222133321133311434154445544455555
1111211222132321323233334554445555455444
1111112233112334222342423444535445355555
1222211232112321133341443444334555545555
1122211223112231142344433445334553545555
1111211222122331243342433444434555355555
1222211222111123331334333444554445545555
1111233122311123333234222444445545455555
1111211222133321432244332443354555544555
1122211112331223312233344344445545455555
1112211222111223332433354335545555454444
1111112222122231233343333444454455545555
1112211112331223332433224344445445555555
1111231122331223312233442434454445555555
1222212232111321333311343444445455455555
1111121131233332233342222444455444555555
1111211122122234422344333544435543355555
1222212122111324113344433453334555544555
1112311123141234422354423542235445355553
1111111122344523445234452334523345235552
1111111212322223333244432444335544555555
1112312223112234122341333455534545544455
1111112133122232223342335444354455544555
1111112121322223424234445344453335535555
1122211222111221333433354335545554455444
1111212222113224133244433444534555355553
1123312233122231223311443514445545455554
1222212223112334111345513445334555344455
1222211112133221332314333445554455544455
1112213122131221333233432544445544455555
1122231222311223114431444334453345555555
1112212223144231422314553145334455345553
1111211122132223342233445344453455534555
1111122331223112233425334253445555455444
1111211112332223332233324544445444555555
1111122211223312234423344335543554455554
1112212222112323113433334354445544455555
1111111122333223333244322444424554555555
1123312223112231423314243144435544555555
1111213112134423334253442535425354255542
1111112221123222233333343444444555545555
1222212222111113331433544335545354455544
1223312233123331222314445144551455514455
1222211232111323113233334544445544455555
1111112212122223333234433444354455545555
1111122131222312233342533455534455544445
1112231112331123332234422344445454555555
1111112211223442334423444233342355555555
1111213332133321433214222442554455544555
1111123141231442344523455234452333522555
1111121131223332334322344522445444555555
1111213412134221342233442335425354455555
1122211222311123331233334544445444555555
1222211112133124431243332443554435545555
1122311223122231243314443144335445555555
1111211132133323323234222444454554545555
1111111221222234442344523445534553355533
1112211112133223344235422354443555435554
1122231222311223114431544335443355455554
1111121113233332244322443522435544455555
1111112133221332333324445245452455524455
1222311223142231424314443145531455355553
1112211122112223333244333444354455545555
1111111221332223332243332455554545544445
1111122213242132421324333444435545355555
1111112333122431524355243552435224355444
1222212112111221344433354335543555435544
1111112221223213332233444354443554455555
1111212222132241332415334553445334455554
1111211112333423334253342554425554255442
1111111221222232423344453444535455355533
1111121313213332233422234254445554455554
1111231112333123332232224444444455555555
1111122211232214332543325443554433544555
1111122111322243244432245333453544535555
1111211222112324433254332543335444455555
1111122121322213244432544335443554533555
1112213124133241322413224533445355455554
1122212222133321143311433444435544555555
1112211112122223332334333444554445545555
1111112113422234222345523445334555344553
1122211232122321443314443145435455355553
1111122221332213324153244533445355455544
1111212222123331233412534555345553454444
1112211332113423134233342544425445255555
1111121121222223245534445334453344533555
1122212232123321133314343144445545455555
1111111212222223444234555344453455533335
1111122211322213442233444344543355535555
1111121333213332134422344225445255455554
1222312223123331234415334155441155455544
1111211312313223332234225345554455544445
1111112233122231222345533445334555544445
1222312233122231333311444144441545555555
1223311223112231452314523145534455344455
1111121213222134422344233544335445355555
1222211222311123411434444333443555535555
1112211123441234412344223442335553355555
1111111212322223224533445334553345544455
1112211222122231333314343444435544555555
1112211222132421344213445334553344535555
1122211223122231133341333444444555455555
1111111122222234223344443544435555355533
1222211122111221334433444344453555533555
1111122331222314233142233445534445545555
1122211222113221133344443455434455355553
1122211223122231144314443445534553355553
1111211322113323332233224544445444555555
1122212232112321133314353445534445544555
1111111221222332233324453445534455344555
1222212332133421134213344113455444555555
1222211123112234112344443433334555545555
1111123113233132233342255425554254544445
1111122113221332444324553245332453544555
1222212223144231144311433144435553355555
1111112221122234223343333435554555544445
1111212222123221133343333444444554555555
1111211212132223324233544355543554435544
1222212232113321333314355144551445544455
1112233124331243312431124352245544455555
1112211222133321132244333455534555544445
1112231442314423114231442334223555535555
1111123341233412344123444233452225555555
1112213112132221322433444355443555435554
1111212122122231233344553444534545345553
1222211122112234113344443445335453355555
1122231222312423114431144335443355455555
1111212222122321333314333444444545555555
1123311223122231233312443144454445555555
1111111222122332223344443454334553545555
1111121334213342134423354235542225455554
1233312343123431224311244512445124555555
1222211322113321133241355443354444545555
1111122111233342333423344254452544525555
1111112113422234222344233443355443555555
1122231112311123333233422444554555544455
1111122211232142325433254355543354435544
1122211122134251342513425334553345534445
1111112221123243232433324354443554455555
1111122221232212344133444334553445535555
1222211222112331333415534153345554455444
1222212222133331344313344114451544555555
1112211112313323332233224444445445555555
1122211222133221333313453144554445544555
1111121331233312233422234525545555454444
1122211222112231133344443445435453355555
1122212222111323113333334555545545454444
1222211212111123334234345344453344555555
1122311223122431224311443444335455355555
1111122221222113245534455334453444533355
1111121311223332444324333245552445524555
1233312234123341223411234112545555455544
1122231112312223114233444334453544555555
1112312223111231442344223444334555355555
1223312233112231122311443555435444455554
1112212222112321333313444334445545455555
1112211223112331422344423554435554355543
1111122133241132433324443244432255555555
1222213242133421344213544135451354513555
1122211112133321344233342344425554455555
1111211312133223322433224355445554455544
1222312233123341233412434114441554555555
1223312223123331223314444144541155455555
1111111221222332333422344533445444555555
1222211212311123313243335453554555544444
1111121221222312243344443544535455355533
1111111213222332223324333544445555455544
1111112113222334423342235442354453545555
1111212222112221344433344353543535455554
1111112133122232222343333444454554545555
1111211122133223342234442345453455534555
1222212324123241333415334155341544415555
1111212222122331243314453445534553344555
1111112221222213323343333444454544555555
1122211222113421134233344533345555455544
1222212232113321133311433444455444555555
1111121211222232444325543554435544355333
1111111223122232242355433554335544355444
1222212233142231444311443515435154355553
1111121131233332435524335245552444522445
1122211222311123144233344333445555455554
1222212223113231333314434114445445555555
1222312333122231244311143144435454555555
1122212222111234311343333445534445545555
1111213122134221344233342535425354455554
1112211223122331122343333455554554544445
1111111212322223324235444355543355435544
1222211122112233113333334444445545455555
1222211222111324113544335444354333545555
1122211223122331233311343444454545545555
1111122113221332223324333544445554455554
1111112212122223324433444344553455533555
1112211112133324333244322443524555544555
1111112112222222333344443445534453355555
1111121331222312333322344244444455555555
1122211112112223332434444344453555533555
1122213222133321143214435145354453544555
1112211222111223444234444333343553555555
1111213112132223324233442354443554455555
1111122211332213222433444355543354455554
1112211222112321333244333455354455544455
1112211123112232224344443455534453355553
1122231112311123422234444344453555533555
1111121113222432424324443243335455355555
1111112211322243254432554325443355433554
1111112231223312233322433444454455545555
1111111221332243322435244352443554435555
1222212322113321133314443155435554455544
1222211222113321143341435444354533545555
1112211332133221322413424334445555455554
1112211122113223334233442533445544455555
1122212222123331434314443114335544555555
1122212223132231333311344514445444555555
1223311223112231122314443444434555355555
1222211112113323134233342534445555455544
1111112123122232243324443445434555355553
1122311223111234142344423445235455355553
1111121131223332222344253444534455345555
1111231312313123333244442454425542255555
1111211212312223324234444334543355455555
1222211122311243112433344334453445555555
1122211122111223332433544335543554455544
1111112121222223324433334535345554455544
1222212223112431544315543154431544355533
1222212223123331334314443114445154555555
1111211312333123332234442444225544555555
1122231112311223414234442345453354535555
1111122231222314223144335443354435545555
1111111222122324253342553455334555344443
1111112233112332222342333444444555545555
1122211122131425314253442533445333455554
1122311123114234142344423454235552355553
1111213112333123432234422344254455545555
1112213112133123333234422444424455555555
1112231122311223314233442334445445555555
1111211122122223442534455344453345533355
1222312233123331243312455144551444514555
1122213332133321342213442144551444555555
1111213312133124332243322444254545545555
1222212223124431445314553145531453314553
1111111222122223333234433344445455455555
1112212222111221333433344353445554455554
1111211312413324332243552433524445245555
1111123311223412334422344253342554455555
1111122211322213224434445333453544535555
1111121133213332222322433444454544555555
1111111223122332223324433444435554455555
1111122311223312233342233445554555544445
1111112212122223234433334355345554455544
1112211222112231424344443433334555355555
1122212223121231113344443445334455355555
1111211222122221333344433454534545345555
1111111221222332233324433544435544455555
1111122211223312333422344553445534455554
1112211222112321323333334444445554455555
1222212222111331143314443445535445355553
1222211223132231333311134444444555455555
1122211112132221332453334535345555454444
1111211222122341223453334553345553455444
1111213322113221332233425344454454545555
1111211122132223324233444344543555435555
1122211123111234222345553445334455344553
1111122213221132224344443544335433555555
1222211212111123444233444534345333555555
1111121113223332234423344223455444555555
1111112213222132444322433444334553555555
1111121113222232333324443245435554455554
1112211122133321343253432534425544455554
1111211112333323332234225445254455544455
1111121213222132433324533245534445544555
1111112221222212333433554335445354455544
1222212322133321113341135455354455544445
1112211122132221334253344553345553455444
1111211322113323332243322455554445544455
1222212222111131413344443455334533545555
1223312333122331244312444124551544515555
1112211222312423124431444344553555533355
1222311123111231442344223455534553344555
1111234412344123441234412335523355255552
1111112222112223444234444333345533555555
1111122113224132243322443554435443355555
1111112233112334222344253442534455345555
1111112121222234422345533445334555344553
1223312233112231123311243444444455555555
1111233112331123332244322444524545545555
1112211322113321332233342555445554455444
1122312223114231142341423444335543555555
1112233112433124311243332455524555244455
1111122111222232245344453455534453345533
1122212222111231133344433544335444555555
1222212333123441233412334155441154455555
1111112113222234233342553425334555544445
1111121113223332233322243444445555455554
1111211222311223342235444355543355435544
1222211223412334123541335413554135544455
1111112113222332244324443254435554355553
1111211312133224433243322443254555544555
1222311223122231113341333444454544555555
1111123341233412334123344224442255555555
1222212112111321333243433444354455545555
1111211122312223332243333455554444544555
1223312333123331222211144551545555454444
1222211112111223444234544355543355433355
1222213332133221333214444144451154555555
1233312333122331122412244115545555455444
1111112221222312233433344335445554455554
1222311123112231422314333444534545545555
1112231142314423114233442334523545255555
1123311233122231422314233144444455555555
1111112222123441234452334523345334455555
1111112222133321322233444534545355455544
1111112221324213242532455334553444533455
1111111213422334422344223444235555355553
1111112311223442334423334235442255455555
1112211222111223332433554355543555434444
1112231124311243312432224334443545555555
1111122121222213332433344534445354455555
1112211222112221333344443554435445355553
1111211212312223342435424354443554533555
1112231222311243122431444333545535455554
1122212232123321143351433514435554455544
1222211223122331133314343144445455455555
1112211222112223144434455344453355533355
1112231122312223112433334535545555454444
1222211122111234512345533445334453344555
1111112133123334233342555422254425544455
1222213332133321332211144514445555455544
1122211222133221433314353143554445544555
1112231112331123222234444335443555455554
1122312223112231112343333444445544555555
1222312223123231333311444515545154455544
1111112221132223333233342554445555455444
1112211222113221432344333433554555544455
1111112211222222333343555435554334544445
1122311123122231223313334444444545555555
1111121213222134223344233544435445355555
1222312223111231412344153445534553344555
1112211112312223344235442355443555433554
1223312223122231444314443115431554355555
1111123331233112233322444255442555455544
1111112211222223233333343544445545455554
1111112311223332444324333244452554525555
1222211122111123444233455344553345533455
1222212222113331144311443555435544355543
1111112211222232233333344553445544455554
1111122331223114233342355423554255544445
1112211222311223312433344343455444555555
1222213222132331333411134551545555454444
1111123311223312443324433224445255455555
1222212222111131444314333443354435555555
1111121221222314223344553444534555345533
1123311223112331222314233444444545555555
1222212232112334113341133445534455544555
1111213312113223332233442444524445555555
1111111123222234222344433454435545355553
1112231122311243122434424354443555533555
1223312333123341223412254155541154455544
1111212212132221332343333455554545544445
1111121131223332234322443254435554455554
1222212322133321333314455144451445514555
1123312233112231223311243554445555455444
1122231222311223314431144335543554455554
1122212223142231443311443515435554355543
1111112222132241322433344353345555455544
1111111231222334222342443444335455355555
1123311233112331223412234525445554455544
1111121311223332233423354255542544455544
1222211112314423114233542355443555433554
1122211232142331422314443154435543355555
1111122111233332323322234555545445455444
1123311233112231223312234555445555454444
1111112221122223244433354335543354455554
1111122221332413224132445344553344535555
1122211112331123332234332444554544545555
1222212322123441133411134555345533455544
1222211112134221342413444533445333555555
1111111221222234223344333455334555544455
1111231222311123333234342444424545555555
1111112121322243254432554325543354433554
1122212222112334113544135433354453544555
1112213122133321322213444335545555455444
1111123311234412334422344223442535555555
1111112121222234233342443444535455355553
1222312333123331224314245144451454515555
1112213332133321343211422544425454455555
1122212222133321343313443155441544455555
1222314223142531425314253144531445315553
1122312223122231444311443144535545355553
1111121311233332333425554225442554425544
1111123311223312443322433224445554455555
1111234112341123444234422342253555533555
1122211232132321323413334154445555455544
1223312223122331425314553144531145544455
1111112211322223332233334555545545454444
1111211222311223332234444344553544535555
1112213112133421334253342534425554255544
1222212222111111333343433444434554555555
1111211122331223333233442554425554455544
1111121112222223244434444335543355533555
1111111221322243244432445325453354533555
1111111122222222333343553455334455544445
1111122131233312443324433224452544555555
1111122211223132333322433444445455455555
1122211223114234142341423444335533555555
1111212222113223132433354335545554455444
1122212232122341133451344513445335455554
1111211112333223334234342544425544255555
1111213312113323332234222444455444555555
1111213312331123342233442444224555545555
1222212223111234111344333444354543555555
1222212342133421344213444133541135555555
1122211112311223442233455334553345544455
1112312223112334122341233444534555544555
1223312333123341234412224115441554455555
1111111222132323333233442444524445555555
1112211122311223422434444344553555533355
1111231112312223344234442355423354455555
1122211222311423314233144533445354455555
1111213312133124352243552435524345244455
1111211312333124335243352445524455244552
1111112211322223324233444334443545555555
1111233122311223312433224344445454555555
1111122131241332444322243524435554355553
1111111122332223324253442533445354455554
1111211312133323333244422445524455245555
1111231222311123442233442344453554535555
1111112222112223333244333444534445555555
1111121121222232323343333444454455545555
1111212222132221333413444533345544455555
1111211222311223344235442355443354435555
1111121211222332423344235443354453545555
1111112131222334422342233444335445555555
1111112121222222344433454334553445533555
1122211112133123332234342344445554455555
1233312343123431224312444122451154555555
1111111213222332333322344255545554455444
1111122111222342333423344234445354555555
1111112221132224335243352435554335544445
1111211212122223344233544335543554435554
1111111233122334233342235442254444555555
1111213122131323333234222544445555455544
1112213332133221322213345144454445545555
1111211122122234422343333444334455555555
1222212332122341333411334114445544555555
1111213112133323333242222445554445544555
1111211222122331424354243544435455355533
1222213332113221133214433144554445545555
1122213222133221333311344514445445455555
1111111122222223332343333444454454555555
1222213242132421334413554135441355413555
1112211112312223344234442333445355455555
1122211222133321343211433444354555544555
1111111122333223333244322455524545544455
1222211112133421344213342333445554455555
1111111221322223345234452344553445533455
1111111122222222333333433444454445555555
1222212212111121334433345344453445535555
1111211222133321322243555435554335544444
1111211222113243332453224533445534455554
1111122113222134422344523455534453345553
1223312233112231223311134554445555455444
1222312223124431243314435145351453514555
1111111231222334233542335422354445544555
1111111221222232333323444335445555455544
1122311123114231442344223445234553355555
1112213112133321343233422444524455545555
1111111221322223224434444345543355533555
1111112212122223323333334554445554455544
1111213212132221322433444334545345455555
1111122231222314423144235443354433555555
1111212222132221344413444333453354555555
1111122121222212333343535435554345544445
1122212232123321433314433114445445555555
1111213212132123322233334444445554455555
1111122121222212333344333455534545544455
1112231122311123332234424354443555455554
1111123331223112233322344255545545455444
1111231112344123344233442534425355255552
1111111213222234422344523455334455345553
1222211112113221334253344533345555455444
1111122331233312343123444224542555455554
1112211222312423144231344333445535455555
1112212222132241334413344133545535455554
1222312233112231124314443144335445555555
1111123131231342333423444224542545525555
1222314423142231422314443115435155355553
1233312233112231112314223544445444555555
1111111122333423344233342555425444255552
1222211112131221334233444333445544555555
1111112333122331223422534255345555454444
1111122113244132243324443224435555355553
1222212332122331333311114555545545454444
1111121121222234442344523445334555355533
1122212222112334133341333415554455544455
1111121113233332245324453245532445524455
1111111122222222333343333444454544555555
1111112333123341233422434254442545525555
1111112133221342333423434244442555525555
1233312223142331422314423114451544555555
1222212222113441333413334134441555455555
1111122133221132233322343444444455555555
1111213312132221342233425334454444555555
1223312223124331244312433114445155455555
1112231124331243312433124352245554455554
1233312233122331122311424144445454555555
1111121213222132244342433444535455355553
1112213332113324113244432444324555255555
1222312233122231113311443555435444455554
1111233312311123333244222455524455544455
1112212222111324413244333443554335545555
1111121131233332433524355244452445522455
1112211132113323332233224544445545455554
1111231222312423114235442355443555433554
1122211222111221333333455344553455544445
1222212222133331134311443414534445555555
1111122131233312433324434224445255455555
1222212223112134111344433544435545355553
1112233112331123441234452334524445255555
1111213112331323333244442454424555255552
1122212222111234413343135433354444555555
1111231412344123341234422334425355255555
1122211222311123341235444355543555433544
1111111223122432224324443554435554355533
1222212222111113344134444333345535455555
1122211122331123414234442334553344555555
1111233312311123222233244344445454555555
1111211122122223444233344335545335455554
1111121333213332134322244225445554455554
1111231112312223324432244335445354455555
1111122111223442234422344333443355555555
1111112331223312443524335244352445524555
1112211122122221334433334334445445555555
1111122211232212344423434533345534455555
1111231112333123342234452344524455245555
1122211222111321333233444334445544555555
1222212222111131415344553455534453344533
1111212222113221333233344354445555455544
1111231312333123341234422445524445255555
1112211112332123322243335435554444544555
1111211222133221333233342444454455545555
1122211222311123144234444335453554533555
1112231442314423114233142354423555235555
1233312333122331222411424514445155455554
1111123331223312233122234555545555444444
1111112221333213222233334555545545454444
1122212222111321133333343544445454455555
1111211332411324333243322444255442555555
1112213112331124333243532445524455244555
1112211222122331123433334553445555455444
1111211122312223333233432554445444455555
1111231222311123332243352443554444545555
1111112221123223333244432445354553544555
1112212222113321133244433444534545355555
1222312233122231333314455144551445514455
1111122311243132433324433224452445555555
1112212223112231442314443544335543355555
1122213232132321333211434154445554455554
1111213322133321433214322444424554555555
1122211112132221332433444344543455535555
1111122221222112333343555433554355544444
1111231112314423334234442344223552555555
1222312233123331223311144155545545455444
1111212222123321234415344553445533455534
1122211332111324413244332443524435555555
1222211233122331233411334515545554455444
1112211223412334122341233444354453555555
1222212222111131133343335453554555544444
1112233122331223312231145344454455544555
1111111223122332222345553455534553344444
1112213322132241322413344133455444555555
1111213312113223332234322544445555455544
1111122113244132443322433224335445555555
1122341123412234112341223443335445555555
1111211212312223322453444533345344455555
1111112221222213332435344353345555455444
1122211223112331223413334554345544455554
1222211232132321333314453144551455544455
1111122211322213242434444335543555433555
1222211112131221344233344354443554535555
1222211112131221333243533455534555544444
1111122221332213223133334555545455454444
1111111222122342233423344334443555455555
1122211222133321443211433554335444455555
1111112213142234423342235423354443555555
1111231312333124431245322453224555544455
1111122221232213324153444533345354455554
1111112121222234233342533455534445344555
1222212333123331234312444114441545555555
1111111233212332223324243444434545555555
1111233112341123445233452344523445255552
1122212222113321133413334555345544455544
1111112221123224233342353453534555544445
1111212122122221333333444334544445555555
1111111213442334423344233442355222555555
1111111223122334222342433444435554355555
1111211222311323333243322455554545544445
1112231222311223112433334354445544455555
1222211222311243115431554335443554433554
1111111221222342233423344333445555455554
1111112123122234222343333444434455555555
1111112222123221233344443454435554355553
1122212232132321333314453114554444545555
1111211212122223444234444354553555533335
1111211112222223234433334334445445555555
1111111212322223244432454355543354433555
1111211222112323333234352443554555544445
1233312223123331244312244144451145555555
1111211222112223333244433454334545545555
1112212222111123444233444533345335455555
1111111122332223332243342434454445555555
1111111233142234423342233422354555544555
1112231122331223311233342444454454555555
1111122221333213332133224554445554455544
1222211233122331233314443144441555455555
1111112233123331223452334524445254455554
1111111222122223323333334444445544555555
1111211112333323433234422444224555545555
1222212122111121344433334355543355455544
1112211222132221334413334553345554455544
1222212322133241333413344155441155455554
1111211322113223332233424534445555455544
1111121113244432454324543245532255325533
1122211222111123333234344344453544555555
1122211222113221334413344533445354455555
1111112223112334423345223452334555544455
1112211112312223324434244344453355535555
1111122211222213332455344553345533455444
1111112113222332222344443544435453355555
1111122221332113324435224355443354455554
1111122111233342333423344254442545525555
1112213122133321332213342444445445555555
1111213312133321332243222444444555545555
1222211233112231124351443555435554354443
1233312233122231223314555144551444514455
1222211123144231422314433144435553355555
1112211222122331233313334544445445455555
1233312223111234112341223444434455555555
1122211112313223132433324534445545455554
1111111212322223424234444345553455533355
1223312223112234112344153451534555344455
1111111122222234442345423455334453355553
1111231142311423444234442355223355235555
1111112211222232233333343444454554545555
1111112113223332223324243444434554555555
1222212233122431444311433144531545355555
1111112221333213442233422334445555455554
1111212222122321443314443443335453555555
1222312323123331245312453144551145544455
1111233122311223414234442344523545535555
1223312223112331422314433154441545455555
1111111212222223323433334544345544455555
1111121131223342234422344523445335455555
1112211322113221432244335444354533545555
1111123331222312223123334444445455455555
1222212322123331333413554155441554415544
1233312333122331222214445145551444514555
1222213332113321113214332544445454455555
1112211123112232224344443545435455355533
1111121211222223333234433344445455455555
1111122111233332222344233444534555544555
1111211222112234423344235433354453545555
1112211222122231333313343554445544455554
1111112231223312243325433254435554455544
1111211212312223333243332444445555455554
1111121221222213452534555344453344533345
1112211122113323332233424354445545455554
1222311123112231422314333445534455544555
1111122211222212333333343444445445555555
1111112231122334223342233444534555544555
1112211112133323344235542354423554255544
1223312233122231123314435114454444555555
1111211132133324343244432554325544255552
1222312223122331113311433444454554545555
1122211122112231332343333444444554555555
1122211123112234152345523445534555344433
1122211112132221324433344353345544455555
1111212212112223323343335434554444545555
1111122111223332333324443224445555455554
1112213112331223312234424344443555455555
1111111222133323344233452434524445255555
1111112231442314423344233422354253555555
1111111222122324423244333544335445355555
1111111122322243244432244333345355455555
1222211222311123311433554335445354455544
1111122113222134422345233455534455344553
1222212222111331133314443544335444555555
1122211123112231224355443554335543355444
1111121221222312333323444534545345455554
1111122211232132333324334244445455455555
1112231112312223132233334544445444555555
1222211212111123333234434334445545455555
1222312233122431244311453114534445355555
1111111222133223332233324444445555455554
1122211112331223412234444334453345555555
1222211232133321333211134544445455455554
1111211222122231323343333455554444544555
1222211122111223313333334555445554455444
1222211212111123334233444344453545535555
1122212232122331144314433145534445355555
1222212122111121333343555433354455544445
1111213222132221344213444334443555535555
1222212324133241332411334511345554455554
1111112313123332223324253245554455544445
1111121121222223332343333444454555544555
1111122113223134233342235425354455544455
1111211112333223433234422345524455544555
1111112221122332233452334543345444455555
1111112133123332222324423554435554455544
1112213122131123322234445344553445534555
1222211232111321413254433554335544355544
1233312223122231233311444115545554455544
1111211132441324433243322453524535245555
1112211132411324433244332543325445255555
1111212222111223332433344553345554455544
1111122113222132333322343554445444455555
1111121113233332233422234525545555454444
1112212222111223144434455344453333535555
1111112112322223322433544355443355455544
1111112213122332222344443443334455555555
1112211222133321344213342534445344555555
1111211112333223332453324542245444455555
1111112113223332233342223455554444544555
1122211122133321333214332445554445544555
1111231312333123331244442445224455255555
1122211122131241322433344334445354555555
1111122331222312233142355433554555544444
1222213224132241334411344133451534555555
1111211112322223332453324553445534455544
1222212232121331113313334544445445455555
1111112222123221332433334543445444555555
1222211223142231443314533145531455344555
1123311223122331123312243444444554555555
1111123131233312233422344525445255455544
1122311123114234142344423452234555355553
1111112221333213322233324444445445555555
1111211122331223332233324554445555455444
1222212122111321133344435433354455544555
1112233122311123331233422554445444455555
1222212132111324413244133443335445555555
1122211232113321333213432544445444555555
1111211122132223332234445344453445535555
1111122221223112233433344335545554455544
1111111213222232425324453444534455355533
1222211112131221333244433454434554355555
1122211222122341113455334533345344455554
1111111222122334222344333544335544455555
1111121113233332343322444225442555455554
1111212222122341233413334555345553455444
1222212222113331334314343144441554555555
1222211123122231144314443445435553355553
1111112231222314423344223544435554355553
1111123111233332334324444224452554525555
1112233122311223112233444534445354455555
1111121311233332222324433254445555455544
1222212222134441334411344513345133555555
1222211232114321143214433444335545355555
1222211112311223312433344335545554455544
1111122211233312243322453444534455345555
1111112211322223333233432444444554555555
1111213332113324133244322444525445255555
1122212222121331113343333444444545555555
1111211122132223332433424334445445555555
1222211123122231133341353443554444545555
1111112131223332233425534255342544455544
1111121221222213324434444335443555533555
1112212122122231144344433444335555355553
1122211222311123314233444333445544555555
1111112222112223323433334553445554455544
1111211332133221432244332443524455545555
1111123131231342333423544255442555422554
1111112222112334423344253442535445355553
1111122111222223333244333444534545545555
1111112122122232233333334555545445455444
1222212232121331111343333444454455545555
1112211322133241532415324553245334455544
1111112113223332333322444524445244555555
1222211112311223312433444354543555435554
1111122111223332223423334553445554455544
1223311223122331223311443144554444555555
1111123311233142355423354235542554422544
1111212222113321333243552433554444544555
1222312233112334122341133415554555544445
1222211112131221333233434344445555455554
1111122211322213332433324355545545455444
1111211112222223333233444335445555455544
1111121231222312223344333443554444555555
1111112221223214233342333444354445555555
1111211312143324433244432544325553255552
1222212122111234113345553445534453344553
1111123131233312344423344255542555422554
1111212222112231442344433445534553355553
1111121331214332243322433224445445555555
1111231112314223444233342354423554255555
1111112112322223324434244344453335555555
1222212332123331233411134514445545455554
1122212233122231133314355143454444545555
1111111222312423224432544335443354535555
1222212233142331423314433154451544515555
1222212222113331133311345443454444555555
1222211232412324133341333411554455544555
1222212332133321343213444114545155455554
1122211122131123333233342444454544555555
1222213324132241323413334115545154455554
1111112133221332223324243544435544455555
1111111123222232233324443444534455355555
1111122211232142324423445334553445533555
1112212222112321133343353455534455544445
1222212222111111333333334544445555455544
1222212323123231133314355144451455544455
1222211212311123341234455334453445534555
1222211232111324113243333455534445544555
1222211332113321334213442134455444555555
1122211122133221332314333544445544455555
1111213312132221324433224533445555455544
1112211122311223344234442345443355535555
1222312323123331243312455144551444514555
1111112212132223342233445344453344555555
1222212223124331444314553145331455314555
1112211222122231333313343444454454555555
1122211112131423344234442334523345555555
1111121131224332444322433244332545555555
1111123144231442314523345223452334525555
1122211122131221332433344535445355455544
1111122121222213244433554335443354435555
1122312223124231142311433444534545355555
1111122133221132443324433224355444555555
1111211212122223333234535345553445544445
1111122111223334233342335422554555544445
1122211212311123332234333445554445544555
1112212222111221344433544335443554533555
1222211112113124335243352433554345544455
1112211112331223422234445344453345535555
1111212222133321332214355443354455544455
1111112212132223324433244533445534455555
1111211132133324335243552435524455244452
1122211222132441324413445134453333555555
1122211232112331122344443445534455355553
1122212223112231133341355443354455544455
1122211322113421134233342344453445555555
1111112113222232223343333444454454555555
1122211112314223145233452334553445534455
1112211112133323333234552445524455244455
1111211222133221332243333444454554545555
1122231222311423114233144534445334555555
1122211112341123444234552344523345533555
1222212222113341113413334533545555455444
1111111213222232244352433554435554355443
1222211112111223333234455334553445544455
1122211122341223411234455344453354533555
1111212212112223323343335434454445545555
1112213112133221332243332444445454555555
1122211112112223332334333444444555455555
1111122211332213322433324553545555454444
1111112122122223233433334554345444455555
1222211232133321333214345144451455544555
1111112121322223242433444333445354555555
1112212222111323313233334554445555455444
1111121134213342333425534255342255425544
1222212223124431144314433143331455555555
1111112133221334222342423444435554355555
1112231222311423314233142355443555455544
1111211122133223322433524355443544455554
1111111222122332223433334344444455555555
1222312233123331223311455144551444544555
1111212222111223332433444334455344555555
1111213122331123344233342444425455255555
1222212332111321113243335435554555544444
1111122113422134422354223544435453355553
1111211122133324333244432544325544255555
1223312223122231443314433114451544555555
1111112113223332333423544255442254455554
1222311223122231113341333444454445555555
1112312223111231222344433444354453555555
1111122221232112333423334553545555454444
1122211122131241332433424344443355555555
1111231122311223322233334555545554454444
1112213322133221132213344534445445455555
1111122211332213322243333455554544544455
1111122211232212332433444333545555455544
1111123141233412234423334255342254455555
1222211112132221333314433554345544455554
1111111222132223333244532445334455544555
1122212233112334122341153445534555344455
1222212222111113313333334444444555545555
1222212222113331111345553454534545344453
1122312233122231442315443155431554355544
1122212233122431244314433114355443555555
1111112222113223333244532445334555544455
1111122211223314233342233444434555545555
1111231222312223113233334544445554455554
1122212222111121344433445334553344535555
1111112113223332222342333444444545555555
1111111222312423324233342533445554455554
1122211222311223114434444343543335555555
1112211222132321333213334444445544555555
1111112211222222333344433544435544355555
1111122211332123322233444344543555455554
1112233122311223112233444354543545455554
1111212222112221333333433444554445545555
1111112133122332233422334254445545455554
1111111222122234223345533445534555344453
1112233112331223312453124534245544455554
1111121221222213323343333444455444555555
1222212222111334413344113544435453355555
1111122221233312343123434254345544455555
1222211122331423314231144335545355455544
1111231112331223333244432454424545255555
1111112233122231423354223544335444455555
1111112221223312443322433444354553545555
1112312223112331123452234553345444455554
1111211122122223445234555344453344533355
1111112211222223244534455334553344533455
1122211122131321333243532455354455544445
1222213222133231433314435144451454515555
1111231222311243152435524335243354455544
1111111122322243332433224334445445555555
1111112222113223333233442535445555455444
1111231112312223332234332544445555455544
1111112122122234224344443454335555355533
1112231122311223122433544355443355455544
1122311223112334123341223444534555544555
1111122111222222334433344335443555455554
1112212222111221333344553445334453544555
1111112113222232243324443444535455355553
1222211233122231333311453414554444545555
1222212232123331444314533145531455514455
1233312234123341223411234112445544555555
1111211312313323333242222444554455544555
1111211332133321443255432554325444255542
1111213112331224355243352433524455244455
1111112221122234442354423543335445355553
1222211112112221333344433445334455545555
1111112113222332443524335244352453544555
1111122133221132223344233444355444555555
1112212222123331243311433544435544455555
1111122221222314233144435444354333555555
1222212232133321333411344114445445555555
1111211132413324332243352443524455245555
1112211222112221344433444335543335455555
1111112222122221333333444355543554455544
1111112131222332443324553245332455544455
1111111123222232442355423554435543355443
1111211222122231233333343544445555455544
1222211122331223311435514355443544435554
1111112221122223333244433454334545545555
1111122331233112433324443245552455524455
1111112221123242232433344334443545555555
1111213332111323333244552455224455244455
1111211322113323332234322444445544555555
1111233312311123333244552455524445244552
1111111123422234252342553425334555344453
1111211312133223333234222444445445555555
1122311123144231442314223442534555355553
1111111213222334222345253455534555344443
1111112221123332233342235444354445545555
1112231222312223111434444344453355535555
