1111112113422334222344523455234555344553
1111233112321123222233445344553455544455
1111212122122231243355433554335444355544
1122212222123331433314345143451444555555
1111123331223112233422434254345544455555
1222213222134421344413354133541535415555
1111213122133221322243355443354455544455
1111122221232214323143333444354555544555
1112211112312223332243355435554345544445
1111121134221342333425344253342555425554
1222213322133221433314443115441554455555
1111112223112332224325443554435444355553
1111112231222312233342433444434455555555
1111231122331223312233342555445554455444
1112213122133221433214332443554444555555
1112231122331243112433224344443455555555
1111111222133324432243332445324555544555
1111122131231332333322245244454444555555
1112211122133321333244322443554555544455
1111112113222332244324433245354453545555
1222211122131223314433144355543354455554
1112212222111123334233444533545355455544
1222212112111221333343433444354544555555
1111111222133323333234442544425445255555
1111123331223312223122334554445544455554
1111212222112221333343443444434555355555
1111121133221332244322433244534445555555
1111112233112332223324233444445454555555
1111122131222312333423344243455444555555
1111211222112223333244333544435554455554
1122211112134221342233444344453555533555
1111111221322243232433324355443544455555
1111112213442134422342223444335553355555
1222312223121231111344533455534445344555
1111112113222334222345523455334455344455
1222211112131221333244433454334555544555
1111112334123441234422334223545235455555
1111121331213332233425434254442554425555
1111122111322223342233444333445554455555
1112211332113321443254432543325444255555
1112211112133324333244532445324555244555
1222211222112334113341335433554445544555
1223314223142231422314333144451154555555
1122211222113221333313344534445444555555
1111231112313323332234442444425455255555
1222212332123321133341355411554445544455
1122211122311223142433444355443554533555
1112211122113223332233444533445554455554
1222211112112221333343555435554334544445
1111123331223312233122435244454445545555
1111211132133323322243225434454445545555
1112211122132221323433334555345555454444
1111212222111223333233344553445555455444
1111211222122231233344443554435445355553
1111112211322243322433244533345555455544
1122211122133221133243355434554345544455
1111121221222213324533445344553345534455
1111121211222232332343333444454445555555
1111212222123231233314343444435445555555
1111122211232212344423554333543355455544
1111122111322443244432444325553255533355
1112211223122231424314443544335455355553
1122312223121231112344443544435543355555
1111213312134123344233442344225545255555
1222211222111234411343333434534445555555
1111211112322223422434444333543555435555
1111121121222223332434444334453554535555
1122231222311223114431444334553344555555
1233312233123331222211444154441544555555
1122211122131221333244433455334555544455
1111123114233142233422334525345254455554
1112211223112231422344333453534555544455
1112213122131223312233334444445445555555
1111121113233332233342555422554255544444
1122211122111223334234444334543355455555
1111112211332443222432244355543355435554
1222211322113321113244433454435544355555
1111122111322223244233344533345554455554
1112211322113221332243333455554455544445
1111121112222222333333343444454555544555
1111123311223312223344223444534455545555
1111112221123245233452234533345553455444
1111112331222312423324333245554455544455
1222311223122331123311334554445555455444
1122312223122231113314333444554555544455
1112211122133321332233324444444555545555
1112212222112231143344435443354433555555
1111112212122223324433444344453355535555
1111112222133321443244432455324553345555
1111231222312423124431244333345554455555
1122211222133321343213444133445544555555
1111213112334123444234222344253545535555
1111213112433124433243322453254552544555
1111112221322213342433424354443555435555
1111111231222332222345533455334455544445
1111111212322223342234445344553344535555
1122212222111321413354443554335444355553
1222212323123331233414344144451455515555
1122211222133321333211334555545555444444
1111213222133221132244333444435454555555
1222212222113341333411344133445544555555
1222212222111331133313334444444555455555
1111111222312223342234444355543355435554
1122211122122231444314433544535455355533
1111111123422234233342233425354455544555
1111112221122232233345353455534555344444
1222311233122331123311234544445455455554
1111111221333223333244322444424555545555
1123312233122231123311243444445445555555
1112211222133321344213442534445334555555
1112212223122231113344333455534455544455
1111111221332223425234255344553344534455
1112212222122341113455334553445533455344
1111121331222314233542235424354443545555
1111211112322223332243333445554445544555
1111211332133321342233422444254445555555
1222212322113321333413544135441555455544
1122311223122331122314453444534455345555
1111111223412234225344253442534455355533
1122211132113321443244432453324553545555
1111122211233312234422334533445544455555
1111121131233342234423334244442555525555
1111213112331224333243352444524445255555
1222212223124331444311443154531545355553
1112211112133223342233425344453455544555
1111112121222232423344433445334553545555
1112212223122231144341433444335543555555
1111122221223112233344353433554444545555
1222211332111321143255432554335444355544
1111211312133324432244332453224555544555
1111211312143324443244432554325553255532
1111112211222234223344433443334455555555
1111111213222234233342233445534445545555
1111122231222312243154433554435554355443
1112211223112231224354443554435544355533
1122211112311223322433334555345544455544
1222211232133321133241133444454545545555
1111112222123221234433344354443554535555
1111112221222213324433344534445335455555
1222211232112324113344133444334555545555
1222312223123231133311435144554455544455
1111123314233142331423344254442555522555
1111112121222223244434445343453333555555
1111122111222334422344233443354553545555
1111211322133321332233224555445444455554
1111122113221332224352443554435544355543
1111112222122331233342335453554555544444
1112211222112221334453344533445533455554
1111112121222223234433334355443555455544
1122212223123231133313344155545544455544
1223311223412334123341253412554155544455
1111122113422134222345523455534455344533
1222213222133321334411334514445145455555
1123312223122231233311344155545544455544
1111112211322223444233342344453354555555
1111211222132241324433244335443555435555
1223312233122231244315543155431554415544
1122212222123331143314433144355444555555
1222211223112231143314433443354555544555
1123311223122231112344423444435545355555
1111121333211342233425354253542555425444
1222211212111123334233444344543555435555
1112213112133221342233442533445554455554
1111213312132221333244432444324455555555
1111121331213332222322433444454455545555
1111122221332113224435244355443354435555
1112212223111231442344523455334453345555
1111112221132223332234444334453445555555
1111231112331323333245552452224555544444
1111211122132223332243333444454555544555
1111112222122331422344433445534553345555
1111211332113324432243322443254555544555
1222211132141321413244432433354553545555
1111122111322223232433344354443554455555
1111123311234412334523445233452244525555
1111122231223314223144233544435445355555
1112212223122331423514435143354435544555
1122211232112324123341443444535545355553
1222211222311123114433444355543354435555
1111212222112331423344235433354445545555
1111213412134221342533425344253442535555
1111112221223212333423434534345544455555
1111211112333223222234444344453545535555
1111122121222213332434334344443545555555
1222211122111234142344443433334355555555
1111231412334123341234422334425554255555
1122212222111231143344433444355433555555
1111123111233442334423334222445525455555
1122311123122231242314443443335445555555
1112212223124431243312433154335544455555
1111212212112223344234444343543335555555
1111112121222222333343433434554445545555
1222211112112221344433334334445345555555
1122213332113321132214332544445555455544
1111111221222223334234445345553444533555
1111123314223142331422344223445534555555
1222211122111123444233445333453344555555
1111231112341423444234442333225355255555
1111122221222312333144435443354443555555
1111111222132224332244333445534455345555
1111123111233342353423534225442254455554
1222211322133321443214435143351444555555
1111213312132221323243332455554554544445
1111231112332123222234555345553445534444
1111111221222234242344443544535555355333
1111212222113221333233345344454455544555
1222211112311123332234444334553444555555
1111231442314223145231452334523445235555
1222211222113321133314333445554455544455
1111212222122231133333343444445554455555
1111122113222132333323444234554445545555
1111121211222223344233344355443354455555
1111122111222223444233345344453354535555
1111122221233212233145533445534445344555
1222213222133321113344135441354555544455
1111122213221134222344443455534453355553
1222211112133121433244532445334455345555
1111122111222223333243355443354555544445
1222212122111121334433354353543555455444
1122231222311223311133344534445545455554
1122211132111323333233442544425544455555
1111211222132321323243333444444554555555
1111231142314423144233422334225345555555
1111231222311123334253342534425444455555
1111112222113223333243332444454454555555
1222312223124431243314433144351545515555
1111112222123221233343353455534545544445
1111122221324413224132444333443355555555
1112211122312223144234444335543355435555
1122211112113323332243332444445454555555
1112213332113221332214332444454454555555
1112233112311223414234442345523455534555
1112231222311223112433344354443554455555
1111231112331223333243522455524555544444
1111111222312243324432244335543555435554
1112213332133221342513425134254444545555
1222212112111123333233344354445555455544
1111111233212232223324333544445544455555
1111111221332223442234425334553444535555
1222211122311123314233344343455444555555
1112212223122231113344443443334455555555
1111112213222132233324433544435554455554
1111111213222234422344233443334555545555
1111122113221332333423434224445554455555
1111213332113324132244322543425444555555
1111121211222342233452334533445354455554
1222211112132221334513445334453445534555
1111211222132441322453324533345354455554
1111122211223132233323334555545555444444
1111211122312223322434444335543354455555
1222211222111233311343333444454544555555
1223312223123231233311444511445555455544
1111211222112334422344243544435533355555
1222212112111324143244433544335453355555
1111112211223342333422234553345554455544
1111211132441324333244332443225452555555
1111233312311123222233324544445444555555
1111212222122321133344453445534555344553
1111211222112324433244432444355333555555
1111213112132223342235442354443545435555
1111112112322223332244333444355444555555
1122212222133321343313435144551455544455
1222312233112231112344153444534455345555
1111121311223332234322443244434455555555
1111121113223332222324433444355444555555
1112211122134421344253442534425333355555
1111123131233312223322434524445545455554
1111121131233332234324443224455244555555
1112212222123421134413334533445534455555
1111213312132221332455324533245544455544
1122213332113321432214332145554455544455
1111122131233312233322243444454454555555
1223312223124231243314443144531455515555
1122231112331123331243322444554544545555
1111122221322213234133344335445555455544
1111211122122223245534445334453344533555
1111211122312223442234444335453354535555
1222211222111231313343335443554444545555
1222212333122331243311435114554444545555
1111111221222232433324333444434545555555
1111122211322413244532455324553345533445
1122211112331223312433424344443455555555
1111121211222332333323444235445555455544
1112211222132221333314453444534445355555
1111121331213332233342255422554445544455
1111112221132223332234344344443455555555
1111233112311223333234222445554445544555
1112212122122231333314335444354555544455
1111112333122331222344223444434455555555
1111112113222234552344523455234555344433
1111112222123321243352433544335444455555
1111112133123342234423354235542555425544
1112211122122231233344433445534555344555
1111121113244332444324443222235555355553
1111233312341123412234422344423545555555
1111112122122232233343335443454444555555
1223312233122231243314434114445154555555
1222212232111321333311334554445544455554
1111123331223112234423334244442555455555
1122212222113324113341333444435445555555
1222312233112331122314553144534445544555
1111211312413224332243325443254435545555
1222311223122331124315543154435554355444
1222211322113324113241335444354443555555
1111213122133321333244432445224455545555
1111121112222223334233344353445554455554
1222212232112331113413334554345544455554
1122311233412334122341123444234455555555
1111122213242132421324433443354453555555
1111122211332213422234444333445355455555
1222213332133221334211344515445154455554
1122211122331123312233444335445554455554
1233312334122341233412224115541555455544
1222211123122231443314433143355444555555
1111211122122232243344433445534553345555
1122211112331223312433424334445554455555
1122211322113224132541335433554345544455
1112311223122231423314233445354555544455
1112312223122331423514235144354443545555
1111121311223332233422534255345554455444
1122211132133321334213342444424455555555
1111112123421234222344423445534555355533
1111122131222312233342355453354555544444
1111112211322223332435324354443544455555
1123311223122231422314433144355444555555
1222312333122331243312444114541545455555
1111112121222222334433444335543555435554
1111121331222312333322345424454444555555
1222211122133221134413344335443555455554
1111111122332223223233334554445554455544
1112231112312223144234442355443355435555
1222212132111324113243335443354445545555
1112213112331123332234422344445545455555
1111111222133323322234552345553444544455
1112211112332123322234444344443555535555
1111122213221132233323343544445455455554
1111122211233312433324435224354444555555
1222211122113321333213433554445544455554
1112213122132221332413444335545354455554
1122211223114231442314323443334455555555
1112213112131223333234322445554455544455
1111112222123331233322433444445544555555
1122212232123321443314333144451544555555
1112231112331123322243332444444555545555
1112211223111234222344433445334555345555
1111231212312123322233444344543455455555
1122211232112324113245533455534555344443
1122312223122231143311443444534455355555
1223312233122331122314443154441554455555
1233312233112331422314422114554445545555
1222211112113224132343333453554555544445
1111122231232312323123334555545455454444
1111211112333423344234442354423555255552
1122211112112223442534445344453355533355
1222311233112331223314234144445545455555
1122211223112231142344443445535453355553
1111122121322213224433445344453334555555
1111122211232413324435224354443554533555
1111121113233332444322433224445245555555
1112231122311123333233422444454545545555
1111121112222223444233344333443554555555
1111112133122232224352443544335444355555
1233312223111231112344223544435444555555
1111111213422334223542335423554235544455
1111213222133321132243332455554544544455
1222211222111321433314333444354455545555
1122211322133321134213342534445544455555
1111112233142331422344423442235455355555
1112211123112234223344235433354444555555
1111111221222223244435544335543335435554
1111111213222234423345223455534453344555
1122211222111234412344443453334553355555
1111233312343124431244312543225445255555
1111112222113323334233342555425544455544
1122213332133321322213444114445555455554
1111111122222232452344533455534555344433
1111111122222223344233444355543335455554
1222211232133321343213434144441554555555
1112233112331223412234124344443545555555
1112211122131223332234555344553455534444
1223312333123331222211114544445444555555
1111111221222223324433444533445533455555
1111213312132221332243325443554445544555
1122213322113321132241355433554455544445
1111122331223112333422234544345544455555
1122212223122331333313444155541544455554
1111122311233312234423334255442554455554
1222212332113321333211435414454444555555
1111122211222213332434444334453554535555
1222212233112231433314355143551455544445
1111112121222234442344423455534533355553
1222211132111321333244352433554455544455
1222211112311423134233342533445555455544
1222312333122331244312543155441554415554
1111121211222234223344433443335445555555
1122212222134421344413344113345335555555
1111212112122223344234445345553445533355
1222211112133221342413444334455334555555
1222212332111321143214433554435554355544
1122211122311423144233342533445355455554
1111112231222312333324355243454444545555
1111112113222232423324453445534455345553
1222211112132221344413334334445345555555
1122231122312243142431444314543355535555
1111233312311123222232444334554444555555
1112211322113221334233542335445555455444
1111211222311243332433324553245544455554
1222311223122331243311443515435554455544
1111213332133221322213342444445455455555
1122212222111321313453334553345444455554
1111112223122331422354233544335444455555
1222212324123441233411334133441554555555
1222213224132241344413454134551335513555
1222213332113221333214435144451444555555
1122213222132241344413454133541335455555
1111112221122234253342533445534555344453
1223312223121231112341553455534445344455
1122211322113221132455344533445533455544
1123312233112231222311433544445455455554
1222211112113123332243333445554555544445
1222211112312223114433554333543555455444
1112211122331123332234442345453455544555
1222212232113321143314433144354445555555
1111122311223312233322343544445545455554
1111111122333423344253442534425342255555
1111112211332443224432244324453335555555
1122211222112231443314333444334545555555
1112213322113321433214342543425444555555
1111111213422234222344423445335455355553
1222211332133321333214442155441554455554
1112212222111234142344453455534555345333
1112212222132321333411334553445554455544
1222211232112321433314335143454444555555
1112233112311423144234422354423554535555
1112211112133323333244322444254445555555
1122312223122231444311543155435544355543
1111121211222232423344433444435555355553
1111211122122223324433444334443355555555
1222211122111223144534455344453455533335
1111111212332223342233442534445345455555
1112211122312223134233344553345555455444
1122311223122231142351443544435445355553
1111212222132221344413444335543555433555
1111112211223332333322234444444545555555
1111211322313223132233342444454445555555
1111112222113224432345323453334555544455
1222212332122331111344413444334455555555
1112233122311123122233334554445554455544
1122231122331423114231442334453544555555
1112211222122331243314443444335453555555
1111111222313223332243332444445544555555
1111122211232142325423554335443355435544
1112311123112232222344433444534545355555
1111112213222132423324443544435545355553
1111231112312223324432244334455344555555
1111213312133421334233442544225544255555
1111112113222334422344223444535545355553
1122211122331223311233344534445445455555
1111112123122232242344453444534555355533
1111111221222232233343333444445555455554
1111112133122332243322433244445545455555
1222212222133331334311143144445545455555
1111121121222232323343335443554445544555
1111112211322223332433524355443555455444
1122311123112231223342333444454545545555
1111121131233332233322444244452544555555
1122211122112223144434444333543335555555
1222212122111321133433354335545554455444
1222212223111231443314433145334455545555
1111121331213332334322444244452254555555
1111112123122234222344553445334455345553
1111213112332123222233444355543555455444
1111212222111324333243532435354455544455
1112211122131223332233444354443544555555
1111112221122223323343333455554445544455
1222211122311123134233344534445345455555
1122311223122331233412334144445455455555
1111112131222334223342533425354555544445
1222312423114231442314423114335543555555
1222212123111231142344443545435554355533
1112212222112324113544335433354435544555
1111122211232212324433344355543355455544
1122212223144231442311433514435545355553
1111122111233332324322243444434554555555
1111121331213332234322443525445254455554
1122211122113321332233345344454444555555
1111112331222312233322433444554444555555
1111213222133221132233334554445444455555
1122211212311123344234442335443555435555
1111212222113321453244532445334455345553
1122211122314423114233442334445335555555
1111112211332223324233442344553455544555
1112231222311423144231442334443555535555
1112213122331223114233442344553444555555
1111112221333213342234442334524445555555
1111112221322213244432354333545355455544
1222312423144231422314443145531555315553
1222212222133331333311144144454445555555
1122212223122331113344153445534455344555
1112233112331223311234552344524445544555
1111123311233312243324443255442554425555
1223312223112331223311143444445554455555
1111211322133241352433524335245552455444
1122212223122331111345333455534455544445
1222212222133331134313344155541544455554
1111121131233342333422344255542555425544
1111121113223332234352443524435254455554
1111111233122332233423354255542554455444
1122211122113221433254333544435444355555
1111112133221332233324443244442455555555
1111121333213332143324444254442555522555
1111211222113223333233432544445445455555
1111112211322223324235544335543354455544
1111213312143321433244322453254552544555
1111111122222222344433445334453554533555
1122211122111234422345333455334455344555
1112311123122231242344423454334555345555
1111112131222332244324443244535545355553
1122212232122341133415334153345554455544
1111112233112234223342335424354445545555
1111211122122223324434444333543535455555
1111111221322223332234444333445554455555
1111121211222223442433444335543355435555
1111112231222312423344233444534555345555
1222213332133321344213542155441544415555
1222212122111324413344133544435453355555
1112233122311223114233342354445555455544
1222211122111324133245333455534545344455
1111122211233312223342553455534555344444
1111211212312223333245532453354555544444
1122211222111123344233344533345554455554
1111121311233332234452334522445524455554
1112211122113323333243522435554554544445
1111111221332223442233425344553455534455
1111122311223312333422334254445544455555
1111211112344223422234442355453354533555
1111112231423314223344233422534555544555
1222312123121231112344553445334453544555
1111123331223312233122234444444554555555
1112213332111321333244432444224545555555
1111111221322223442533425334453445534555
1223311233122341123451234512345555455444
1111112211222332333322433444445554455555
1111112233122331422344253442534445355555
1111112121222234422344443543435533355555
1222211123112231123333334444444455555555
1111213312433124431243332452224555544555
1122211332113321433214332444524555544555
1111112211222222333455344533345553455444
1111111222312423224432544335543335455554
1111112331123332243324434254442554525555
1111112221223312233324333444445554455555
1112211222132441322413334334443554555555
1111122211222212333344433444354553545555
1112213112331123422234442355443544535555
1111112221132223322433554335543554455444
1123311223112231122344233445534555544455
1111122311233312223324334244445544555555
1122231122312223144431444315543355435555
1122311223112231423314233544435454455555
1112211222113321333244432554335544455554
1122213222132421334411334513445534455555
1111211122122223333244335443354455544555
1112211222122321333314433444354544555555
1111212222111223444234344333345553455555
1111213122131223333234322544445545455554
1112211332133221332213342444454555544555
1111111222134223342234442334443555535555
1111111222312223224534445334553445533455
1111122113221332244325433254335544455554
1111111122333423344233442534225442555555
1222211222111123331433444355543555435544
1122311123411234122342233443355444555555
1223312223122231111341533455534555544444
1122213332113321143214432444324455555555
1111122211223312223345553453334555544444
1111112133124332244325543225432554355544
1111122113221332233324343244444455555555
1111121311233332343324444224442555525555
1111111212332223322433254355543554455444
1222211122111223133433344334454445555555
1111111122333324335243352444524445255552
1222212212111121344433344335443554535555
1111112213222132443324443243334455555555
1222312323123331244312453144551445514555
1111121331212332222324333444454545545555
1111112331222312223344233444534455545555
1111122221223112233344343544435544355555
1111121131233332233422434524445244555555
1111121314223142334423444235542355523555
1111122211322213232433344344443545555555
1111121313223132233322234444444455555555
1233312333122231122314244144441554555555
1111211222122221333344435433354455544555
1111212222111234322343333444434555545555
1111112223142231442344223445535455355533
1122212223112231133341343443455444555555
1111123131233312243324443254442555425555
1111121333213332134325444254542555422554
1222212122111231333313433444554444555555
1111212112122223332433544335545354455544
1111121113222232444324433243334455555555
1222212122111234311343333444534445555555
1122211123122231243314453445534453345555
1111112222123321233243333455554544544455
1222211122312243114435144355543555433354
1222312233122331233311455114454445544555
1111211332133321332243442444225445555555
1111211122313423334253442533425444255555
1222211112131124332243335435354555544445
1111121131223332224322443555435554355444
1122211122112231423344333444434555355555
1111121131243332443322433244552244555555
1223312333123431224312245111454444555555
1111112222112332223344333543445444555555
1111213122133321322233342444445454555555
1222211232113321134213344334455444555555
1223311233122431224311243514435444555555
1111121113222332223324443444335544555555
1111122221222213344133444333543555455554
1222212322133421334413444135541355415555
1112211222112223144433344533345534455555
1111111122222232433324343444435554355555
1111111223412234422354423554235544355533
1111211312133323332243442444224545555555
1111111122222232333323453434554445544555
1222212232133321133341135415554554544445
1111122111222332333323443254445555455544
1111112133221232222343333444454555544555
1122211222311123414234444333453354555555
1222211332113221332411334543445444555555
1111213332111324433245532455324452244555
1111111222122223323343335434454445545555
1122311223111234122345233455534455344455
1111121213212332223324553444534445345555
1122213332143321433214432144421554555555
1122211232112321123344335444354453545555
1111111122332223322233444334544445555555
1111112122122223334233445333454444555555
1122211232112321123344435433354455544555
1111112122122232233344335433554455544455
1111211112333323433234442544225544255555
1111112212132223334233342534445555455544
1111213122131223332234332444444555455555
1222211123112231424314443445335453355555
1112212222133221133314433554435544455554
1222212322123441134411334133345555455554
1111111223212332224354243544435443355555
1122211232113321133244532455334555544445
1222211112133321433214332444354555544555
1111213112133324333244432445524552245555
1111122311233312343323444225442554455555
1111212222123221133433344353445544455555
1223312223123331223311114544445455455554
1111112213122332233342435424354444555555
1111112221333213432534225344253455544455
1111213312113223333245532445524455244455
1111212222123221333313433444445545455555
1222212332133221334413444134551144555555
1122212222111123133433344355543555455444
1112233122311123412234442354453544535555
1112213222133221332411344553445534455554
1111211112333324333243422444254542555555
1222211222112331114355543544435544355433
1112231122331223112433324535545554455444
1111112211332243222433254355543544435554
1112213112132221332244335444354553544555
1111121131223332234323344244452445555555
1222211233122231113314333444554555544455
1223312223112331123311243555445554455444
1122312233123331223415234155441554455544
1111122211222213233333344355545554455444
1111211222122321453244533445334455345553
1111112211223332222344443454434553355555
1222212222113334111341433444334545555555
1122212222123331334311343144455444555555
1111111123422234253342553422534445345553
1123311223142231422314423144435545355555
1111111231222342233422344533445534455555
1112233122331223312234115345554455544445
1111121221222213245534455344453434533355
1111122221233312333123434244445445555555
1122211112132221333233444344453544555555
1111112211223342334422334253445535455554
1122231242314423114231542315443555433555
1112213332132221333211432444454445555555
1111233312331123341234452444524545255552
1112211322133221322413444334455344555555
1222212123111231142344433554435554355543
1111122341223412334122344523345534455555
1111112222112223324433334533445554455554
1222312223112231133311334544445555455544
1111112133122232223324553445334455544455
1222211233122231333311434154445545455554
1112213122133221432214333443554445545555
1111211112322223323233334555445544455544
1222213332133321332211144515445555455444
1111211222311223332234445333454444555555
1222212232112331111344433444334555545555
1111233122331223312243152435554445544455
1223312243122431244312433144531145555555
1111111213222232422344443453334553545555
1111112113222234233342243444435554355555
1111112221123224332244333445534455345555
1222211112131223312433344533445544455555
1111121331223312223423334244445454555555
1122211222311223311434444334553344555555
1222212232123331333314444154541555415554
1112212222133321113244333455534555544445
1111121113233332223455234522345555454444
1111213412134123344233442533425554255552
1222211112134421334213342533445344555555
1122212222111231443314443445435555355533
1222312333123331244312444124551544515555
1122212232123331233314434114445555455554
1112312223124231142314423554435443355555
1122211223122331233413334155545555454444
1111211312133223333244322444425544555555
1122211222133241332411334533445444555555
1112211112133223322233344355545555454444
1222212223112331333313444144451454555555
1112211322133221345213452334554345544455
1111112121222232233344443444334555355555
1111111212222223244433554355543354433554
1111111123222232442324433544335544355555
1111122111222332323423334535445554455544
1222212222133341533415334155341154455544
1222212322133231133341113444445454555555
1222212322113321333311443155445554455544
1122211123111234422344423455334553345555
1122211122311123442233444355443355435555
1111212222112223144433544355543555433354
1111111221222223444233455344453455533355
1111212222133321342213444335545355455544
1111112212132224332544325443554335544355
1222312243122431524315443155431154355543
1111122211222132323343335435554444544555
1111211222133221322343333444554555544455
1111112131222332333422344253545555455444
1222212322133321344513455134551345514445
1111211312133324332244332455524555244455
1222211223122331433314334144441555455555
1112212123122231123344433444334555545555
1222212112111323133233334444444545555555
1111231122331223412234552345553455534444
1111213122133221332453224533545555454444
1111211122132223332233444535445355455544
1122231112311123333243522435554444544555
1222212222113441334413444133451533555555
1111211122133223332233342544445444555555
1122312223122431124314443143334455555555
1222211112111223333233445344553445544555
1222212222113341113415534555345333455444
1111112233122331223322334544445455455554
1222212322113241134411345333453444555555
1122211122131231322343333444554544545555
1111121112222222333433534355443544455554
1111121131244332243324435224352443555555
1111112211322223322433444335445354455555
1111121112222223332433554355543554435444
1222212342133421344213444133451135555555
1111122131221332333324434224445555455554
1222311123122231123314433554345544455554
1111112221132224332243333444534445555555
1112212222112321133433334344445544555555
1222211212111123444234444355543355533355
1111211222132421324433244335443355455555
1122211122133321342213444334543555455554
1222212132111321313243333444445544555555
1111213112334123344253342535425554255442
1222211122131221314433344335545354455554
1111211222132241322433334535545354455544
1111112112322223234233344553345444455555
1122231112311223314234442333445554455555
1123311223122231123314235445354555544445
1222212233112341323413334115545555455444
1122212223123331233413344144451445555555
1112211222311223314234444355543554433555
1112211112313323332233422544445444555555
1222211233122231444311143554435544355553
1111121231222312243324433445354553544555
1111111222122223244433344333545355455554
1122311223122231244311433544435445355555
1111122221233312343123435244354445545555
1111231112314223442234225344453554533555
1111211312133223344253342553425544255544
1111112311223332334423554235442555425544
1111111221332443322433324553245552455544
1222212223112331133314353144554445544555
1222213332113321332211344154445554455554
1111111122222234232343333455534555544445
1222211112131223312433344354443555455554
1111212222133221132433334544345544455555
1111122111322443322432254333545355455544
1111212222112324123544435433354353544555
1111112211332223332234442345443454555555
1112211332133221132243332444554544545555
1111231142331423314235542355423554255442
1111213142134421342233442354423555235555
1112233142311423114234442355423554235555
1111112121222223334233344355443554455554
1111122131241332433324334244442555525555
1222211112131123332234333444444455555555
1122211322113321432214335443354555544455
1111122211222312423344443554435543355553
1111211122132223332234333444445445555555
1222311123112231122344333444435544555555
1111213322132221333213432554445444455555
1112212222133221133314333444454544555555
1222312233122231113345135451354555544444
1222211122131321313243333444445555455554
1111121211222223324453344553345334455554
1222212112111221334433344335443555455554
1111121221222312333323344534445544455555
1111112211222234232344333443554435545555
1112211222122321433314433444435545355555
1111212222134421342213455334553445533455
1112211222112221344533445334453344535555
1112211123112232224344443454334553355555
1122311223122331223311433444445544555555
1222212233123331234411334154441544555555
1111111212322223332234444334455344555555
1122211112133221332233445334554444545555
1111111212332224335243352433524555544445
1111112131223332234352243552435554455444
1122231212311123414234442333445354555555
1222212232142331443314553145531445314555
1222212322133231333314444144551144555555
1122213222133221134413334134445554455555
1112211122331123322243333444455444555555
1111213132133321443244332455224455245555
1111211122133323322243325435554554544445
1222211122133221333313444134554445545555
1222212233122331333314444155441154455555
1111122211322213332234355344453445544555
1111111213422234223342553425534555344453
1222212223112331133311433444554544545555
1222211233112331122341333455554554544445
1112211222112231424354443543335443355555
1222212322133321443311433114445554455555
1111211222113324433244322443354535545555
1222211222111231133343343434454445555555
1122211123441234412344123445235555355533
1222212222111134411354443544435533355553
1111211332133321322233422444454555544555
1222211222112334111345533455534455344453
1111112233122231242342443444534555355553
1111212222111223452534555344453444533335
1111112233123331244322433524445255455554
1112211122133321322233344354445555455544
1111121121222232443324433543335444555555
1112213112133123344235442354223544455555
1111211132133324453245532455324453244552
1111213112334123442234422345253455534555
1111111233122332243324443244532445555555
1111122111233332233322344244445445555555
1112211222112223144434444355543335533555
1222311233122231244314443145431455355555
1111112211223332223423334534445444555555
1111121331223312333322444254542545455554
1222312223123231433314443144551445515555
1111212222122321443314443443335435555555
1122211112312223144233344344443555535555
1111112223112334223542335423354444545555
1222213222133241134415344153441533455555
1111112223112332223455234553345553454444
1222212232112331113341533455534545544445
1112211112133324332243322434454445555555
1111212212122221333453434534445335455554
1111112213122232233323344534445444555555
1111121331222312223342533455534455544445
1111112113222332422344233544435544355555
1122211123111234222343333444435544555555
1222211112314123341234452345553444533555
1222211233122331124314443145434455355555
1111112211222332333322443444435454555555
1112211332113221433244432455324453545555
1111123331222314423142233442534445555555
1111122133221132233324335244554445544555
1111112133123332233322224444444554555555
1112211112133224335244352433524355544455
1122212222112334113341333455534555544445
1112212222111221333333343444444555455555
1111111212222223234433344533445534455555
1122211112112223444234444333343553555555
1123311223112331224312243444435554455555
1111111122222223342433444335443554535555
1111112211222232233345533445534445344555
1111122113221332444324453224535445355553
1111213332113321333244422455224455544555
1222212122111123314533445334553444534555
1122211233122231123314335445354455544455
1122211112112223332343333444445445555555
1111112221122234244342433444335555355553
1111122113221332223342333444554455544555
1111122221222113244433445344553455533355
1111112221123224333244332444334545555555
1111233112311423334234342544425452255555
1111122131222314423344233542335444555555
1111112212122223333244335443354444555555
1112211122122231244354443554435543355533
1111122131223312333322243444454445555555
1111233122311223122433424334445544555555
1112213122131223312234444355443544535555
1112211112122223233433334355545545455444
1111211122133224333244432443324455555555
1112311123211232222344443445435455355553
1111122211223312233324443555435544355544
1222211223122331145311453444534545345553
1222212322133321143311443144534445555555
1111111122333323432244325443254442555555
1222211112311223144234455334553345534455
1222213332132221333314444144451554515555
1111231212312223124234445345453454533555
1111212122122231442344333544435554355553
1122211112132221324433344335545354455554
1111112221222213244533455344553444533355
1112211112132223344233442344453345555555
1111112331422314223342253442534445355555
1112233112331124331243352445524445245555
1122211122112221344433454355543355433554
1122211122131241322433344553345534455554
1112211222133221133243333444445555455554
1223312223112231112314333544445545455554
1122211232114321143244432445334553355555
1111213312132221332433524535245554455444
1112211122112234424354243544435555355333
1111123144231142333423444233452225555555
1112312223124231242311433444434555355555
1111121133213332222342253455534555544444
1112213132133321343214432444424555255555
1111211122122234232343333435554444545555
1111122111222223324434444355443355533555
1111112222112323333233342444444554555555
1111111221332224333244432443325445555555
1123311223411234152341523445234452345555
1122213332113221132213334444445545455555
1111112211222332333423444235545355455544
1112211112313223332233442344445545455555
1112314123144231142344423452235523355555
1111213122133321332233442444424545555555
1122211222133321343214433154435554455554
1112311123122231222344453455534455344553
1122211232113324113244332444334555545555
1122212223111231412344333455534445345555
1122211223122231433314353143554444545555
1122311233122231224311543555435544355444
1222211122111123333243433444434554555555
1222211222112334113341433444334455555555
1111112222132221333243433434554445545555
1222211212311123331234444345443554535555
1222213232133321113241133444455444555555
1112231122311223142234444334545335455555
1112213112131223322234455345553444534455
1122211233112231223313334555545555444444
1222212233112331424314443145431554355555
1222213222134241344413455134551345513355
1222312233122231133311443144554455544555
1111233122311123322234255345553445544445
1122211222113321133243335435554445544455
1122211122311223312433334555345544455544
1223312333123331224412244144451455515555
1112211112132223332434424344443555535555
1111233312311123222232444355443555455544
1111121211222332444324433244335453555555
1112211122131223332234444355543354455554
1111112222123321332243555433354455544445
1122212233112234112341433444334455555555
1111211122312223332244333444434555545555
1122211222111323133233334444444554555555
1111111222122322233344553445534453344555
1222211223412234113341133455534455344555
1111121313213332222324443245534455544555
1111112121222232243355443544435544355533
1122211122113323132233345443454444555555
1122211112113224432244333443334555545555
1222211233122231113341553445534455344455
1111122111222234522345553455334553344443
1222212222111113444133344335443354555555
1222213232133321133214535145551454544445
1111213112431324333243322455224455544555
1111122221223312443124435443354433555555
1111211222122321333244333455534455544455
1111213112333123322232244344454445555555
1111111222122234422343333444435455355555
1111112112322223332233344543445444555555
1111231112334123344233342544425455255552
1122212222123331113341433444434554555555
1122211233112231123344233444435554455555
1122231112311223314234442334455344555555
1111112121222222334433344553445335455554
1111213312133124335244352443524555244552
1111111122332223224233444335445354455555
1111211122331243222432444333445535455555
1222211122331223114431554335443554435554
1122211122314223144231444334453555533555
1111112213122234223342433444534555345555
1112213332113324113244432544325445255555
1122211222113321333213455334454444545555
1122211122113321333243552435554344544455
