1111121333213342133425344255542554422554
1112211222122331233314333544445444555555
1111121333211332223324223544445444555555
1233312333122431224312244155441554415555
1111112222112234422344443543335433555555
1122212223124431244314443143331553555555
1222211233112234112344133444534545355555
1112211132131324333245532445324455244555
1122211112311223333243332444454454555555
1111112311423334235342353422554422544555
1112211122132221324433554335443555435544
1123312223144231422314423154431545355555
1111121112222222333333344553445544455554
1122211222132421344413455134553345533455
1122211223142231442314433143354453555555
1222212232113321435514335144351443544555
1112231112333123341233442444224455555555
1111122231222312243144435433354435545555
1111122221233212332144333444354555544555
1111121131222334222344423554435544355553
1111111231422334225342253425534455344553
1122212222111231143344433443334555545555
1222312333123341233412444125441555415555
1111121313213332234422334522445444555555
1122211222122331133413344533445555455544
1112211112312223332234444335545355455544
1222211122131123314233344553345555455444
1111121113223332222324333444444555455555
1122211222133321333214355143554444544555
1111112221122223324433444355443554533555
1111112231222312233323344553445544455554
1111211122314223344233442333425544555555
1111112222122221333333443444435445555555
1111122211222312433324353443534555544455
1111122121222213244435544335543555433354
1111111122333323434234442344225455255555
1112211112334123344235542355423554235544
1111212222112221333343335435554554544445
1222212324133241132413334113445555455554
1111122221332113322234555345553444534445
1112231122312223114233444334453544555555
1112213122131221332233334544445445455555
1111231222311223122433444533545355455544
1111111222313223332233324544445445455555
1122212222133241354413544135441354533555
1111111122322243232433324353445554455554
1111231112342123422234442354453554533555
1222212232113321333313444154441555455554
1122212232112341123415334555345533455444
1222211232112321133314335444354544545555
1111112113224432544325433254432554325553
1112212223123231132341333445554444545555
1122212222133231433314334144441455555555
1111212212132221324453334535345553455444
1222212323123231133314553144551444544555
1112211223412234112345523445334455345553
1111213222132221332314333444554445545555
1112211324113241332433224532445354455555
1112211222112223144433334355343554455554
1111211122312223342234444345543335455555
1111121221222312423344453455534553344553
1111111122333323432234222344445455455555
1112233112331123312234224344445455455555
1111121133213332334324445244552244525555
1222211112311223312434444354543555433555
1112211122312223144233444344553345535555
1112212122122231433314453444535445355553
1111111213222232223345553454534445344553
1111112221133245322453324553245334455544
1222211212111123333233345344454444555555
1111233122311223122433324553445444455555
1111112231222312333322334555545445455444
1222211122112231453314533445534453344555
1112211122133221332433324553445544455554
1222211232122331333314453145551445544455
1122212223122331444311443144335543555555
1111112221222314233542335443554335544455
1111111122322223322343333444444455555555
1223312233122331223311444154441555455554
1111212222113221435244355443354335544355
1111111221332223344233452334524445545555
1222212332133321333211144514445545455554
1111111221222334423344223443334555545555
1111111221222223424434444333343553555555
1122311223112231122345553455534445344453
1222211123112234152341533445534445345553
1222213222133321113341133444444545555555
1111213322133221344213342535425554455544
1112213122131123322233444533445554455554
1111213122133221433244322443355444555555
1222211222113321133413344334454445555555
1111233112333123331244552444524545245552
1111213312443124431244332443225535255555
1112211122131323333243532455524545544445
1222211222134241344413444133351353555555
1111231222311123332234442334445544555555
1111112211222223332433444355543544435555
1222213322113221333314435144451455544555
1111233112311223333234442444425455255555
1111231112333123222233245344454444555555
1112211222133221333214335444354444555555
1111121131223332243322443255435554455544
1111212112122223333234335443554444545555
1111122211232143322435524335543354455544
1222211112113123332233444334545445455555
1111112221133223342233452334554445544555
1111212222122331123344433544435544355555
1122212222112331333314453144534445545555
1122211112312223142433444355443555433555
1222211122111223134433344333455444555555
1111111221222232233344433444335544555555
1112212222122331133314453444534545345555
1222212232112331333311435414454444555555
1111121314213342223422334253345544455555
1111123111233332433324455244452454522555
1222212222113445133451344513345133455554
1111213112332123322233342444445555455554
1111112222112332223344433444354453555555
1111212212122221334433444344453335555555
1111112221333213422534225344453445534555
1111112222123241232433354355543554435544
1111112221332213322233334444445454555555
1111212222112231423344333433554444555555
1222312223123231333314444145541555415554
1222312223112231133311435444354555544455
1111121334211342223452334523445235455554
1111212222122321333413344534445344555555
1111111222133323332233442554425544455554
1223312223112331422314433114445544555555
1111112121322223234233344334445545455555
1122212222111123145534445344553445533335
1111211112342223422234445334553445533555
1222212222133331333311444511445544455555
1122211112133321322233444344453445555555
1111112212132223332234444354443545535555
1111112222132241332433324534445354455555
1111231442311423314234442342223355555555
1111122111322223322343333444554544545555
1222212122111321143344433444435555355553
1111213132133321322243322444554544545555
1111112113222332444322243444435555355553
1111122111322223332243335435554555544444
1222212333123331224311443154441555455554
1111122111222234425344253444534555355333
1112231122311123333243322444554555544455
1111122131222312243342433444354543555555
1222212322113245134451344513345153455534
1222211232111324113243333443554455544555
1111111221322223324233445344553445534555
1111111222314223442534225344553344533555
1112211122112234223344443445334555355553
1111212222112334122345553445334455344553
1111122211232212324433554335543554435544
1111121133212332223342243444435454555555
1111122221322113322453334553345444455554
1111211312133323333244442444225545255555
1111112131224332444324553245332455324555
1222212233123341234411334115345555455544
1222211112112221344433334355543544435555
1111112113224332443322443524435245355555
1122212234122341323413334135441554455555
1111112222133321344253342533425554455544
1112212122122231144354433554435544355533
1222212332133321333214444145541155455554
1123312223122331122311433544445544455555
1111211112342223452234552344553344533455
1111211322413224133244322433554435545555
1112211122112223333244433554335444455555
1222212233123331243314443114451544555555
1112211222111223333244333444434554555555
1122211122111223333243433444534555544555
1111112333122331233452344522245544455554
1111122221234212342133455334453445534555
1111121112222223244433344333545535455554
1111112222133221332243333455554555544444
1111112213442134222342523455334453345555
1112211122311223345233452334554345544455
1122211122311423314233342533445444555555
1111123111233332433324444225442554525555
1111111123422234223342253455534455344553
1111112121222232233344443455534445355553
1111122134211342333423344223455244555555
1112211222132421334213444334545335455555
1111211112222223444233444333453354555555
1111121311223342334425334255342255455544
1123312233112334123341222414454445555555
1122212222111121344433544335543354435555
1112311223122431224312443544435543355555
1111112131223332224352443525435554355444
1222212222111341113455534533345334455544
1111122221232112344423344533345354455555
1111121131222332243342433424534445555555
1223312223122231445314553144531455314455
1222211112311123334234342344443545555555
1111211112334423334253442534425345255552
1112211112122223344233344335543555455544
1112212223142331422314433144435455355555
1111111212322223324235444355443554433555
1122211222113324113243333444435554455555
1111121331233412344423455234452345522555
1222212332133321133214435144451444555555
1111233112331123422234442334425554455555
1112212222133221333311434554345544455554
1222311233112331224312443144435554455555
1122212222133421344413344133451534555555
1111111122222223455234455334553344533445
1111211132133323332234422444524545545555
1111122331223312223123334444444554555555
1111121221222312333324343544435554455554
1222211222111123144433454334543355435555
1111212112122223332433444334443555455555
1122211232122321113344443455334453545555
1222312223122431114314443154435554355553
1112212222111223314433444335545335455554
1111112131222334422344423554235544355553
1111121133212232222344443455534455345553
1111111212222223334235344353345555455444
1122211123112231223333334555445555454444
1111111222312223332243355433554445544455
1111212222123321243314443444435555355553
1111122111322223332234445344453544535555
1122212222113321333313345144454455544555
1111121113233332433524355244552445522445
1111111221222332244324433554435554355543
1122211322133221333211433444554445545555
1122211232411324133241332444354543555555
1111112213122332223342533455534445544455
1222213322143221435514335143351455514445
1112211222122321433314333444434554555555
1111234112344123441234422334253352555555
1111213112332123422234244344443355555555
1222211322113241332413344133445554455555
1111213312133321345233452444524455245552
1111212212112223342534455345553444533345
1122211122133221133244335433454444555555
1111112121322243322433424354443554535555
1222212222111131143344435433354443555555
1111111221333223334233442544425445255555
1122211222113241332413444335543354455555
1112212223122231113344443544535445355553
1122211122314223144231444355443355533555
1111231142331423314233442344225545255555
1112212223114231442314423554335544355553
1111121113244332443322443522435524355555
1111122113223132233342533425554444544555
1111121121222223332433334355445544455554
1111111222312423324432244333445355455555
1112212222111231332344333444435445555555
1222312333123331234512245144451455514455
1111121334213442134423345233452254525555
1111112211322223234233344553345444455555
1111112113223332233322344244445455455555
1112211222133221433214433444534455355555
1223312233122431224314443145431154555555
1222213332133321113211432444444555455555
1112211122112233223333334444445545455555
1112211122312223124433444344453335555555
1222211223112431424314443155435554355533
1222211222111123331344333444354455545555
1112213112132221332243333444444554555555
1112211122113324443245532455324453345553
1222311223122331233314453145551445544455
1111231112331324333244322544225544455555
1111211112333223222234444345543455435555
1111122221322113244432554355543355433544
1111111122222222333333444334544445555555
1111213412334123341235442354423545255552
1111211122331243522435524355243354435544
1111122211222132333323334555445444455554
1111121131222332233324443245534455544555
1112312123122231124355243544435454355543
1112212222122331113345553455334555344444
1111231112333123422234422344443554555555
1222211122131221313433334344444455555555
1223312333123431224312244115545155455544
1122211232142321443214433143335445555555
1112213222134421344213442133453354555555
1122212223122331333411344513445444555555
1111112131423334222344223544235445355555
1122211122111223333234434334445544555555
1122211232411324113244332453354553544555
1122211232114321143244432543335445355555
1111111222133223332243332444554555544455
1111121121222223323343333444554444555555
1222212332122341113413334135445554455554
1123312233112231224311243444434455555555
1111121131244332243324443254432555325555
1111112113224332244324443224435553355555
1111112213442134422344233442535525355553
1111112221223312333322343444444545555555
1122212222111231443314443554335445355553
1122211132133321133244432544325444555555
1111212222123221333413534335545555454444
1111111221332223224233345344453455544555
1111211122312223333234342443455444555555
1111211322133221322453244533445344455555
1222212332121321113345135453354555544444
1111122211223312223343335435554445544455
1222312223114231442314433144531455355555
1111111231442334223344233422354425555555
1111211132133324332243352444524545245555
1112311223112331222342553445334555544445
1122213332133221132214334144445544555555
1111122131233312323322243444445445555555
1111111123444234222344233452234553355555
1122211112313223132233334544445554455554
1112212223112331224314443544435543355555
1111121221222312333323443434554444555555
1233312333123431224412444122441555515555
1222211122131121344233444335545335455554
1111122111322443222432354333545355455544
1111111213222234423342253445534455345553
1111231112312223322233334555445544455544
1122212232123321333314553144551445544455
1111111122222223333233433544445455455554
1111112333123341234452334522445224455555
1111213112132224352243552433554335544445
1122212232122331133311443444435454555555
1111112221222312333324343444434455555555
1222212222111113134433334553345554455544
1222211112131221333243433444534455545555
1111112113223332444324533245352455524455
1222212122111121333343333455554555544444
1111111223122232233323344434454445555555
1122211232112341223413334534445345455555
1122211123142231422314553445534555344533
1112211222111223333243433444354455545555
1112211122313223132233344534445555455544
1112212222123241334413344133445354555555
1112211122331223415234552345553444533445
1122211123122231123343333455554544544455
1222212322113321113413334554345544455554
1111122113221332244322443544435455355553
1222212222111341313413334555345553455444
1111112331223312223423334255445554455544
1122211112311323333244322453554555544445
1111121334213442134422334523345225455555
1111212222133221333214435443354444555555
1222212223112134111344443445535455355533
1112213224132441322413324153345553455554
1111211122331223322243335435554445544455
1111231122311323333234422444254445555555
1111211222311223332244335443354444555555
1111122221332213324133244334445545455555
1111112122122223444235444355543335433555
1111122131233312344423334255442255455554
1111211122122232243344433454435543355555
1222211132111324133243332434554444555555
1122231112331123331233422544445554455554
1122213322133221133211334444445454555555
1112311223122231242314453445534455345553
1111121121222232243344433544335445355555
1111122331233312233122344524445544455555
1111121121222223342533445344553444533555
1122211122111223342434444333455334555555
1122211222122341133413334553345544455554
1222212112111324133245333455534545344455
1122213322133321132211334544445454455555
1122211122131123332243335435554444544555
1111112113223332222342333444454455545555
1111121331223312333324444224445255455555
1222213222133321333311144154445554455554
1122212222112331333311334555545554454444
1122211222113221433314533445534455344555
1222311123412234112344123443334555545555
1122211122131221342433444334553445535555
1111122131221332222345333455354455544445
1111112221123222233344333444354555544555
1111112221322213244532455344553345533445
1111112222133241322433324533445554455554
1111111221222232233333343544445554455554
1122211122113221333233435344454454545555
1111122311233412344423334225345255455554
1122212232122331111344443445435455355553
1111122221332113322433524355443554455544
1222212222111113344133444334443355555555
1111122133221134233342233452554555544445
1111122213221132223344333455534545544455
1111111122332245322453324553245533455444
1222311233122331223314453145551455544445
1122213322133321133241352415554455544445
1222211123141231452314523445334455345553
1111212222111223333233345344454445545555
1111121331233312233422434244442554555555
1122211112133221344233442334445355455555
1222212222111331144351443544435554355533
1233312333122331222411424514445145455555
1111211112344223345234452334523445235555
1111122221222213334133544355443355455544
1111121113223332222342333455554445544455
1222213332111324113241332445354555544455
1111111222132223322433444533445534455555
1112213112133123322243525435554345544445
1111122331223112334422344523345554455554
1111213212132221333233442344445454555555
1222312223122331133311434514445555455544
1111122221332113322243555435554335544444
1111211112333323332232224444445455455555
1111112221122232233344443445334455355555
1111112221123224433244532445334553345555
1112231122311223312234455345553445534445
1111122111223332224344243544435543355555
1222212332122331433314345144451445515555
1122211223112331223314333445554555544445
1111122113222134222343333435554444545555
1223311223122231123341553415534455544445
1111121331233312223322434244445545455555
1111231222311223122433344535445355455544
1111212222111223333234555345553444534445
1111112333123431224322243254435554455554
1111112212132224325543235433354355544445
1111121113223332233324553245552455544444
1111111222122234255342533445534455344533
1111111221322443222433244335443555435555
1111122111222234233342353433554445544555
1112211112312223223433334344445554455555
1223312333122331223412544115445154455554
1122211222122331133314443544435544355555
1111112211222222333433554355443554435544
1122231222314423144231144314453355535555
1111211222113223334234442345443355455555
1222212122111123314434444334455333555555
1112211122312223134233344354443554455555
1111213112431224322243325433554435544555
1222312223112331423314443114435445555555
1111212222112231423354443554435443355553
1122211122111323333233432444554544545555
1222211122111221333433444355543554435554
1111121211222332423324453444534545355553
1222211122131123331234333444454544555555
1222212324123441233415334153341555415554
1112211222112221344453334533445334455555
1222211122113221333313334555545545454444
1222211122111324413244433543335443555555
1222212332133321133241135415554455544445
1222211222113321113344433444335544555555
1112211112331324333243322444254445555555
1111121221222213244433344333455344555555
1111111221322223332244333455534545544455
1112231122311223144233442534445335455555
1111212222123221333314443554335544455554
1111233122331223112234442345443554455555
1112211222112334123344233444535445355555
1111231212312223124235544354443554433555
1122211222132231333313434144445554455555
1111121133221432244322243554435443355555
1111213112133224335243552435224355544445
1112211223112234122344443455334453355555
1111121133212232223324443444435545355555
1222211222111123331453344533445534455554
1111211222314423144233422334453354555555
1111121221222312333323343444454454555555
1111112213122234423342233444355443555555
1233312233112341223412434124441545555555
1111122221232212344133444334453354555555
1111213122131223344253442533425354455554
1122211233122231442314553145534455344553
1122211222311123331234455344553455534445
1122311123121231222343333444445544555555
1111122111223334233342235442354555544455
1111111233122332223452334524345444455555
1111112112222222344433334355343554455554
1111122221233112333423334244445545455555
1111122113223132233324335245554445544455
1222211122311223311433444355443544535555
1111122221333213332133422544445554455554
1111111221222332422344533455534455344553
1112311123112232223323334444445445555555
1112211222112223134433344353345554455554
1222211233122231111344443454435543355555
1222213332144321443214332143551445515555
1111211132313323333242222444554555544455
1111121133214332243324443254432545525555
1222211222111123145533455334453445533445
1111213312113224332244325433254445545555
1111112221123242233423354333545555455444
1222212122111231133343335443554555544445
1111112121222223333244433445534555344555
1112212223122331244314433144335445555555
1111122211234412344423334233542535455555
1111112231122342233423334235445554455554
1222211222311123441134445344453333555555
1222211222111321133345533453354555544444
1111122221322413244132445333453544535555
1111211312333123222234442334554445545555
1111112223112234422344233444354533555555
1122211112312223124434444345543355533555
1111122221222113324453444533345353455554
1222213332113321113241332444445545455555
1111112211223332334322343244454445555555
1111121131233332223322443524445554455554
1111213332132221333214342444425445555555
1112211222112223145533445334453444533555
1222211112331223411234444355543335455554
1222212232123331333413544115445155455544
1122212222111231333314435443354444555555
1222211122112233113333334544445445455555
1111112223122231423344253444535445355553
1112312223122331122314433445534445545555
1222211122133221133415534553345534455444
1111111233212332223322443444435445555555
1111213122133321332244352453524555544445
1111111223122234222344443443334553555555
1111112331223312233422334244445554455555
1111112211322223333244432445334455545555
1222213322133221333411134541445444555555
1111213312133221333244432445224455545555
1122312233122231245311453144534455344555
1233312333122341223412244111445544555555
1112211122312243152435524335443354435554
1111212222112221333333344344454445555555
1122211233112331222314433444534455545555
1222212123111231312343333444445554455555
1112213122331123414234442333425544555555
1122311123111232222343333444445454555555
1111121211222223333234445333454444555555
1111213322133221132233324555545554454444
1111212222122231333314335443554455544455
1122211212311123332243355433454444545555
1111121113223332224342243444435545355555
1111112222113324433244332444325453555555
1111211222314423142233442335443355455555
1122211222134221344413334135345354455555
1112211122112234422344433544335455355553
1111121331222312423324443254335544455555
1111112213222134422345233455334455344555
1111111222122223324433444333445354555555
1222311233112331122341233444554445545555
1111111213442334223342223442534455355555
1111121211222232233344443454435554355553
1111121211222222344433444333443355555555
1111121314233142233452234522345553455544
1122213332113321132213342444454555544555
1111213222133221132243333444445545455555
1112231222311223114234444344543555533555
1111122221222113324433445344453354535555
1122231122331223311233144354445554455554
1112211222312223114433334353445544455555
1111122133221132333324355244452445544555
1223311233112231223314243144455444555555
1111211112333223422534425344253455534455
1111213112133323342234442354225544455555
1112211122331123332243332444444455555555
1111122133221432514325443255432544355543
1111231112333124333243222442554455544555
1222211233122231111343333445554444545555
1111121221222213324433544355443555433554
1222211223122331133314443145435554455554
1122211122111223333244433453354555544455
1112211112344123444233442354223555533555
1111111222122223244433544355443354533555
1122212222112331133313334555545554454444
1112213122131221334253342533445544455554
1222211232122331113314435443354445545555
1111213312331124333243452444524545255552
1111231212312223144233442333455444555555
1222211122311243112433544335443354455555
1112211223122331122344433455534445345555
1111213442133421334213342534425545255552
1222212342123421334413345133451544515555
1122212232112334123341453414534445355555
1112231122311223314235442354443554435555
1222212333123341223411134515345555455444
1112212223122331233311443544435444555555
1122213322132221333314435144551445544555
1222212233122331333311444514445155455554
1111112122122223233433354335545554455444
1222212232142331433314355143551444514555
1122211112133321332233424354445545455554
1112211112331223444233442344523545535555
1112212223112234112344333453534555544455
1222212232111321413314433445354553544555
1111112221123332223324433445354555544455
1111112222112324323243335435554355544445
1122211222133221134451334553345534455544
1222212223111234111343333444434554555555
1222211122111221333333334555545455454444
1122211122133221332314333444554444555555
1112312223122331422314433145534445545555
1111122111222223344233344355543544435555
1111213122331423314234442354423545255555
1111111222122334222344443454435553355553
1122212222112334111343333444354555544555
1111111122222234223344553445334455345553
1111123331223112233322243444445455455555
1111112112322223242534455345553444533345
1112211132133321333244322444524545545555
1123312233112231123341223444445544555555
1122212233124431243312433144431455555555
1112211222122321143344433444335453555555
1111231222311223312233344553445555455444
1222212112111123333243535435554355544444
1111111222122323333243532455354555544444
1111122111322223245532455334453444533455
1122211222112321333314433445354455544555
1112311223122331423314223445534555544455
1122212233122331244314433114435544555555
1111122121322213224434444334543555533555
1111111221222332244324443444335553355555
1112231112311223322233344535545554455444
1111234412334123341233412344525545255552
1123311233122231423314253142554444545555
1111122131244312443322433244532545355555
1111112222134221344233442335443354555555
1122231112311223312233444335545554455544
1111121211222222344433344355543354435555
1112211222122331233313334555545544455444
1111111212322223425534255344453345533445
1222212222111334133341153444534555344555
1111111222122342233432344333545555455544
1111112131422334223344223452334555544555
1122211232112331223314333444554555544455
1111121221222212333453344533445534455554
1111122221232213324133344553345444455555
1112211332133221132233342444454555544555
1112231122311223122434444355543335455554
1111211212312223333234342344445554455555
1223312333123431234412554125441255415554
1233312323122231223314455144551444514555
1112212122122231133344343444435545355555
1111212222123231233313343544445545455554
1122212222111121333433344335545555455444
1111122133211332224355243552435444355544
1112211222132221333313334555545555444444
1112212122122231133344333455534455544455
1111112221223312333322334555545545454444
1111211112333323333244452445524445255552
1122231122311223144231445334453445535555
1122212222133231133311433444445544555555
1112212112122221333333455344453455544455
1111112221222312333423334534445545455554
1111122211222213332343333444445445555555
1222211222112331143341433444435554355555
1111122211222132433324333444534555544555
1111213312133321333242222455554455544445
1111211112332223333243422434554445545555
1112211222122321133344433454434545355555
1112212222123321433314335145354455544455
1111121113224432224324243544435553355553
1111111231222334222344423444534555355553
1112211222133221133243333444445555455554
1122211332133321133214432444425544555555
1111111212222223332435344354443554435555
1111122211233142333423444234552344555555
1111111223122234222344553445334553344555
1222212233122331444314433114435154555555
1111112213124432243322433244335445555555
1111121333214332144324443222435524555555
1111112331122332223322334444444545555555
1122211222113241132433334553345444455555
1111111213222232442344423443334555355555
1112211132133321333243222444454554545555
1112312223122231112344533455534455344455
1222212122111231133344343544435454355555
1111122221324413224132444333453554535555
1111121133213332234322443255442555455544
1111122331222312233142335443554445544555
1111122221332413224133244355443554435555
1111122331233112233342223444445554455555
1122212223112231114344443554435543355553
1112212222123321333314334144445445555555
1122212223111231412354443544335544355553
1222211123111231422344433443354453555555
1222211223114231142314433444335453555555
1122211322113321132244335443554435544555
1222211122111321433244333444435455355555
1111122211222213332334333444454554545555
1112211332113224132244332455354453544555
1111211222113223332233444334445555455554
1111121121222232243354433554435554355443
1111123331223112334423444235542555425554
1222211123122231144351443554435443355553
1111121113233332343422434224442555455555
1111121333211342233423344255442544525555
1111122211332213322234444345443355455555
1111121113223332223342243444434545555555
1111112122122232243344433554435445355553
1122211112331123333245332455524555544444
1111111221322223322433344534445344555555
1112212223112231123344553455534555344443
1112212223122331123313334444445554455555
1112211222312243124431445334453345535555
1222211112133221332413544335443555455544
1111211222311223442233445344553344535555
1122212222123441334413334135541355455554
1111112121222222333453444533345344455555
1222213322143321453214533145531445514455
1112231122311423144233442333425544555555
1111212222113221332433334555345554455444
1111111221322223422534555345453444533345
1111121113233332334422344255442254455555
1111122221223312233133344344445554455555
1222211132113321333214332444454454555555
1111112222112223333234433344454454555555
1222211222132331333411334154445544455555
1111112221123223333234442334454445555555
1112211332113221332233442354445555455544
1111211332411324333244332445524555245552
1122311233122231122314553444534555344455
1222211222311123331433314535545555454444
1223312223111234122341133444534555544555
1111121211222334422344523455534553344553
1223312223112231142314433144534445555555
1111122211232312333323434244445454555555
1111111222314223344253342553425334455554
1122341223412234112341123443334455555555
1111111122222234422354433544335445355553
1112213112131423344234452334523445255555
1222211112331423314233142533445555455544
1222312233122231143351443514435154455554
1111122113221332444324433254332544555555
1111112221322213332243333444444555545555
1122213222132441324413334133541555455554
1222211232133321334213344115545555455444
1111213222132221332413444335545355455544
1112212222122331113344333443554455544555
1111121133213332233452234522445554455544
1122211112331123344235442355423554435554
1111211222113223334234442334443545555555
1112213112131223342234442345553455534455
1222212324123241334413444134551355513555
1111121311233332234324443245442455525555
1111112222122231442344333455334553544555
1111112121322223323233334444444455555555
1122211222111221333333435344454455544555
1222211223112231133314333544445555455544
1111231122331123332244332544425544455555
1111122111222222334433444333445354555555
1111111223122234222344433444535545355553
1223312233122231233314455144551445514455
1222212222111134133341355443554433544555
1122212222111324133341333443554445545555
1122312223123331223311134544445545455554
1112233122311423114234442334425354555555
1111122341223412334123444233542535455555
1122211122111234422344433445335453355555
1122211122131241322433344335443555455554
1111121311233332434324443245442255525555
1111112331122332222344233455534555544445
1112211122314223142533425334453445534555
1111122221223112333324353445534455544455
1111231112333123322233422444444555545555
1111121331233312343423444225542255455554
1111121131233342333422534225542555455444
1233312234122341233412234144441155555555
1111211222133321332243352443554444545555
1111112222122331422344453455534555344533
1122231222311243312433114534445345455555
1112211122331223313243332444444455555555
1111111122333323445233452344524455245552
1111121121222223334253444533345553455544
1222211233122231133311343544445444555555
1111112131222332222344443554435544355553
1112212223122231133314353443554444545555
1222312123111231122343333444444555545555
1222211222314423114433114334443555535555
1222212333123331223314444115545155455544
1222211112133221332413354335545554455444
1111213122132221342233444344453345555555
1122213222133321133211344553445444455555
1122211122131123334234342344443455555555
1111123114233142234422344223345553455555
1122211232112321123344443445534553345555
1222212223112431114314443443334553555555
1111122113221332333324553245552444544455
1111121133213342333422344244452245555555
1222211233112231112343333445554445544555
1111211112334223444233442344523355255555
1222211223122431144314443145435553355553
1111121123221234222344433454334545355555
1122211122112223144435554335443354433555
1222213322133321334213444155541155455544
1111112121222232423344453455534555344533
1122211222133221344413454134543335455555
1111121113233332222324443244534455545555
1111112222112324223344443445335453355555
1111112231122334222344423544435455355553
1111211322133321333244322445524455544555
1111112221123332244322433444435554355555
1111111221222232233344333544345544455555
1111122111222222333344355433354445544555
1111121113222232444324443245335455355553
1222211122113221133433344344443555455555
1222211233122431244311443144335455355555
1111112122122223344234444335543555433555
1222212122111321313333334555545555444444
1222211122111221344433554335543555433544
1111121211222223332434444334453554535555
1111112213222132444324443243335435555555
1112213122133221334213442335445555455544
1112213332111321443254432543325444255555
1112211112312223324233444334545345455555
1111112313123332232342223444454455545555
1111111221342223444233442334423355555555
1111111213222232432324333443554444555555
1111121221222212333344433445334455545555
1111213112133423334253442534425554255542
1122211112311423444234452344523555533355
1111112221222312233344355443354443545555
1112231112311223222433554335543554455444
1122211222133221333313445134454444555555
1122211122133321143255432554335544355444
1122211232111321333245532455334555544444
1111122111223332233323345244454444555555
1222212222111334411344413554435554355533
1122213232133321343213442144441545555555
1111213112133224433243322435254555544455
1111213312133221322233342444444545555555
1111211222122321233344433444435545355555
1111122133221132333322443244554444555555
1222211232111321333213433444444554555555
1122211232132321333213345144454445545555
1222212223124331143314433114435544555555
1223311223122231233311345414454444555555
1122211112311223333234332444445544555555
1111112121222234422344333455534555344553
1111111122333223222433254533545555454444
1123312233122231233312444115545554455544
1111121331233412344423344234452555522555
1111231222311123332243352443554455544455
1111211332411324333244332444225542555555
1123311233112334123341255442554225544455
1222212222111131431344333453534555544455
1222212232124331144311453144535445355553
1111213332113321433254342544425554255542
1111213312134123342234442345423455255555
1111211122132223322433554355443555435444
1111112112322223344235442355443354435555
1112211122313223132233344534445444555555
1222312233142231442315433154431544515555
1111121334213342134423354253542555422554
1223311233112231224312443155435554455544
1111122331223312334122345423454444555555
1111112221133223322243335443554445544555
1222212223123331113314433154445554455554
1111121112222223332453334553345554455444
1111111223142234423344223445235455355553
1223312333123231222314455114551445544455
1111211312333123322232245344454445545555
1111121133221342333423354255542544425554
1122212233112231112344333445534455544555
1111211222112324433244332444335455355555
1122213332113221332413324155445544455554
1111211112334223342234422354453544535555
1111211122312223322453334534445345455554
1112231112313223132233324554445445455554
1111122314233142231452334523345254455554
1122212222111231143344433454435554355553
1112211122132221332343333444554455544555
1111112221223412234423344553345335455554
1112212222112231144344443554335543355553
1122211122331123312234444333445555455554
1222212223111231415344153444534555345533
1111112222123331233342533425554554544445
1222212322113231133311334444445445555555
1222213224133241132411344133345554455555
1112233112331123312233452444524455544555
1111112113224432444325443255432555325533
1111122131233312333322244525445554455544
1222312123111231122345553445534455344453
1111111233122232222344433444435545355555
1222211122111221333453344553345534455544
1111121133221332333322244542445444555555
1111112133122232243324443245434455355555
1111123311233312433324455244552445522455
1111231212312223142233445344453344555555
1222211112113123332233444355543555455444
1111111122322243322433244334445354555555
1111121131233332234324443224442545555555
1111121333211332223422334525545555454444
1222211222111234113344333444354543555555
1122211122112221333343533455534555544444
1111122311233412344423354233542255455554
1111122211223312433324333245554455544455
1111233312311123333244522455224555544445
1111112131223342233422344233545555455544
1112211222113221334233344334454445555555
1111211222122221333343553455334555544444
1111112211222222333333344535445554455544
1222211112113224132544355433554435544335
1111122131233312344423334224445245555555
1222212212111123144533455334553445533445
1111213112332123322233442344445455455555
1111212112122223342434444355543355433555
1111121311223442334422334253542535455554
1112231222311123331233442354445545455554
1111211112322223242534445333453444535555
1222312223124231443314433144351455515555
1111112211222232443324335444354433555555
1111211112344423444233442352223555533555
1111112221322413224433244333443555455555
1111213122133221322233455344553455544445
1111122121222213244534445334453345533555
1111211132331323333242222444455444555555
1223312333122231223314455114551444544555
1222211112113321333244432453354555544455
1111122111222234223343333445534555544455
1112212223123231233311343444454455545555
1111112223122231423344233445534555344555
1111211122341423444233342354423555235555
1111211332411324333244322443254452555555
1111122111322243224435254355543555433344
1112212112122221344453344534445333355555
1112231222311223142431444344553345535555
1111112221123332222343333444554555544455
1111112211222332223344333544435444555555
1123312223122331122311433554445444455555
1112212223112331223314333444445455455555
1122211122131221344233344355443355455554
1111121331213332223422334255445544455554
1112211122113223332243333444454445555555
1111112313223132233342253442554455544455
1222312233112331122311433544445454455555
1112211222311323313243332444554555544455
1111121333211332223344235442254445545555
1111122331244312443122433244352543555555
1112211122311223342234444344543335555555
1111111212222222333344435443354453545555
1111111221222334422344523455334455345553
1111121331222312333322234554445445455554
1111122211322213322343333444445454555555
1111122211222134523345233455534555344443
1222212322143321433314335144451455514555
1112312223122331243312453144534455544555
1112231112311223222434444345443355535555
1111112112222223333243333444554555544455
1222212223123331334315344154441545415555
1111112221133223332433224534445444555555
1222312333122331423314255144451444515555
1112212112122221344433334553345553455544
1122211222134221344413444134553355533555
1112212223122231113333334555445444455554
1111233312331124312243322444425544555555
1112211222112331224344443444335533555555
1223312233122231123314443144441555455555
1111122111222223244434454345553435533355
1112211122122231233344433444334455555555
1111211122132223333233342444444554555555
1222211222112331144314443443335455355555
1111121131223332223425334253545555454444
1111112213122232243342435444354533545555
1111211222122231442355433554335444355543
1111212222112223133333334544445455455554
1222211222111231143355443544335544355543
1111121333213432144324443255432254525555
1111112233112332223342243444435554455555
1122231122312223111433344344443555455555
1222212212111123133333343444445454555555
1111112211222223244434444333345335555555
1223312223122331233314445144451455514555
1112211222133321333213442534445445455555
1222212123121231114344443545435455355533
1111122221222314423143335433354444555555
1111112113222234223344233544335544455555
1111112212122223233433344534445344555555
1111111221332223332233342444445445555555
1122211223122231144351443544435433355555
1222212222133331334311344114445555455554
1222211122111231332343333444444455555555
1111121333211332243322443255442554455554
1222211232133321133214533145554445544455
1111123331223112233322344255545555454444
1222212322143231433314443111435554455555
1222212222111331113344335433454444555555
1111213312132221342233442344443455555555
1111121113233332323322244525445555455444
1111112221132223324235544335543555435444
1111231112313223334234442344425455255555
1122211132141324413243332445324553545555
1111122113222132443322435444354433555555
1111122231223312233124433544435444555555
1122211332113421134233342355425554455544
1111111222122223332455344553445534455334
1111122331233312343123444254442545525555
1112233112311123444233422344253445555555
1123312223112331123312243544445444555555
1111112221122234422354433554335544355543
1222212332111321133241333444444455555555
1122212222133321133313345144454444555555
1111121313223134233342355422254444545555
1122211112333123331243322455554445544455
1111112223112334223342233444534545545555
1112213132133321332213422444445544555555
1111211122314223344233442334423545555555
1112211112132223324233344334455444555555
1111211122133423334234442334225544555555
1222211123112231142344433455334455345555
1222212223112134111344443544435533355555
1112211122113223333233432444454554545555
1222212332122331133311435144454455544555
1222211112111323333243352434554444545555
1111122211223312234452334533445354455554
1111112222112332223343335443454444555555
1111121211222223334233445344453455534555
1112213112331123322234525345553445544445
1111121211222232244344433445534553355553
1112231112312223124234444345443355535555
1111211212122223333243333445554444545555
1222212122111231143344433554435445355553
1111213132133321343253442554425444255552
