1111121113222332333322344525545554455444
1122211222113231332314333544445445455555
1122211222311243112433334353545555455444
1112211123122231223344443455534455345553
1111111212222223442433444333443555535555
1233312233112231222311453414554444545555
1222212232133321133311143554445445455554
1112212222132321333413444134545345455555
1111213112331224322543225435554335544445
1111111233122342233423334224445554455555
1112211112122223332343333444454544555555
1111211222122331223344335433554445544555
1222211332113224132541335413354444545555
1111122211223312333322334544445555455544
1111122211222134233342333445534455544555
1122231224312243112435114354443554533555
1122212233122341123451334513345544455554
1122211222111231432354333543345444455555
1111212222112321423354433554435544355543
1111111213442334422342223442335453555555
1122231222311243142431444315443355535555
1111112231123332223324553244534445544555
1222212233122341333413344114451544555555
1111213122131223332233342444445455455555
1222212212111121333453334533445544455554
1111122131233312223324433244445455455555
1111122211222134223344333544435454355555
1111233112341123444234442354223552535555
1111211122122223333233345344454444555555
1111121113233332333422244244452454555555
1112213122131223312243355453354555544444
1112212222111221333344433444354453555555
1222212332124321143311443144435455355555
1111121211222342333423444235543355455554
1111121121222232233344335445354453544555
1111213112331323333244222444424545555555
1122212222112331143351443544435443355555
1222211322133221333311344514445555455544
1111211212122223334255344553345533455444
1111122221223213233133344354445545455554
1111231122314223142234442345453354535555
1111211222132221333245533445334455544455
1122312233112231122314443444535445355555
1111111221333223433234432444425455255555
1222211222112331133313344553445444455555
1223312223122231433314355145551445514445
1112212223112234142341453444535455355533
1112231222311123142234444334553344555555
1111111222312423224233444333445535455555
1112213112333123341234422354425544455555
1111121211222232333324355443354555544445
1111112222113223332455324553345543455444
1111211132313323332232224555545544455444
1112211222113224133243333444354445555555
1111211222122231423344433433354455545555
1122211222112234113344443545435455355533
1222212222111111344433334355443354455555
1111111222132223333234332444444545555555
1122211223412334122341133444355443555555
1111233312311123334254342544425442255555
1122231122312243112433144334443554555555
1112231122311123333234452345524455544455
1112231112311223332244332444354544555555
1111121113222232432324333444354445555555
1111111222122334223542335433354555544445
1111121112222223244433554335543554433554
1112212222112321143344433543335444555555
1223311233142331423314255142251445544555
1222211122112231133344333544435544455555
1111112113422334222344233542335444555555
1112211122133321342233442535445355455544
1112213112333123341233442555425554255444
1112211222122331123344443444535545355553
1111122211322213245532445333453444534555
1222211122113321443214433544335443555555
1111213122133221342253424534445334455555
1111111212322223332433324355445544455554
1222311223122331123314535145354455544445
1111112222123221332433344334445545455555
1112213112133321332233442444524545545555
1112233112311123442233452344523455544555
1222211222312143111433554355443555433544
1122211332113321333213442444524545545555
1111121311223342333422344223545555455544
1112211132113323332234442344425445555555
1112311123122231222344333544345544455555
1222212223132331333314455144551445514455
1111112313223132333322444524445245455555
1111111122322223322433444533445355455554
1111112211222232233343335435554444544555
1111122221233212332144355433354455544455
1222212222111331333411344533445555455544
1111112211222223234433344533345544455555
1111213112331223333244432455224455544555
1111233142311423144234422334223545555555
1111111233212232223344233544435544455555
1112212223122331124314443544435453355555
1111121333211332223324223544445454455555
1222211222311123114533445344553445533455
1111212222111234422345333453334555544455
1111112131222332222344553445334555344455
1222212332123321133341113444454554545555
1111213112133323334253442544425442255555
1111112131223332244324443244532455355555
1111121134231342333423444235542555422555
1111112313223132333322444244542545455555
1111112222132441322433324533445534455555
1111211112333223333234522445524455544455
1111121113223332224322443544335444555555
1111121112222223333234444335543554455554
1122231222311223311143333444444555545555
1122211222112231333314333445554445544555
1122211222112324113344433544535445355553
1111121113222232444324333244534455355555
1223312334123341253412534125541254415554
1112211222312443122431544355443555433355
1111112231122332223342533455534545544445
1111112213124332244322443254435545355553
1222212222111111344433334355345553455544
1222213232132321333311144551445555455444
1111112231122332233322334544445454455555
1111112133123332243324443255442254455555
1111122111322223332233444535545354455544
1111123331244312243124433224352544555555
1111112311223332333322444524445254455555
1111111221332243222432444333445354555555
1111112211322223324233445344453455534555
1111112112222223245533445334453444533555
1112211222133221332314333444444554555555
1222211223111231142344443455434533355555
1111112313123332244322443224435544555555
1233312233123331222211144551445444455555
1111112113422234223344223444435555355553
1123312233122231223314434114445555455554
1111121113233332222322443555435554455444
1111112331223314223344233452254555544455
1111211112222223332344333444434554555555
1111231142331425314253442533425534255542
1111112213122332223344233444354545545555
1111121131223334223342223444435454555555
1112211322113321333243322455554544544455
1112312223112331223312443444434554555555
1112211112331223333243432444524555544555
1111121211222223244433544335543554433555
1111211222312423124433244355543555433554
1111213442134421344213422334523355255555
1222211232111321143254433543335444455555
1111213122331123322233452434554444545555
1111231122331123222233334444445454555555
1111122131221332433324443254432544555555
1222211222133321333413344154441544555555
1112212222111123444233544355543335435554
1123312233122331223312444114545555455544
1111122211223312234423334555345553455444
1111121133241332444324433244532255525555
1111121333213332143524435244552444522555
1111122133221132233322343444445454555555
1111112211332223332245332453554555544444
1222213332133321132241345411454444555555
1222312333122331124311243514445544455555
1222213322133241132411334513445544455555
1112231122331123312233442535445555455444
1111212212112223332453334533445554455544
1122211222122331113343335434454444555555
1111213112331223222432444334453445555555
1223312223124231243311435114354444555555
1111122221223114233342433444334555545555
1111111122222223244433444333545335455555
1122211222133221333311343544445455455554
1111112213223132233323345244454445545555
1122211112312223124433444334443355555555
1222212122111123441434444335453355533555
1111111122322223323243335434554445544555
1122231222311423314233144531445344555555
1222212222111131413344433455334553544555
1111213312133221333243422444424455555555
1122231222311223314435144351443555435554
1122212223123231133341133444554444555555
1222212232112331333311344144445554455555
1122312233112331222314433144445554455555
1111111212222223233333334555545455454444
1122211132133321332214332444445545455555
1112213332133321443211432544225544455555
1111121231222312223345533445334455544455
1112231112314223144233422354443545535555
1112211222133221132433344533445444555555
1112212222113221333313443444435454555555
1222211123111231422344433455334553544555
1222312223112231111345533445334555544445
1122211222113241132453344553445533455534
1111122133211332233324355244552455544445
1111121133214432444322243524435253355555
1122211222133221133314433444435544555555
1111211122341223442233442334455334555555
1111111221222232433324353444534555344555
1122231222312243114431144355543555433554
1111211222112223344233444355543354435555
1122312233122431424314243144431555355555
1111111122333224333244332544425445255555
1111112212122223233433334354445544455555
1122212232122331111345553444534445345553
1111212222112321443244333433354455545555
1222211232111321133244333444434555545555
1112212112122221333344443454334543555555
1112211122311243332433224335445554455554
1111112131223332222342443444435455355555
1111111222132223332244333444434554555555
1111112331123332243324443255442544525555
1111211122312223224433444335543354455555
1111211212122223334235344353543555455444
1223312243124431224312443114431555355555
1222211233112331423514235143354455544455
1223312233112331422314423154441545455555
1111122111322223332433324344445554455555
1112211132131323333243222444454555544555
1111112233122231222344443454534545355553
1122231122311243122431444355543354435555
1111122211223312223343335444354555544455
1112231112331223312234452334554444545555
1111121112222223344253344533345354455554
1112231122311223122433344335545554455544
1111213312443124431243322435224355545555
1111211212122223333233434344445454555555
1122213222133321143211433444435454555555
1222211112331123331243332455554444544555
1111233122311123422234424354443555435555
1122311123111234222344233444435455355555
1223311223142231442314423114435545355555
1222213242133421134211344513445533455555
1222312223123231133311344144445544555555
1223312223123331243312444114541555455554
1222211132141321413244532455334553344555
1222211122111223133333334555545555444444
1111212222123321333214333444445454555555
1122211122113221332344333444534455545555
1111231122314423142234442333425354555555
1112213112132221324233444533345554455554
1111233122311123342233422344445445555555
1111121113223332334323445244452544525555
1111112231222312443322433554335544455554
1112212222111221333433334355545545455444
1111112211332443324432224324443555535555
1111122121222212333344553444534455345553
1122231222311123311233444533445444555555
1111122311223314233542335423554255544445
1111112211322223332234444344543345555555
1123312223111231442314223445534555344555
1111121311223332233422344523545555455444
1111111212222223444233344353443535455555
1111211122312223424534245344453455533355
1111111212222222333343353435554554544445
1111112333122331233422434224445445555555
1111212212122221333333455334454445544555
1122311223411234122341233455534455344555
1222211122112234133341333445534455544555
1222311233142331423314223144441554555555
1122211232113321132243355433454444545555
1112211122331123444233542335423554455554
1223311223122231112314453444534455345555
1111211112342223424234442333443555535555
1122211112133123322243333444454544555555
1111112222122221333344435433354455544555
1111121211222234422344443433334553555555
1111121213222132433324343244434455555555
1111211312133224322543225433554435544455
1111211112322223333234342344445555455554
1122211332113221432214335443354455544555
1222212232113321133311443555435444455554
1111211222312223134233344553445534455554
1112211123122231242344433454434553355555
1122211112132221334233344553445534455554
1111122213221132333324334244444455555555
1222211223112231333311334444445455455555
1111231112332123322233424534445545455554
1111122111222223442434444333453555533555
1111112222112223334233344335445555455544
1111122231223312333123455234454444545555
1112212222113221333314435444354543545555
1111112222112223334233344344453544555555
1222212232123331145314453145531445344555
1111121113222332423344233442354455545555
1122212222111121333333344534445555455544
1112211112312223342233444344553445535555
1122311243122431224312443154435554355553
1111213312133321322243552435524455544445
1233312223122331224314443145441554515555
1122212222111121344433445344453333555555
1122211232142321433214433143355444555555
1223311233122331123312244154445554455554
1111111233122234225345253452534555344443
1111121133221342333422344223445554455555
1111111222313243332433324552245554455544
1122212222111324113344333455334455544555
1111112133221332433324453244552444525555
1111112121322223244432544355443354533555
1111213222132221324413444334543555435555
1112311123112232222343333444445554455555
1222211232133321143211433554345444455555
1111112113423334222342223444534455355555
1112231122311243312453324533245555455444
1111121131223332333322444255442544455555
1222213332144321443214532145331455514555
1111122221223112233344443454334553545555
1111121231212332223344233444435454555555
1222212232123331111314333544445455455554
1111112121222232244344433543335443555555
1122211322113324113243332453554555544445
1111211112222223333233433554445554455544
1111122221232112333323433444444455555555
1222212332113221333313455144451455544455
1222212332143321453214533145351455514445
1222312223123331233411344511445555455544
1111212222133221133233344344445555455554
1122212223111231412344333445354453545555
1222212333122231133311134555445544455544
1111111231222332444324433224435545355555
1111111221222222333344433544435544355555
1122212233122231333314345144451444555555
1122312233122231243314443144531445555555
1111122111222332244324433445534553345555
1112211122122221334433445334453544535555
1222211122111324133244433455334453545555
1222213222132341333415534154341544415555
1112213322113221134233342344454445555555
1122231222311123114235544335443354455554
1222211122331123311233334555445555454444
1122211332111324143244432433324555545555
1111211222311223442533425344553444533555
1122211112132221333244435443354453545555
1112212122122231144354433544435433355555
1111211122312243322433424354443545535555
1111211222122321233344353443534455544555
1222212233122331114314143444435545355555
1122211112132221323333334555545455454444
1111121131233342344423454234542355522555
1122211122133221132344333445354455544555
1111112213122334222342453444534555345553
1111121131233332233322224554445544455554
1112311123122231224355243555435544354443
1111121331213332233422344254442544555555
1222312333122231123311435144454454545555
1111121133221332333423544225442555455544
1111112113222332244322433444334545555555
1111122111233442333422334255342555455544
1111112121222232333324333445554444545555
1122211222113321453214533445534453344555
1222312243124431244312453144531155355553
1112211222133321132233334444445445555555
1111111223122332243342435424354443555555
1112211122311243222433444334545335455555
1222213332133321334214442115445155455554
1111211212122223333245333455534545544445
1111213112133324353244532455324452244555
1111121331233312343324455244552245524455
1111112331123332234422334224445554455555
1111212222111323333234432444354445555555
1222212122111231133344333544435444555555
1111123311233312234422334255542544455554
1111121113222232443324443244535545355553
1111111222122332233324533445354555544445
1222212122111324113544335444354333545555
1222211132113321333213342444444555455555
1222212332123321113314334144445545455555
1222211122331223311133444335545554455544
1111112331222312333422344523445444555555
1223312233122231112314133445554444545555
1111211122312243224432344333543555455554
1222312223123231133341553411554445544455
1111112121322223342234455344553445533455
1111111122222222333455344533445533455544
1222211122133241132413344335443554455555
1222212122111121344433444355543355433555
1111231112313223332243322444454554545555
1112211112132223342234444345543355435555
1122211322113321132233334444445545455555
1222211332133321132213344154445544455555
1111121131233332344423344222542555455554
1111112133122332243324433245552455544455
1112231112314223142233424534445335455555
1222212322123331133311134444445455455555
1111112223112334222342333444435544555555
1222211222111121344533445344453455533355
1111121311233332244325433254442545425555
1222213222133231133314434154441545455555
1111211312133223332243352455524445544455
1111213212132221334233442535445355455544
1122211222133321113233334555545455454444
1111211212312223422534445344453455533355
1111121133221332223322334444444545555555
1111121311233332244322243244435554455555
1111231412314423144235542335423354255552
1111211112334423354233542335425554255442
1123312223112231422314553145334455544455
1222212222111131445314553444534555345333
1122312223122331233311134555545545454444
1111121133221332222324433444534455545555
1111111222133323322243255434554345544455
1122211122131123332243335435554554544445
1222212332122331111341443444435554355555
1112211332133221332214332445554445544555
1111233112333123341253442555425444255542
1112311223122231223313334554445544455554
1111121221212332223343335435554445544455
1111122331233112233342223444445445555555
1111121344213442134422344223332553555555
1111112121322243244432244333445533555555
1222212223121331111344553455534545344453
1111231222311123333234342444424455555555
1111122331233312333122444225545555455444
1122211322113321134253342533445544455554
1122212212111123333243333444554544545555
1111122111222223234433334533445554455554
1122211222112334123341553455534545344453
1111211222132441322433324533545355455544
1111211122331223333234342444424545555555
1122212232112331123341533455534455544445
1222211123141231412344523445334453355555
1222212333122331123311434154445555455544
1111122113221332224355243554435544355443
1111233112311223332233442444524445555555
1112231112331124333244322443254455545555
1111122231223312334123344253445555455544
1111112331223412234422344523445334555555
1112211222314423142231455334453344535555
1111211312333123322233242444444555545555
1122211233122231423314333145554444545555
1111121113244432453324533245532445322555
1222211132113321132243333444454555544555
1111122121322213332233444534545355455544
1123311223122231242311433444435445555555
1112211122312223134233345343454444555555
1111211222122221333333455334454445544555
1111122221223312243144433554335444355555
1111112211322223224433444534445333555555
1111112233112332223322334444444545555555
1111231112331223442234442335425354455555
1122231212311123314235542335445354455544
1222211212311123341234445334453544535555
1222211112311423144233542355443354435555
1111112221223312223344333444434554555555
1111122211223312223344433443354555544555
1111111221322223322433544355543544435554
1111111213222232223343333445554555544445
1111122211222213323453334535445354455544
1111121213222132233323343444444545555555
1111211132133324432243352443524455245555
1222311233122231123341133444554444555555
1111122221222213333133344534445554455554
1222211122111321433244433455534453345555
1111111122222222333344443455434555345553
1111112211223332334323344255442555455544
1233312333123231222412444144451455515555
1111211112333223222233444335445554455554
1111121311223342333422334255442554455554
1111112211322223322433344334445555455554
1222311233122231233311434144444455555555
1111123311233312223322443254445545455554
1111211112333324443245332453224555244555
1111111221322223242433444333345554455555
1111233112341423414234442342223555535555
1122211222132241333413334153445554455554
1222212112111123333243333444444455555555
1112212223122231333311334444444555455555
1111112222123221234433334355543555455444
1111121311233332222342243444434555545555
1111122131423314223344233422534455545555
1111122221322413224133444335443355455555
1111122111322223422534455344553444533355
1122231224311243122431554315543355435544
1233312243112431524315243152431524455554
1222312233112231442314443154431554355555
1112211123411234442342223455534453355553
1111112221333213422234425344453455534555
1222211223122331113341333444554544545555
1111122121222213324433344344453554535555
1222211222112334113344135443354443555555
1111121311233332443322434224442555455555
1111211332113224333243432444225544555555
1111111123222234242344423454335545355553
1111211222132221333243333444444455555555
1122211112131224322543355435554333544445
1111111212222222344453444534435333355555
1111122221332113322243335435554555544444
1112212222133321113244433544435454355555
1122211223122431124351443544435543355553
1222211122341223411134444344553335535555
1222212222133331344313543115441555455544
1111112213124432224322443544535455355533
1122211112131223333233342444444555455555
1111121221222212333344333455534555544445
1122211222311243112433444334543345555555
1111122111223334223344253442534555344555
1112212222113421134233344553445335455554
1222311223112331223314553144534455544455
1111112231122334233542335422354455544455
1111111222312223322435554355543545433444
1222212123111234112343333435554444545555
1112213322113224132241335433554555544445
1111211122122223244433544355543335435554
1112233112333124331243512445524555244455
1111121113224332243324443224335445555555
1111211112332223333233442444524455545555
1222211223122331144351443514435544355553
1111112112222223333234345344453444555555
1111112222123221332433444333445544555555
1112213122131423314233342344425454555555
1223311233112231223314235145554455544445
1112212222122341553415334153445533455344
1111233122311223122433524355543544455544
1111121131233332234322243254445555455544
1222211233112231442311443444334555355555
1111112221123232233324443444335544555555
1111212222112231424344443443335553355555
1222211232113321133241435444354453545555
1112212222112321133344433443355444555555
1111121112222223324433444334443555535555
1111122311223312223344243544435454355555
1222212332111321113245333453554555544444
1112212223122331233314355143454444545555
1222211232112321333311433444444545555555
1111212112122223344233444334545335455555
1111211332133321432244332445524445255555
1111112211322223244233345333454444555555
1122311223122231142314433443354555544555
1111211122132223324233444334443555455555
1111122133211432444322433224535445355555
1111111222314223442234425334553445533555
1112213112132221323243335455354455544445
1233312223124231243312434154441545515555
1112311123122231243342433424534445555555
1112211322113221333244532455334455544455
1111121331233312343522435224452445544555
1111112221122234422344333455334555344555
1111211122331423344233442354223544555555
1111123131233312343422434224442555455555
1122212223111234412354133544435445355553
1122231142311423314235142355423554435554
1122312223112231112344333443554455544555
1111111233142234442342223425534555345553
1111112221333213322233425344554455544455
1111111223122234222344443545435455355533
1111121211222222333343333445554555544445
1222312223112231111344433544435445355555
1111122131421334222344223444534555355553
1123312233112331422314223145554455544455
1222312233123331234412344155441154455555
1112212222113321443214433445334553545555
1222312223112231433314433114445554455555
1111112112222222334453334534345344455555
1112213122131221322453444533345553455544
1111231212312223124234444334543545535555
1122211122113324133244332443354555544555
1222211122133221333313344144454455545555
1222212332122331144314443114335544555555
1222213222133321433314435144551444515555
1111123114233142234423345233452544525555
1222212122111231433314433444354453555555
1111112222123221233333334555445554455444
1222212223123331443314533145551444514555
1122211122311243312435524355443354435554
1111112121322223242533445334553444534555
1111121331222312233422334544345544455555
1111111221222232233345533445334455544455
1122312223123231233311344144455444555555
1111112221122223425534555344453434533345
1111112221123332234322343553445554455544
1111111222133223332243325435554444544555
1112211122311223332433424534445344555555
1111121121222223332435334355345555454444
1111211332133321344253342555425554254442
1111112231222314423342235443354435545555
1222311233122231123314443154435544455555
1111111233122232233322334554445555455444
1111211222113223332234444345453454535555
1111121134231342333423344255442554522555
1111211112332223422234444334553344555555
1111212222123231233314435444354453545555
1112211112133324322243325443354555544455
1122211322133221334213544135545354455544
1111111122222222333344353433554555544445
1222211233122231144311443554335444355555
1222213322133321333214444111445544555555
1112211122112223333234435444354443555555
1111231122311223334233342555425544455544
1111111222132423344233422354443545535555
1111122211223312333324353245554445544455
1122212222112331114354443544435554355533
1112213132133321133244432445224555544555
1122312223112331123314233544445455455554
1111112221324213242532455344553444533355
1112213322132241322413344133455444555555
1122212222111321333313444533545555455444
1111112222123221333243433444534445555555
1222211122113321333213444334554444555555
1111121112222223333234333445554555544445
1112211112133324333243322444524445555555
1122211222132441325413354135543354435554
1111122221223314235142355433554335544445
1111112221132223332234334344445544555555
1122211112311223332243333444444545555555
1122212233122231144351143555435444355543
1111122111222332444324543245435455355533
1111122133221132233324335244454444555555
1222213442133421134211342513445533455555
1111112211222223333243335434454445545555
1111112121322223245532455344553344533445
1111112221333213332234322444554544545555
1111121211222222333343553433554444544555
1222211223122331333314443114554444555555
1122212232123341233413334155441554455554
1112211222122331123344443545435454355553
1111213312143124432243332443225445555555
1222212222111113331433334344445454555555
1122211322133221133241433444435554455555
1222211122131123314253344534445334455555
1222212233124331243311443511435444555555
1111112133123342223425534255342553455444
1112213222133321333214342144445554455555
1222211222311243311433144533345554455554
1122211112131224322543555433554433544435
1122211222111221333344433455534455344555
1122211222133221334413344153445535455554
1122211223122331243311433444434545555555
1112231222311243122431444334453354555555
1111112213222132233323343544445545455554
1122211222122331133313334444445555455554
1222211122133321334213344134445545455555
1111112222113323332234332444554444555555
1111212222113221332433444334453544555555
1111212222133221333213334444444545555555
1111112233122231224352443544435544355553
1122211123141231422344423443335453555555
1111112213122332223342533455534455544445
1122212232112321133413334534445554455554
1111112222122221344433344533345535455554
1111112222132221324433354355543544435554
1112211122132221333243333444455444555555
1111112222122221333343355433554455544445
1112213222133221334211344553345554455544
1122211112131224332244355443554335544355
1112213322113421134233342534425544455555
1112212222123241333411344533445534455555
1112211122132221332455344533345354455544
1111123114233142334423334225542254455555
1111112221134223342233442344453455535555
1122213222133221334413444134441355555555
1111212222133321332214335443454444555555
1222211222314423114433114335443554535555
1122212222123331111343333444444555455555
1111123131233312234423344224442555455555
1122213322113321333213442154445555455544
1111233112311223322234255344553455544445
1111233122311123333234222444454445555555
1122312223112231123313334555445555454444
1122211112122221344433444333453554535555
1111112213222134522345523445334555344453
1111213112134223344233422334255444555555
1112211122112223324433444533345354455555
1111121131233332433324444244452555522555
1111211312133323332243225455254455544445
1222211222111231443314433445334553545555
1222212233123331243314435144451454515555
1111111222133425334253342553425534255444
1222212122111123133433344534445354455555
1123311233122331222314243144445554455555
1112211132133321333243222444444545555555
1112213322113321332213452434554445544555
1111233122311123422234425344453344555555
1111233122331123441233422534425554455554
1112212222112234145341453444534555355333
1222211332113221133214333444444555545555
1111111221333223322243352435554455544445
1111111122333323342233442444224545555555
1111121133221432244322243554435445355553
1111112211332223444233342354423554455555
1222311123122231423314443145435454355555
1111112233123331244322443225435554455554
1111122113244132243322443524435543355555
1111122111222223333233444344443555455555
1222211322113321333211334554445544455554
1111211112333223332233224444445545455555
1112211122331123333234322544445544455555
1111112222122321423344433454334545355555
1111112311223332443524335243552445524455
1222212223113234133341135415354555544445
1112211223122231124344443443335453555555
1233312333122231242311425114454444555555
1111112113422234222342333444354543555555
1122213322133221332411334155445544455554
1111213312331123332234452445524455244555
1222211222133421134413344133455344555555
1222212222111113333133444534445345455555
1222211122113221133333344354445545455554
1122231222312243114431144335443354555555
1222212222133331113341143444435554455555
1112231112333124351243522435524355544445
1222212342113421334215344153341535455554
1111111212222222333333344344445544555555
1233312323122231224314443114441555455555
1122212222111121333333444334545445455555
1111111221322243322435244355443354435555
1111111231222332422344423453334555544555
1111112222112324223344333444534545355555
1123311233122231223311234555545445455444
1112231112331123322243332444554444555555
1222312333123331223412444114451544555555
1111211222113323333234452344524445545555
1111111222122334222344433454334555345555
1112211112122223333234355344453455544455
1112213132133321333214222544445555455544
1111112313123332244324443244432255555555
1111122131222312233342453444534555344555
1111121113233332222324433244445454555555
1112311123122231243352443524335444455555
1111111222133323322243255433554445544455
1111112221132223332234444344443555535555
1112231222312243112433144344453354555555
1111123111233332324322243524445554455554
1122212222113321333311433554445544455554
1233312333122331222211444114545545455554
1111211222112324433243352443554433545555
1122212222111321133433334344445554455555
1111111122334223344233342355425554255544
1111121131223332334423344224452544555555
1111211112333223432234422344443554555555
1111121221222212334455334555345333455444
1122211322133321433214332144454445555555
1112211112312223333244352443554435544555
1111211112332223324432244334453445555555
1122231222311223411134444333445534555555
1122231122311423114233442355443354455555
1222312223124231143314433144351445555555
1111112213122332223324333444454554545555
1112211122113224433244432433334555545555
1112311223142331422314253442534555344555
1111123331243312443124433224452254555555
1112211222112321333244333455534445544555
1111211222122231233333344553445554455544
1122212223122331113341333444454555544555
1233312223122331244312443115441554455555
1222312233122231111314333444445455455555
1122211222112231133345553444534445345553
1111211122132223332233334544445554455554
1122211222314423114233144533345534455555
1111211112322223444233542335443555435554
1222312233112331123311234444445544555555
1122211122131124333244432444354533555555
1222211232114321443214333144355443555555
1222212122111321143344433454534555345553
1111122221234112344423445234453355533555
1122211112131224333243332443554555544455
1112231222311123142234444344543335555555
1222211222133321113341333455554545544445
1122312233122331122341153455534555544444
1111112212122223244434454355543335433555
1222211322133241132413344135545355455544
1111112112222222334433344344453345555555
1111231112312223224233345334454444555555
1111111221332223333233422554445555455444
1111211122132223332233344344444455555555
1111111221222334423345253452534555344453
1111112333122331423354223542245444455555
1112231122341223411234442354453554533555
1111121341233412234422344223455334555555
1111211212122223444234455334553345533455
1222211322113221333314433144445555455554
1111231112312223344233422534445354455555
1111211322113223333243352455524445544455
1222211112113224133244333433554555544455
1111122133221332213322453444534455544555
1122212232123331233311344514445445455555
1222312223112331123451334513445554455544
1112231112312123422234444344553455533555
1111213112331223322234442345443455455555
1111122213221132244324433544335443555555
1111112222123321332233344344444455555555
1122211122112221333343333444454455545555
1233312233122331244312245144451544515555
1111112211332223333234422344454455545555
1112211222112234123345553445334555344453
1122211322113221132433334553445544455554
1222212122121331113344443454334543555555
1111213112331223333244432454524555244555
1111112222133321342233442354443555455554
1111112211332224323243332434554444555555
1111111122322243552433524355243555433444
1111213112134223344234442345423555235555
1112213332113221133244332544425544455555
1112212222111221334433445334553444535555
1112211223144231422314423443334553555555
1112213322113241132455324553245533455444
1112231224311243122431244333545535455554
1111112221122332223333334554445544455554
1222211112113221333233434344445454555555
1111213312333124531245332455524555244442
1222212232123331443311435114354445545555
1112211112122223334235544335543554435544
1112212222132321333311334444445545455555
1111112221122234223344453454534555345533
1111122211232212332433444355543354455554
1122211122131223312453344533445355455544
1111112133221342333422234254345544455555
1111213112133223342233422344554445545555
1111112311223332233342355422554445544455
1222211122131321333214335443554445544555
1111212212122221333333444533445444555555
1111211122312223332244333544435544455555
1111121113233332233422234244445445555555
1122211112131223333233342554445444455555
1112311123144231422354423542235445355553
1222212322133321343511435114354444545555
1122213322113221132413334535445555455444
1111111221222223244433444333543355455555
1233312333122231222311455144551444544555
1222312223123331213311143444445454555555
1111112112322223445234552344553444533355
1112213112131223322234444344453455535555
1111112313123332243524435224352445544555
1223312223122231113314135445354455544455
1111121333213442133423354255542555422544
1222211112131223314234444335543555435554
1122211112113323332233324555545554454444
1112211112331223333233422444554555544455
1112213122131123333234442354425554455554
1111121313213332233422434224445555455554
1222211122111321443254433554435443355553
1111112213222134422344233444335453555555
1111213122131223342234442333445555455554
1111122221222213333134445345553444534555
1111122113224132544325543254432544355533
1111122311233142334423334255442544525555
1111121133213342234425334253442554425555
1112213122131221333233432544445545455554
1112213442134421334213442134225335555555
1222211122112234113344433445334453555555
1111122221233213322133455334554445544455
1222212222111111344453344533445333455555
1222211122132231333313344155545545455444
1111121231212332223324443544335544455555
1111112331122334255342253425534245344455
1111112121222222333344443454334553545555
1233312333122231112311425444254544545555
1111112113422334223342223444434555355555
1122211222113221133433334355545555454444
1111122113222134223344253445534553344555
1122211332133221334211342553445555455444
1222211112111223442534455334453345533455
1112212222111221333344333544435554455554
1222211112134123341233442354443545535555
1111111123444234422344233542235525355553
1111111122333223444233442344223455555555
1222212333123341223411334115445554455554
1111112311223332222324443445534445355555
1111112311223332233322434524445445455555
1111112213122232223344433445534445355555
1111111222312243222433544335443554435555
1222212122121331113343333455554554544445
1111211212312223224433344335545355455544
1111122221233312343124433245354455544555
1111112211332223224534245344453344535555
1222311123412234122341133444354453555555
1111121311233332334324444255542225455554
1222212123111234412344143544435553355553
1222211322113241132413334334445545455555
1223312223111231122314333444445545455555
1111121311223332333322444522445554455554
1111211312433124333243342444425552255555
1222311233112331122314233444454554545555
1111121313213332434324443255442255425555
1112213222132321333211433444454544555555
1123311223112231422314423445534445355555
1222212112111221333333445334454444555555
1222212112111323133233345344454445545555
1111231222311243312433324355245544455554
1122211332111324413244332445324553545555
1111211222133221332243333445554455544455
1111112221123232233324335443554444545555
1222212222111113444133344353443534555555
1111121341213442233422334223445534555555
1223312233124331243312455124451445514555
1122211233112331222314433444435554455555
1111121333213332133424444255542555422554
1122211223112231124354443555435444355533
1111212222112324123344433454434553355555
1111112133221332443322435244352455544555
1111111213222432444322443244335555355553
1222212122111321333413344535445355455544
1111122133221132223342333444445454555555
1112213322132241322413334155345555455444
1222312233112331122314433144445455455555
1111111221322223224433334533445444555555
1222212223112331111344443444335543555555
1111121221222213342534455334553444533455
1111111122333243222433224344443555455555
1111111233122432244324443243332455555555
1222211222111121333344333444534445555555
1222211122111123334235344355543555435444
1111211222133421344233342533425544455555
1122211112313123332233342554445544455554
1222211222111121334433344354443545535555
1111213322132241324413224533445355455554
1111111233122332223322435444354544545555
1223311223142231423314233144451454555555
1111211322113223332243332444444545555555
1111112231123342234423344253542535455554
1222312223111234112345153455534545344453
1122211322113421134233342355443555455544
1122212233122331123314334144445445555555
1222211233112331122314433444354445555555
1122211222111221333344443454334553545555
1111122111233332333424344244452455525555
1111213312433124431244322543325445255555
1111122113233132333322444224545545455554
1222211222132331333314453145551444544555
1111111123442234423345233452234552345555
1111111233122232233322343444445545455555
1111213222133221133243352434554445544555
1222212332113321113244135443354444555555
1222211332113321333211342444445545455555
1111112213223132233342453424534445545555
1112312223112334122341423444535445355555
1112213112331223314235442355423544455554
1222211122331243312431144355443555435554
1122212222123331334311143444434555545555
1111112222133221322433334354445544455555
1111211332133321344233442544425452255555
1111213122331123322243255433554555544444
1111112222122321243344443445535455355533
1122231112331123341234422354443544555555
1122211112122221344433445344553345533555
1111233112333123321234222445554445544555
1112211122331123333234322444554444555555
1111122211222213332453344533445534455554
1122211122112223133433334535445554455544
1223311233112331122312243444444554555555
1222211112131123333234332444454555544555
1111111221333224333244432444325545255555
1122211122131221344233455334553345544455
1111211212332123422234444355443554533555
1222213332113321132241335415554445544455
1222211112331123441235442355443554433555
1122211112331123444233422354443554535555
1111233122311223144234442333425544555555
1222312443124331243512435124351443515555
1111121133213332233322445422454444555555
1111111123422234422342233443334455555555
1112211222112221333333443344554455544555
1111112311223332334423344255542255455544
1111112221132223332234444344543555435555
1111212112122223333234333444554445545555
1111112211222222344433544335443555433555
1222211322113224133541135433354445544555
1112211122112223342534455344553344533455
1122341123412234112341223445334453555555
1112212223112234123341433444435455355555
1112211322113241332453224533445534455554
1112231222311123312234444345543445535555
1111112131222332333322453424554444545555
1111122221222112334433344354443554535555
1111121121222234552345523445534453344533
1222211122131221314433344344453354555555
1111122331223112333322435424554444545555
1222312333122431254312543155431554415544
1222211222111231333314433444434554555555
1111112222112324423243333455334555544455
1111121221222213324453444533345353455554
1112211132113323333243422444524555544555
1111123311233312343322444255542544425555
1122211112112223344233544355443354435555
1222211332143221433214433144431554555555
1111112331123334222344423442234555545555
1112211112312223324233444334545355455554
1222212212111121333344433454354553544555
1223312233122231442311433144551455544555
1222211232113324113241333445534455544555
1222212333123341233412344155441555415554
1111211332311323333244552444524545245552
1222212122111234411344553455334453345553
1112311223122231424314243544435453355555
1112231222311223144231444354543555433555
1111112113422334422344423452234553355555
1111211222112332223344433554335544455554
1222212233112231143314443144435455355555
1111112113223332234322344523445544455555
1112212122122231443314433443354535545555
1222212222113331134313345143454444555555
1222211122111221344433444335543355435555
1111122111223332233322343444445545455555
1111121313213332234324344244442555525555
1222211222133321113314553444534445345555
1112231112341123422234425344453345535555
1111122311223312233322433444444554555555
1222212322133231133341113444454445555555
1122211112331123333233422544445554455554
1112211222113224133244433443354435555555
1111112313123332244322433224554445545555
1111112333123331244322443254442545525555
1122312233123331243312444125441554455555
1222211222133321133411334555345544455544
1222211322133221133311334555545445455444
