122222112233133333111455444445465555666666
122333112233112434112434552444555566566666
122333122223124443144543115543166555666665
111111213334233534253554255544222664666664
111112131222334242334442536644535666555566
122222133232143333144555145555146666144666
122233112333122344125364155664155644556664
112222312124311124333554633544666544666555
112223142233144233144253164553164655666655
122222132424133444113454113555633655666665
111111221233422235442335466355466355446665
111122131222431232433335444665446655666555
112233412223411223411333455556445666455666
111122333122333112435622445666455566444556
111123114223144423445223455523555633666666
112223122233112334115334555554665444666664
111111223341233344225334225664555644556666
112222111223415323415333445536445556466666
112223112233112333412553445556445566446666
111112311442334442533342555342665552666662
111112122222133442334444355466335566555666
111222311222311424333444536664535664555566
111234121234122234152334555344555364666666
112222113222143333145533144555644465666665
111111122222333322333444555544556564666664
111111233331234434232444222546555566556666
111223122223111423444443455553655653666663
112222122233111443515443555443665543666663
111111222331422333422433444455666665665555
111112333312343212344222444555664655666655
111111122233442333422335462555466655446665
111112112222333242533344535444555646566666
111111122223442323542333544443555666556666
111112331222331422533424553444655554666666
112222122334125334155344156364156364556664
111222122223114333514363554366554466554466
111222113332113222443355463555466655444666
111233112233112443522443552643566644555666
111122111222333425333425636445666455664455
111222131224135244135254335554366544366666
111222111122333322344445346645366545666555
112333122233124433122455144455166455666665
112233111233411223442253444453665555666665
111112113332444322544326554326554326556666
111122122222113444333554635554633654666654
112223112233111233455233455566455666444466
111223112223142233144443555543655543666666
111122314112334222344442334555636555666665
122222111332441532411533445553445653666666
111122333112343122443522443555644555666666
112222311124331124333524355554556444666666
111112133212333222453352455556456666444466
111122333112334512334552444652446652666655
123333122443112433112445162245666645665555
111112133222133322445332455555446665446666
111222311124331524355524335524635444666666
122223122333112334155344115554665544666664
111111122223422333425336445356455556446666
111222331112331222433355444455644655666665
111122333112443122433322444455655555666666
111222133322133442153342154446556646555666
122222111122133344135334555364556664566644
112222122234113334511334556364556664556644
122222133332114332114355144445645555666666
112222111332133322145336445556455656444666
122223122233111334113344555554566544666664
111112334412334412355442355542365562666662
112222122345132345133345113445666445666655
111222113332133322144325644445666455666555
112222112223111333453366453556455566444466
111122113124533324555324665324655324666644
112223112223112443144433445533555566566666
122223122233111334511634566634555644556644
122222113244113254133354133554666554666654
112222122233113334511334555544655444666666
112233111223441123455223445553445563666666
112222312244311244331144355546356556356666
111112133122332222333445666645644445665555
111122111222333452343452344455364665666655
112222112233144233114433544436555666555666
111122112222313425333445663445663455666455
111112344122334122334552334652644655666655
111111212344222334233344255344665555666665
122222123332113444113445613445663555666655
123334122234112234115234615534665554666654
111122111332433332445532455662445662455666
111112112222333322334344544446566666555556
111112133332133322455552454452444652666666
122222123244113354133354136654166654665554
112222133324113324115324555344566446556666
111122113132333332445552444552446552666666
122222121323111333415336455666455556444466
111111222133224443224553644553646553666653
122222113224113344511344555344566336556666
122223112243511243511443555443565643666663
111111222231423333422533445555446665466665
111111222231242233444433455536455636556666
111112122222132344533344555334565544666666
122233124233124243144443155553166555166666
112222111122334125334455334445364655666665
111112133312433332455562445662445622455666
111111222213233333244435246555446655466665
112223122223111133455553456533456666444466
111122122222133334133354655554665544666644
122222123333124435144335145555146665146666
122333122433122443124443114566155556556666
111122133124133224533224534444556666555666
111222131122331224355444355554366564366664
112222113332113322133444554464555564566666
111122311222331224334444335544555666556666
111111222331222233444335664355664445666555
111111123333222233422535446555446556446666
111112132222132442533344555364556364566664
111122131122433322433352446555446555466666
111222111232413332455332455536445566446666
111122133122133324533224555644556664566644
122333122233112334112544616544666544665555
122222113332411332441533451566455566445666
112222112232111334533334555644566644556664
111112331212433222433255436555466655444666
111122331112333442533422544442555666556666
122222111223141133444533455553465563466666
123333122333112444152446152246155546556666
111111123333224433222453662455664445666555
112222133222134445133445136455136455666665
111112334412344412355442365552365522366666
111112133332134422334442555422556466556666
112222133442133342133442155544156555666666
122333122223124333144445166645166645165555
111111222213242233544443556643555643566663
111112333112453332455532445522444526666666
112222112223133333113444566644555664555664
112222122344112344113334533664556664555566
111222122234123334155534156534556634666644
111222311142314442333442355542356666555666
122222112233113334511634566634566644555544
112222311122334112534446533466535446555666
122222111132143332145366445336445556455666
122222122333113334155534165544165544666664
122222112233113334513344516644566664555564
122233122333112233411155444456455556466666
111122133322132224133444535544555546666666
122223112223411153415553444563465563466663
111111213344223444223445233555236565666665
111111233144223354223554233554265564666664
111122133122333124533224555444565644566666
111222133332133322145562145666445566444556
122333122333122243154444155546155646156666
111233141233144223142233442566545566555666
111112333112343322345522446552446555466666
111233111233441235466235466235466255446255
112222133224113324133344155544556564566666
122233144223114253114253144453666653666555
111111233331234433244555224455224556666666
111122314422311442334452334552636655666655
112233112233412233415236415556455566444666
111111122222223333444533445553446655666665
112233111233411223444523455523455566466666
122222123442113444133354163354166655666555
111112134212334222334552634555634445666665
111122331112334442334442355422555666556666
112233411233441223441223441553655555666666
122222111122134444133445333345666555666655
112333112334112344122354625554626554666654
111122113122333332345552445662445666445566
111233111223144223442233544663554666555566
111112131222332224334444334554666655666555
112222111322411325433335435555444456666666
112223111223112233444335466635446655466555
112222111112333322333444555444556646556666
122222111123114423444333564433566666555556
112222113324133224133344154446555666555666
112233112223112233145533445555644445666666
122222111232111433555443555433544436666666
111223112233144223144233544663545666555566
111222331112433512443552443352446655666665
111112113342533442563342563442566642555662
111222111132443332444322453366455566555666
111222331122331124533424553444555564666666
112222311224331424311444335564355666555666
111112132212334222344444335545636555666665
112222122344123334133444135455155556666666
111123121223122233443335446665466565446555
111222111233122233444433455436555466556666
112222111222133333134553444566455566445666
111112344122344122354442355552356566336666
122233112334152234152334155444155546666666
111222111232441232444433545533555663566666
122333124333124435126445126445126655166655
111112331222331224355244356644355664556664
112223111223112233444533444553466655666655
111122113222133324555324565344565344666664
111222331422351442351142355546356446356666
111222133224113224133344535544555564666666
111111222213425223455563455663456633444663
111111222213223333425366455356445556444666
123444123344123354123354122655112665666655
111112131322333332445552446652446652466655
111111222231233333244553244556445556466666
112222111332113342553342553444566446556666
111222122233124443155543156643556443566663
111223122243125243115443665543666543665543
112223412223411123445133445336455566556666
122222121233111143554443544333554666556666
111222133322133332114442556644555664556664
122222122344133344133544113545166555666665
111112112222333224355444335454365554666666
111122111222332244344445334555633665666655
111111213333223344223554622544666554666554
111111222134523334523444523344526666555666
111222111132443332445322455366445366555666
112222122233111133445663455663455563444566
112223111223112233444433444553555556666666
111222131222133244135544635554633554666664
111112113222333222344444354646356666555556
111222331122311425333425364455666455666445
111222312222311145344445333445365555666666
111123411123444223454223456623556663555663
111112334412334412334442355222665555666665
112222111232113234533334556664556444556664
122222111324111324555334533344566664556664
111122111222344442345542355546333556366666
111222312244312244311544366545366555336665
111122113322413222433355444355464655666665
111122133224132224135544335644355664556666
122222111223141133543336543666544446555566
112333112223144423155423154423555466566666
122223112323112333411355465555466665444466
112233112233111223445233455555445666446666
111112122222133244335554355654365644366664
111112133132433332442222455556455666445666
111222112232411432444433546633555636555666
111111213333223344222354255554656544666664
111112133342133342555342555442564462666662
122233121233111223144433445566455566455666
111222341122344112334442355545336555666666
111123142223144523145523444523655533666666
111122112223122443544433546433556663555666
111111122223224323544333554436544666555666
111112314412344422345452355552333562666666
111222331112331222344444345455355556666666
122223122233113334113554155544556664666644
112222112232413333411533444555446555666666
111112133322144332443322455526445666555666
111122331112433332453222455555445666446666
122223124423144423145453115553616553666663
122222133322113344511334515544555644666666
111112112222333322334555434655444655466666
111122113122333342543342544442556666555666
122333123343124443125444125555125656166666
112333122333112243112245666445664455664555
111111122223222333433355444555446665466665
111112311442333422354442354522355556666666
111112331122322224355554356654366654366444
111122113222313324333524665554655544666644
111112133142333342555342544442555622666666
112233112233114233514236554266544446555666
111112113332333222435252445556445566446666
122223142423144423144553155553115663666663
112222133422133442113444153364555566556666
122233122233124333154444155464156666155566
111122331222311452344452344555346665366665
111112331222331222333445666455664455664455
112222111123441223455533466553466653446653
112222311122344152334155334465344665666655
111122133122133332455362455562454566444666
111112122222123444333334553664556644555666
112222133322111324133354555554665444666664
111122311222331442333342566644555664555664
112223122333112334112534555544556644666664
112233112233114253414253444253645555666666
112233111233112223442553444453465555666666
112233112223122333114435444455466555666665
122222112332133334155344156444156664555666
122222111233114243154443554433555536666666
122233111233142253145253145553446566446666
112222112333122344115344555334665554666664
111111233331223435263445266445266445266555
111111221233222233444433555443566646555666
112333122333112344122244155554656554666664
111112122222134442334555334455336465666665
111111213334223444233444223555626655666655
122223122453124453164453166453116453666553
111112333112333222342245444445666655666555
111222311142331442333542635542666544666555
111111233331222333244445264455266455666655
122233122233123334144444155546115666555666
122223114223114233114433554663554466555666
112233112333112223145523445555446665446666
123333123443122243111245661245666445665555
111112113322443225433225443555463556466666
122222133324153324155334156664155644156664
111112112222334442344452364655366655336655
111111233313222333244455244555244556666666
111111222123452223455533446553466563446663
112334122334125334125354125554126564666664
122233142223144233145536145636145666145556
111122341112344522334522334555634465666665
111112133442134442533442553322555626566666
112233122333112343152244155644556664556664
112333112223411253412253466653446655446655
111111222313224333244553244453645555666666
111112311222332242354444355664355564356666
122222111232141333144453644453666553666555
111222331122341225341445344455366665366655
112222133324113224513664513664553664555644
111222112232113332444355444355664355666665
122222123342111344551334551334566664556664
112223411123411223444523646553646553666553
111112331122433222443325444355466665666555
122222123342133444133455134455166665166655
122223122233111134155534556334556644666644
112222312224315554311544316554336564366664
122233112333412223411153445556445666455666
122222122333111143144443544563555563566666
112222312122311144344444335555335655666666
111112311222332242333444553444556666555666
122222121234111134333334556664555644556664
111112133412334422344422345552355556666666
112222133322134352114355414355444655666666
111112311422344422334422333455655555666666
111122331122341222344444345555365565366666
111123111223444223444223546663555633555666
112333112443152243155243155243655244666666
111111213333223343222444255464555564566666
122223145523145523144523144553146633166666
111112312222312442354444356664355566335566
112222133332144322114335144555644655666665
111222133224133224133354155554666554666644
112222111232411233444453455553466653666653
112222113332411332413352455555444465666666
122222111223144443114433554633555636556666
122223122433124453111453144453655553666666
122234112334122234153334156644155664555666
111122133124333124352224356664556644555664
112222111222133334133354555554566664666444
111122112222133342534444533364555664556666
111111223314233444223344522346555556566666
111111223331244335244335244455266665266655
112223122333112334152344155444555466566666
112223112443152243152543155543656443666663
111222314222314562314566314556344566334556
122333112223142233144435164445166655666555
112233122233142335142355144455144556666666
112222112233112334155534555334654444666666
112222122333124333144435164445166655666555
112333112223144423144423155423555666556666
122222111122134144334445366645366555336655
111112113222433222453336453566455566444566
111111233341234345234445234665226665266555
122333122233122334154444155644156666155566
122222132244134444134555135565133365166666
112222133222113444113344555334566664555666
112223122443112433112443555443555663566666
111111122222333224533344553644556664556664
112222133332133322111455444455644665666655
122222111322111334553334566634566644555644
111123122223112233445553455653444653466666
111222131222131244335554365554365444366666
122222113322133444153334155544155564666666
111111233144223334522634522634566664555564
122222133244135244135444135566135666135566
112222112333122334115334655554665544666644
112222111223141423544443564663566663555533
112222112232411533441553446553446553666663
111111213444233554235554233554236664226666
112222111322113342333544355544655564666664
112222111122313324333544355544665554666664
111111233144223344233444235555265565266666
112222111332143332143352444555466655466665
111233122233114233144223445556445666555666
111112133122433322435226435556445556446666
122222132442134444133554136655133655166665
111112341222341522345552345556344666334666
111122122222113334555344533344555664666664
122222111122344114334444355555335656366666
111112113322444332444332455362555562566666
111222111233144223444253664553664553666553
111222133332144322144332145555644655666665
122222111223145333145533145636445666445566
112222112233112333415536445536445556446666
111111122233222233444333544466555466555666
122222111112333312444355664335664455666455
122233122223113333145555145655144666444666
122222111123411523445553455633456663446663
111222331124331224331244355544666554666655
122222123323143333144555146655146665144665
112222112322113344153446553446553466553666
111222111332133332445532455662445666445566
112222133332143322143555145555146666444666
112222311122314125344555344555344666336666
122233124333124353124455124665144655166665
111112113222333222443335466555446665446655
122233112223111233144433555466554446556666
111112133222132242333544355554556444666666
111122111222334255344255334556344656346666
111122112222314452334455336445366645366655
112233122223112433144433144455555556666666
122222112234133334133444155546155646556666
111223122223111233444335444355646665666555
111122313112333332444522455552445656466666
111222111332413332444332444552655555666666
111112341222341442344422333555355556666666
111112133212334222354442355644355664556666
111122133224113224333324555544565446566666
111122112223412323444333554443555556666666
122222122333113344113554163554666554666544
111111231334233334222254266554666544665554
111222311122314442355642335644335646555666
111112133122333332444222445666445556555666
111233122233111233442235455555444465666666
112223111123142223445663455663455663445563
111222312244312245316445316455336455366665
111111123334222344523334522444555556666666
111112313122333222343255644555644445666665
111111233341233445233455264445266555226666
112233112223114223514443544643555663556666
111223441223541623541623541623544633555666
111111122233444233454223454263555663556666
111122131224133224333324555444555564666666
123333122433124453124455126445126555166666
112222113222133333114355444555466556446666
111112134442135542633542663542663542663552
122333122223124333144455114555144556666666
112333112243512243516243516243556644556664
122233112333122243115543615544666544666554
111222111222341425344445346655366655333665
122222123332111133441443544453555556666666
111112311332333342444442455522556662556666
111112313412333442553342566642566642555642
111111233331223334225554266554266544666544
111111221223422233444433454336555556566666
111112132222134242334445366455336455666655
111111213444233344233354266654266555226655
111222122233112443154443554463555663566663
111123114223144423554223544233556636556666
111222331222331112433355446555446655446666
111222112233411223455333445553446655466666
122223122233113333411555415566444556446666
111112113322433222443325466365466665445555
111122331122331222334445344455646655666655
111222113222113332455366455336445566444566
122233124253124253114553114453644553666666
111222113222133342133444535464555664556666
122222122333111333411553444455644655666665
111222111232144432554332554633544636556666
112222112232111333445333445666445556455666
111111212334222234253334553444555546666666
111122134442134222134442335555336655666665
112222111332411322443335444355646665666555
111123144123444123445523555523665623666623
122233122223111433151443555543556644666664
111222331422331422311445364445365555666665
122233142233142233144443154566155556156666
111112131222433252433552433566455566444666
111112333122343122543342544442555566566666
111112133312433222443252463555466665446655
111122112223412253444553465553465663466633
111122113422133422334442533466555466555666
111123122223142233144533444553646655666655
111111233331222234552234566634556444556664
111112314222314422344526345556345566335666
111122111223445223455523444553466653666633
111122133112334222344425364455364655666655
122233142233142253144553114453616455666665
111122113332413222443332445555644665666655
112222122332114433144443155453655553666666
112222132425133425134445134465133665666655
122222123333123433114455114455644665666655
122223121223111133445553455563446563446666
112222134422134442133445133555136665666655
112222111223411323443333444566455556556666
112222113222413333415553416653444655466665
112333112333112223142245644445645555666665
122222122333143353143455144455114655666666
111222112233142243144443554663555633556666
111222311122331422333444355544555646566666
112222111223441123455563455563445663466633
122233112233112333112455666455664455664445
112333122333112234112444552454655554666666
122222112332113334155534155434655444666666
111111222133242235442335644435666435666555
111111213333223443253544255554265664266664
111222311224311224333444353464555566556666
111112313412333422355442354442556662556666
112222113422133442133444135664535566555666
111122133222113322445336445366445556455666
112233111223415223415523444553445563666666
111111222331223333243556245556444556446666
112223122333112243514443515443555546666666
122223123333123443125544155564115564666664
122233142333142353142655142665146655144665
111222112233144223144443556433556636555666
112333122233111223144423445466545566555666
111111223313422333422253444455646655666655
111111122344223334222334556364556664555664
111112334152344152334552344522345562666666
111112133332134332444422555422555466566666
112222122332133334111344555444555546666666
111122113124333224352244355644355646556666
122333123344122344122354165554166654166655
111122134122334122334442334455555556666666
112223111223141223445553455533444536666666
111122131122333224333524666544655554666544
123334122334112334112224155444556666555666
122223112233142533145533144555146665446666
111111222314522334523344523446553646556666
122222132442133455133455133445166465166665
111122134112334222344452346655346665366555
111111223331243355244335244455224655666666
111222131222331142533344535544555446666666
122223112223413333413555411556445566446666
122223112223411113456663455563445663445563
112222311242331442331144355446355666555666
122222133332134432135444115464155566556666
111222131222431125433355443355444556666666
122222111122311344333344553564555564666664
122222113232143335143555143556144656446666
111222122232111433444443455533556563566666
111223122223145233145553144553644453666666
111112331222431255433225443355466655446666
112222122233111333144535446535446555466666
111111122222323425333455334445664455666665
111111233134233334225554225554626654666644
112222111223114323444333554463555466556666
112222111222341155345555344445336466336666
111122131222133342334442354466555466555666
111222311112334422533442533446555646556666
122222112332113344113445633455664455666655
111111222331233334234444224554665555666665
122222123334123334153554155544116544666666
112223112443122433124433155463555466556666
122233122233124443111433551444555566566666
112223111123412223455533444533464555666666
111122133132133332445222445555466556446666
111111123333422233444223455256455556466666
111112132222132442533466553466533446555466
112233122334112334152344152446555546566666
111111223314253334255334255544266544266666
111234122234112234512334553364555564666664
112233122333112443122443144455666665665555
111111221333223343223444524446555566556666
122333122333124345124445126445166655166655
111233111223451223455263455263445663445666
111233112233412335412235462555466665444665
122222122333113343144443115446555566556666
111123112123422223455563445663455663445663
111122112223142323444333444536555556566666
111112341122344422344522346555336555366666
111111231333233344222444252554655554666666
111222113222113442333455344455364555666666
122222112332411355411355444355464335666666
111111222213222433555443544443566633556666
112222111233141223444443555463565563566663
111122133322133422134442534666544666555556
111111212233222443254443555463565463566663
122222111122331144333354365554666554666544
111222311222311424334444536664533566555566
112222112322133344135344135544555564666666
112223122233111233441335444555465556466666
112333122343122345122345144445166665666555
122222112332113333144536145556445566445666
111112312222313422333455344445646665666555
111122131222331242333544355544556664566664
111111212223222333445533445663445666455566
111122333112433312435522445552466556446666
112222111122133342334444536664535664555566
112223122233124453164453164453164553666655
122222111132411332445333445535446555666666
111233111223441233422233445566445666555566
111112131222334222334444355646355646555666
111111222134225334225534555334656634666644
122334152334152334152344152644152666155666
111111221333422233425335425555446665446666
111122112223122333455563455563456663444466
122333122333112234155244155544166554666664
111111123333223343225444225554665554666664
112222311122311442355644355664355564336664
111111223441233344235344255346255666255666
111112131442334442344552355522336552666666
111122131422133425334425636425636455666455
111122131122433332455532445532466556446666
112222111222113344333544353564555564666664
111111221333224333224453244555446555666666
122222121323111333414335444555445565666666
122222123425133445134445134665136665136655
123344123334122334122544112545616555666665
111122122222113445333445364445366555366665
111222311244311245362245364445366665336555
111222112233144253144253644453666653665553
111111222221333322334444344564555566556666
111112131322433352433552445552466562446666
111111213344223344256334256344256666255556
122333123334122344112444152646156666555556
112223122333122343111443444455665555666665
111233112233112223445523444553464655666665
122222133332133342154444155664115664555666
112333412223412223411153445553455566466666
112233122223124443114553614533644555666665
122233122223144553145563145663145563144666
112222112333112233144443445563545666555666
111112313312333322444425644225646655666555
111122132222132445134445336455336455666665
112222111222113333444533454553455566466666
112222113242133342113444553344555566566666
122223122333142533144553144566145556146666
111222122233123334155334155444556644566666
112222132224133334115344615354665554666654
111111222133422333425353425556445666445666
122222123234133334153544155554115644666666
122344122334122334152534155534116554666666
111122311222314422355444355554336654366666
111122122222133444153334553444553666556666
122222133224153334155534115534615444666666
112222111332133322133455444445646665666555
111222133222113324513444533644566664555566
111122111324555324533324536324566624566644
112223122333122343111543665544666544665554
111223111233441223452233455553466556446666
112233122223144423114433514663554666555566
122222111232133334115534555534656664666444
111122113142333442354442354662356662555566
111233112223122433152433554446556446556666
112233122223123333145555144655144656446666
111111122223223333425353455556454666444666
122223142233142553144553114553144653666666
122234122334112334112334155544556664556666
111112314122344222344452334555355566366666
123333122223122443111443155544555564666666
111222111233441223544423556443556633556666
122222123332143333144444145555115565666666
112233412223411123455123445533644555666666
111122134222134442134442335555633565666665
122223122233111443514443514433555666556666
111112314122334425333425364425666425666555
122333122223124433144443145555155566166666
111112113322433222433352444555644665666655
111222314422314442311442333355666655666555
112222311222331444531664531644533664555566
122223144233142233144433156466156666155555
122222111122331444331444355466355556356666
111122133112433222435525433555444665466666
111111233331234433225444225644525666555666
112222122233111134533334566644565664555644
111222131222131244533364533664556644555664
122222113324133324115344515344555564666666
112222133322113442153344153664555644556666
111122131442134442335542633542663552666655
122222111112313342333444535554555664666664
122222121332111133445663445563445563455666
111111222134522234523334555334565664666644
111122311124333224333244555244566646555666
112222111232114233554433554433566446556666
111222311442315422315442335544365556366666
122222113242113444113554633354666354666555
122222112332113334133444156644555664555666
111111233331244433224435224455255556666666
111222111322413322453333455566455566444666
112222132244132334133344155644155666555666
111111122333222433256433256444556664555664
111112131322333332444552445562455562466666
112222112223144443143333143555645565666665
111122314222314422314445365545366555336666
122223114423511423511423555443655643666663
112233111223144233154223554443554666556666
112222113324133324155324155344556446566666
112222111222113334333354555554656444666664
112222112334122334133344156444556666555566
111222131442134422134425335455365556366666
122222134242134445133345116345616355666655
111222131122331224355444355546355446366666
111122111332443352433352444552465552666666
111111223144233344253334255544256566256666
111122113222143232543333546666544446555566
111123441223441523641523644523665523666553
111111213334223334255354225554266544666664
111112113222433222443335446355446665666555
122223122333121343111344555564555664666644
112222111122334124334444354666356656355556
111111223314233444235544233564255566256666
111122131122334222334444344555365555666666
122222112332113344113334555544655564666664
122223124443124553124553144533116553666666
111122122223112333455633445663445666445556
112222132232133333111455444465446665666555
111122133322113322443325446555446555466666
111112133122334442344452366452365552666655
123333122233124453122455144455114665666665
112223411223441523411523455533455663466666
112222122332114433144443155463555663556666
112222133332111132444332444555645565666665
111122314522314552314552334452364456366666
112222111222311444333344555334555564666666
111112311422344452343452333452655552666666
111222111122344425344425346665336655336655
111111233314255344253364253664255664225664
111112312222312244333334566644565664555564
111122331222341122344555344445366655366665
122222132244134444133455133355165556166666
111122113142333442344452335452655552666666
111222111222314442344555344565366665333665
122222121123111333433356444556455556446666
123344123334122344112354152254155556666666
111122133332143222143325444555466555466666
122233122433124443124453115453155556666666
111123411223414423444223555623566663555663
111122333122334122334125444445666555666655
122222113332413532415536415536415566444666
112222111222113444333454363554366554666655
111111233331234344234444225555622665666655
111111212223222443444443555633566633555666
111122313112333332444522464552466555466665
111122113332144332544332544462566662555566
111112333312343312445662455662455662445562
111223122223142333145353145555446566446666
112222113324133224113334555544566554666664
111122111332433332443222445555466665466655
111111122333422333442223445555455566466666
111122113222133422333455634445666455666455
111112113332433532435522445552444562666666
111112333112344442344522346522366555666655
111111222133222233455553445553444663466666
111112133332143332542222546666544446555566
122223122233144433144435114535616555666665
111111223331233433224455224445666645666555
112222311422331442331444531664535666555566
111112312122342224344444333355555556666666
112222112233114233414433444535655555666666
111122311122344442334452334552365555666666
111222131222131332433355466655444665446655
122222113244133244134445133555135565666666
122222133232143333144444111554666555666655
111112122222132333433355445555444656466666
122333112223112233411536455566454566444566
122223111223411323415333455556445656446666
111222111222314552334555344456346456336666
111123142123142223445623455633455663455666
122233111223114223144443545433555566566666
112333122223122333111445444455466665666555
122222113422133455134445134455133556666666
111122113132333332455552456562456662444466
111111233441234444233345223555225556666666
112222111122313342333445364445664555666655
111112113322333332444422445552466655666655
122222111324113324133344553564555564666664
122222123332111333114435444665466655466555
111222112233122333144443545643545666555666
122222122333111333144435145555444556666666
122234122334122334115534155634156664556664
122222133332144352143355146655146665144665
111112131222334222334555344555344456666666
112222122332143333144443114555664655666655
111222131122433122443335644435664555666655
111122133222134225134445334645366645666555
112333122433125443125643125644125646555666
111112133322132222333444566644566664555554
111222113242113442333442533544555566566666
111222131322133322134444535664555664556664
111222113422513422513446553466553446533666
112222113332144432145432145633545666555666
122234122234112334115344155346555346566666
122333122223111233411553466655464665444655
111233112233122233144235644445645555666665
111111221344233344223354253554255564666666
111222133322134332144432154666554466555566
111111223331233434235444255544256666255666
122222111223141433144433545463555663556666
112222112223114433154336554436554436556666
112222311122333112345555344445366645666645
112222122332111333414353444555446655666665
111222113322411322444333454663455666555566
112222112223411133443333455555466565446666
122223111123114423444423554553655533666666
111112331122344442335442355422365555666666
111233112233122333124445624555644455666665
122333112223112423115443655543666544666554
111122331122341225344425364445366665366555
122222133332111132145633445666445556445566
122233122443122433111433155466555446556666
111112333112332222334255444455646455666665
111223141123144223445523455523456563666663
111122112222133332334434554444566666555566
111223111233412223455263455563455663444666
111123412223415233415233455236445666455666
122222122333114333114536144556445566455666
111112113322433222443352443555466655466665
111111222221324455326455336445336645366645
111122131222132244534446533466533466555566
111222111123442223433333444555466665666555
112333112233112243122443555544565446566666
111111222133242223444333455536456666455566
122233111233122234155334156664556644556644
111112331122334442534662534462535462555666
112222133342133342114342514446555666555666
111111122222333442333342555544556644566666
111123122223122333144443544643555666555666
122222123342113444133454163354166655666555
111111213333233443244444225555255566266666
111122133322134322134342554444555566566666
122233124223114243514443516643515663555666
111112133312333322444522445552644655666665
111111122222334255334255364445364455366666
111122111222334422344455346455336665366655
122223111223111233455533445553444656466666
112334112234112234512234555534556634666664
111222311142333142344442355542355556666666
111123121223122233444443554463555563566666
122233112233112334112534555554654444666666
111111122345223345223445623445633645666655
112223122333112243144443144553655555666666
111111223331224333244435246445266655666555
112333122333112443122445162455666455666455
122233122223111333441153455555444566466666
111112312222314552334552364455364445366666
111111123333223343522444524466525466555666
112222113322113324155344555334566644566664
122223124233124333114453114555644555666666
111112133322133422553422553444556464566666
112222311224331124331444355464355566556666
111222112232114233444433455636455636555666
112222111132133332435552435556445666444666
112222112223411133445536455336455366445666
112222111122331442344444333555663655666655
111112131222334442344422345556335666555666
112333122233124235124435116445666445666555
112222311222311144333544633544666554666555
111111123333223334255444255544255664266666
111122131132333332444442555642556642556666
122222123344123444133445163555163565166665
111111122222333232443335445555644465666665
111233122223112423155433555443566444566666
112222112232144333114333554666554466555466
122222123332133444113344155544155666556666
111111222221333244333244536664566564555564
112333122233112443112453662455664445666555
122333122233142233145555144445166455166666
122223124443122433115443155543165553666666
112333112333112223122455666445664445664555
111122111222333224553444533364566664555664
112333122233124223154443155466155446556666
111233112223122233144443445553466555666665
122333123333122245112445164445166455666655
111111222221234555234565334665334465344666
111222112222113344333345344445666655666555
112222111123144223445553455533456663466663
111112331122333222344255345555444456666666
111122111222333242334444354466355666555566
112222111232114432544433555433566436556666
112222312424312444311144355555335665366666
122222111122333114355554355444335664666664
111222331242331242351144354446355566556666
112223111223141523445523445553465633466666
112233122223111233415553446653444655466665
111122134442133422133442553342555556666666
111112333312435512435622435662445562445666
111222341112341452344452333452636655666655
111111222331223344523344526364556664555664
122222111132411332455336455336445566445666
111222311222311442344444335555365556366666
122222133332111332145536144566445566445566
122333122233121233111444566444556664555566
111122133122143522443552433355466655446666
112333112233112334152264552664555644566644
111111222313222333452563455563454566444666
122234152334152334152234155534165644166666
111112133222133332444322445555466565466665
111112132222134225334445344455336655666665
111123122223112423554433544636554636554666
112222311224311124333444335546555546566666
111222131122331422333455636455666445664455
111122111223422233455663445663455663445563
111111222331422233445253445553445563666666
111111222213223333425335445555644445666666
122222112233113334133444154446556666555566
111122131222134422333444335554555664566666
123333123233122244112544615554616654666554
122234123334123344122344155554156556166666
122222113242113344153334156364556664555664
111122331422311442335542355442356466556666
112222133222133444134454134555136655666665
122222111322141333144355444355646355666665
111112134412334222344522364555364655366665
111112311222333452633452663452664455664455
122222121123111333433355445555644445666666
111122133222143322144355643355644455666665
112233114233144233144253142255646665666555
111122133222133442133442534446555566556666
112333122223111233144235446555466555446666
111122333112343512345522344552446556466666
111112311222332244333244535444555666556666
112222122323113333144355145555444456666666
111233122233122333142445144455646665666555
111122113224313244333224536644556664555566
111111122344522334526334526334526644555666
111122341112345522344552334652344655366666
112333112223142223144433144555645555666666
112333112223112233412563445566444566455566
112333122233122243144443145466155556556666
123333122333122224155544156664156644155664
111112331412333442335442555542566542666662
111111223144223444233554233554263555666666
122223111123414123444423555463566663555663
111122111222344522344566345566344566333556
122333112233112223144553144455666445666655
122222112234511134555134553334653664666644
122222112233133334135444155644155646556666
111111222213444253452253455553446633666663
111222314422314442311452336455366555366665
112222113332113422133444553664566664555564
112233122333122233111444556664555664556644
112333112223111223445233445666455566445566
111112131222333322344325444445666555666655
122333112344112334122534125554655654666664
123333124343124443122445112555612555666666
112333122233122234155434115444555664566666
111112331122322224333554365554665544666644
112222113322411332414335444435666665665555
123334122234122334125534111554655564666664
111111213333224343244443245555265565266666
111123144123445123455223456223456633556666
122222133324111324115344555344555364666666
111122134122134442334552344552366555366666
111222122223114443516643566443556643555633
111122113332413222433525443555445566466666
122222123332113434133444114455655555666666
111122132222132444133344553364555664556666
112233122223114253114553444453645553666666
112233111233411233422235444655644655666655
112233112223412523411533445563445666455666
112222111122133424333444334455666655666555
111122113124333324555324555324665624666644
111111122333223334524434522444555556666666
111222111332441322444325443355663655666655
111122111222332244333444335446555556566666
111122331142331442333442554462566662555566
111112131222433255433225433665446665446655
122222112233113333114443555644555644566666
111111122233222443254443654453655553666663
111111222133222443244453664553664533666555
111112331142334442354422355422355556666666
111111234144234445233345266335266555226665
123333122223121243111443555544565564666664
111122111222333342344442345666345556555666
111112333112443222443252433555466565466665
111112344412333412354442355622355662556666
111111123333223435224435244465246665666555
112333122343122443124443124555166555666665
111111233331233344222554625544625554666664
111112311222344225334525344555344665366666
122222113442113442113544333545366555666665
122233111223142233145335145555444465666666
111112131342333342534442555542556642666662
112222112232415533415336415336445666445566
111222311224311224333554633544665554666654
111122133224113224333244535644555646556666
112222113322133425134455134455634455666666
111112331122344222334525334555644455666666
111233112233122233142443544466555466555666
111122111223444233544223554333554666556666
111112331312333342544442555442555662666662
122222113224133444113445163345666355666555
111111222213425553425633425633455636444666
111122131222134452334452334655344665666655
111111223144223334225334525634555664566664
111223412223412333412553415553466556446666
111222111222314442334545334545366555366666
111112331142344442334422356622356666555556
112222111222311445333345663445663455666455
122223111223144523144553145533445536666666
111223111223412233452533455553445666446666
111111223331223333244444244555255565666666
122222123342133344115334155644155664556666
111123411523441523444523465523665523666623
122233122233112433115443155544655544666666
111222131112333322334452444555464665666655
111111222221223333455333445556444556466666
111112132222134422335444355464355666355666
111112311222332242334444354666354566555566
112222112223114443515443555543566643666633
122333112234112234112534665534666544665554
122233122443112453612453614453616453666555
111122113342133342334442554542655552666666
111122311222314242344444355555336655366666
111112122222134442334544335564355566356666
111222111232412235446335446635446335666555
122222133223113333144445144455166555666665
112223114223144223114443555463555563666663
111222113222133244134444533346556666555566
122222133322111333144535144555444565666666
122333112234112334512234515664555664566644
122333112233144223144423144556155566556666
111123111223222233444453464453666653665555
122344122344122334112344515336515666555666
111222134452134452133452134452633655666665
122222111232133333144355144555444655666666
122222123332114333144553145566145566445666
112222122233144443144453155553156563666663
111112314222314225344255344555334656366666
111122311124322224344444355555333565666666
111222113332143332143552446552446655466665
