123333122343122243124445166445166555166655
111112113322433222433255434655444665666655
112333122233111234551234555264556664666444
111122131122433352435552433652466655444666
111112132222132244533334556634566644555664
112222122332111133455553455533444446666666
111111222231423333425553426653466655444665
112222132442134442133455133455135556666666
111111213344223354233554263554266554266664
112222122233113333411355444455466555466666
111112133122333332444442544522555556666666
112222311112331422335466355446354446555666
111222311124331224355524356544356664356664
111122113222413332443432544436555666555666
111222112233412235413335443665466665446555
112222122332144333114335164445666645665555
112222312442311142351644355664335564355666
111233411233411223444423556423556626555666
111222312222311145336445366455366455366445
111222311222311424344444333555635565666665
111122311222312245333445363445664455666655
111111223331224333224443525446555646556666
122222112234113334155344153346556446556666
111111212333222233245533644555664445666645
122223112223113333114345444445665555666665
111122312222314425316445336645366445366555
112222111322143325143355444335446555666666
112222111122344125334455366445366455336665
111112112222342244344445333335666655666555
122222133324113324511334551644555664566664
111111123333222333245555244555244666446666
111112131222333422344452334455666455666655
122333122233112334512444511466555446556666
112223111223112233444333455566455666445566
111222113322133324155324556344566664556644
112222111223415233415333445553445656466666
112222111332133322133444544446555566556666
112223144223114223514433516443566663555566
111222122232144433114333554443566666555566
111111122223442333452233455563445666455666
111112133312334332554462544662554662554662
122222111332441132441333456636455666455556
111111222123452223455633445663455663445663
111111122223423333422536445536455666445566
111111123344222354263354263554263554666654
111112131222333322434325444665446655666555
111112113332333222344442544462555666555666
111222112223114233544443544333556666555666
122222112323114333144443155443655555666666
112233112333112243122443544466546666555556
112222113332413522413555413655443665446666
111233144235144235144235164235666235666255
112233111233141223542243544443555556666666
111111122233442233422333444566455566555666
112222311142311542335542355644355644366666
112223114233114233144223444553555566566666
111111222221234445233455336445336645666655
122233111233441223411523444553466555666665
122222133324134324134444135555155666156666
122222111122131455334455344445366665336665
111234511234511234556234566234562234566634
111111222221234245334445334455335556666666
111123411223415223455523455523446633466666
112233144223144223144253146653166553666555
111111222221223444553344533664553664553666
111123141223142253442553462533465553466666
111122122222113333443335466555446655446665
111122341112344552334552344552334652666666
111111223144233444235554235564235666235666
122223122333112343111443555444556466556666
111122131122333322443526443556455566445666
122333112223412523411553441553444556666666
122222111322141333441563455563455563446666
122222132244133344133445113545615555666666
112223411223415523415523415533444536666666
111122131222331422334445344645366655666555
112233144223114233144223145553645555666666
122223112223113333144553144566445566455666
122222112233113333113444556644566664555564
111222122233144253144453164453666553666553
111122132224132554132544335554336564666664
122223122333123343111144555546554446566666
111123122223112233455536444536455536446666
112222112324512344511334553364566364556664
111112133122334222344425334445666655666555
111122133222133224133354555554564444666666
111111122344222344522364533364555364556666
111111123333223334522244526444566664555566
111122111222344422344455336455366555336666
111122111332333322444325464525464555666665
112222112223113333143555643445644455666665
122233121223111123444553446533466555466665
111112314422314222344552334555364665366665
122222112334512334511344513364556664556664
111111221333222334522634556634556444556664
111111222213422233445536445336455636455666
111112314442314542344522335522355666356666
111222133332133452113452444452466655666655
111223111123445223455223445533465563466666
111122331222431522431566433556435566444566
111111221333244443245463245563255663255666
111122113224153224553244533664533644556666
111111222134522234526334566344556334556664
122222111122133333145536444536455556446666
111122112222132444333554335554355644666666
123333122333142222144445144555116665666655
111122311222331452334452334555644465666665
111222133324113224133324566664555664555644
111222331224331124331524636544666554665554
111122113322133332435522455556444456466666
112333112233112233412256455556454566444666
111112112222333422533466534466534446555566
111122331112333322344526445526455666445566
122222112233114443511463544463566663555563
122222121233111334155334555634565644666644
111122112222133324553344553364566664556644
111122314152314452333452363452666452666455
111222112223145523145553645533644443666663
111222132242134442133345136345666545666555
111122113442133342553442553422553466566666
111112313412333422334442544562555562566666
122222111122333144333144355554555644666666
111111213334222534255534265534266534666644
111233122223122433155443155543655444666666
111112131322333322443425644425646655666555
111222111332431322433352445555466565446666
111122331122431522435552433655436656444666
122222122333144333114443155646155646555666
112333122243125243125543155543165644666664
122223144223144423111433551433556666555666
122222121332111133444443545633545666555666
111111233331222333242555244455446465666665
111233141223441223441223544633566666555556
111222111222133442533344536664535664555664
122222133224133344111334155564555664566664
111112331222331442344422335445665555666665
122222112344132354133354136654166654665554
111122131132333332455552455622456666444466
111222133332143532144532145552445566466666
122222111112333312433356455556445656444666
111112131422334442354442355522366555366666
111123122223122443155543555543666443666643
111112333112333322444442455662455562556666
122234125334125334125344125364155664156666
122222111332133342113344555444556664556666
111122134442134442133342533522555566566666
112222122323133333145555144665144665446665
112223412233411223411533444535645555666666
112333112223122453126453166453666455644455
122223122323111333144553144655444655666665
111222131224131224335554355544356446366666
122223111223111233445553446653446653466655
111222122232133333144553164555664445666645
111112334122344122344225346665346655366555
112222112232113333415553444553466655446666
122222111132141332443333455555466655446666
112222133442133342134442135466155556556666
122223122423154433155436155436154436156666
122222133322133444135546135446155646155666
122234112234512334512344511344555366566666
122222111223411553415553455633466633444666
112233112333122334112254555554566644666644
111222311422311422335444355554365654366666
111112133312433322434225444425665555666665
112333112223112423512433556444556644556666
111122331222311242335444355446355646556666
111112311322333322453552455552446666444666
122222123333124333114444115454655555666666
122222112233113334156634155634556644556644
112222122332144333114353164455664455666655
112223122223111333441553444553644655666665
122223112333112333112445644455644555666665
122233124443122243115443155543156663556666
111222112223114423555433554433655443666666
111112133222133322445362455366455566444566
111111213333244333224444255546256666255566
112222111332141322444333455553456656456666
122223111123411223444333455535466555466666
122222111122133134533334556644555644566664
122222111322413335413335416665466665444555
111111223331245333245636245666245556244456
112222312244311254331154335554365544666666
111111222133423333422355426665446665446555
111122133222143332143352444555644655666665
122233122333112243111543555544566644566664
111112344112344522345522344526335556366666
111122311122334422344552344555346556366666
111223112223122333144453644453666455666555
111111212334222344223334555634555644566666
122333122223112443114443144553555566566666
111122122222133344133444533546555546566666
111122314225314255314225364445366465336665
111223112243122243155443555433554436666666
123333122223112233111444555644556644556666
112222314442311142333142533446555566556666
122333122233142253144553144555144656166666
111122311224312254332554365544365564366664
112222122333112443114443555543655543666666
122222123233113333114444514666544666555556
111223141123144423554223554423556633566666
111122113222413225443355444335466635666655
111111233313222333222444555564556664566644
122222122334113344115344155344556366556666
111111221333243355244335244455226465666665
111122131222133322443555433555446665446666
111112112222333422335466355446354466555466
112233112223122433154443154443655555666666
111122111322433332443352444452666555666655
111222131122133322453366453556455566444466
111222131224331124333524635554665554666644
111112344412355412354442355552366622336666
123333123343122244115224155554165654666664
122333112233112234155234155544556664666644
111112113332443222443322453556455566456666
111111233331232433222444525544555664566666
111122133222133332134552444556445556466666
123333122333122444122554116554166554666654
111112133312332222344442344555645555666666
122223111223411123455333445563445666455666
122333124443122433122435164465166665165555
111111223314233554235554233554226444666666
111112331122322224335554355544365444666666
111122134112334442335442355462356662555666
111222314422311422314445333465366665665555
111111213333222343522443526444556664555666
111111222331242233244333554446555466556666
122233122233124435144635146635146655146655
112223111223114223444333455553466555466666
111112313412333442533422544422555556666666
111222112222113344555334553334655444666666
111122312222311425334465344665346655346655
111112113322333322344422554444555566566666
122233122233111233411453444455466655666655
111222111123442223444433556463566663555563
122233122233121443111433544446566666555556
122333122233114253114253164455666455666445
111112113322333442344442355462556662555666
122222111112333312344455334555444556666666
111222112222113333443533444555446565666665
111111122233224233254443555443566463556666
112222311122311425344445333445636555666665
122222111122133334133344566644556664555564
122233112223112433514443515443555466566666
111222122223133333134445144455664555666665
111123122223112233453336455666455556444466
111111222133422253462653466653466553444553
122223124253144253114453144553165533666666
122233142223145233145336145556144556146666
111111222231244333244433255463555466556666
111111122233422233442335444355466555666665
111112112222333332334442544646545666555566
112223111233122233144435644435646555666655
112222111332113332444332554444555566566666
111111122233222443525433555436544436566666
111122111332333332444222445555465565466666
112223112233122333144443145666445566555566
111122313122333122443325645555644445666665
122222133332144432111433154446555556566666
111111223331222333224553444555446556466666
111112344112334422334422535426535666555666
111111222231222433554443554433555436666666
111233112223122233144453445453465555666666
111122122223112433544443555643556643566663
111222131122133332434352444555466655466665
112222112332112334515334555344655444666666
111111213333233344225664255644255644255666
122233112234122334155534116534666544666554
111233111223122223444443455553465553666666
112222111234112234553334655334665554666644
111122133112433332444352644552646552666655
122344123334123334122444152566155566155666
122222122134111134533334536664556664555644
122222122334133344113444113554666555666655
111112334112344442334542365552366552666652
111123112123422223455553455533446636446666
122233122233123334155554156554166644166644
122333122433122433124444115545165555666666
122222113332133342153544155544155446666666
111111222221333224335664355664356664555444
111111222331222344523344533444555666556666
111112132122332224355554355654336664666444
112222111132144332445532445633455663556666
111222311112344442345542346552366555336666
122223121223111433144443556443566663555566
111111122222322455333445344445336555666666
112233112334122334112234555544556664566664
112223112223112443144443555543666553666653
111222312242314442311455366455336455366665
123333122233142235144255114455144655666666
111222111222314452336455366455366445336645
111112113442533442553442553342566362566662
111111223341233344233444255466255566255666
112222311112333122433355444555444655666666
112233122233112333142455144445646665666555
111111222213244233245553444653646653666553
111111221333223333422556442566445556445666
111112133332132222433525445555444465666666
111222112233112234553334655534666554666444
111111122233224223554433544636554636554666
122233112333112243155243154444655554666666
111111122222332444352554355564333564666664
122222111322133333144443145555446565666665
122223112323412333411135466665466565444555
111111221333222333224355644445664455666655
112222112234133234113334556664566664555544
122233122333122443155443154466154666155566
111111122223224233444433555443556663556666
112222112322411333441533445553466655466665
122222123334121334111534655534656554666644
111233141223141223444423555423565553666666
111111123344223444233344235555266555266666
111222113222413233413335466655446655446655
112223111423551423551423554423544663666663
122222111122133333144353444555464665666655
111111222331442333442353442555642665666655
111111122333422355423355422356446556446666
111112314442314422344552355552333562666666
122233123334122334125544115446155466556666
111223122233114233514233554444555546666666
111111122233223334225534555634556664666444
111111231334233334225564255664256644255664
111222134222134244134445136655336665366555
111122113322133422333442555544565564666664
111122111322444322443325433355466555666665
122222123323111333144355145556445566446666
111222112233112233444453445553465553666666
112222112322411333415333445566445566455666
112222122324111334516334566334556644555664
111112333112343552343552445552444662666662
111122311124332224533324555344566644556666
112223111223114223554333544366554666554466
122334112344112334112344522354555556666666
111122311124332224332544633554655554666664
111112334112344422344522354562355566356666
112333122343122243112443155544555546666666
111111222133442233442233444536555556566666
111111222123442223444533455553465533666666
112222122233145553144533145553146663446666
112222122332133333144444154664155566555666
122222111112334412344555344655334655366666
111112331312433332444422455422655555666666
111111122333442223422533455563455566446666
111111223134233334222234555554556664666644
111111233314233344253544255546255646226666
111123111223422233442553444553465553666666
112233112333112243152243556444556664556664
112222111223441233441563455563456563456663
122222121323111333145553444553444556666666
122222133332134332144455144555114655666666
122222112332143333145553144555144465666666
111222111123442223544433555443565533666666
111112133312443522433552435552446652466666
122233111233141233144223444455666665665555
122233121233111223144433555444556646556666
111111222314222334523344553344556646556666
111112331412333442334422554622554666555666
111122131442331442533442553642553662556666
111222331124311224333324555554655644666664
111222311112333322343526444556455556446666
112234112234112334122534655534655534666664
112223111223112233444453446653466553666555
111111222213444223455523455333455663466666
122222111332144432114335444335665555666665
122222113342133542135544135554136544666666
122344122334122334152534155534156664156666
111111122222324244334444355666335556355666
111223112223112233455553446553446563446666
122222111122113455663455663455633445663344
111111122234552334522334523364566664556644
111122133112332222345556344556344556446666
111122133222133332144432445555455566466666
122222113332411132455136445536445636455666
111222133322133332144562145566445566445566
111111222231452233455253445553644463666663
122223122233133334155444154446155556166666
111222111322133332334552444555464465666665
111111123334222234526234556334556664556644
111222131122431225433665433665443655446655
111222111233144233445223455553456653466666
122222112233114433114553664453664453666555
112333122233112223411553444555446665466665
122222111123144423144433545336555636556666
111111122333222443244443256643555663555666
122333122233122433114444154664155666555566
111122133122433125443325466325446555466665
111223111223415233445233445263455666455666
111111122333442353422553422553445566466666
122233122443124433124553164453166655166655
111112122222133424333444553344566666555566
111222331242311442315542355544355664366666
122222112123411153455553445633445633466666
111222122223133333134555144455664445666665
122222111132144332143335444355664555666665
111111233415233445233445236445226655266665
111222112232133332143566443556444566455566
111122331112333222344452344555445556666666
112222133332134432114432514446555566556666
122222111122113333433453444455466555666665
111111233314222334523344522644566664555566
122222123332111433511433554466554466554666
111111222213223333244353446555466565446665
112233112233112233142453644455666445666555
111111221333244443244543225533265555666666
112222112232144433114433544633555666555666
122233112333122243155543156644156644556664
111111122222333224353334556664555644566644
123334123334122534125544122554115564666666
111111222133244443245543245333265555666666
122223122333112333114555144455444556666666
111122111223422233444533455533465556466666
111122133112334522344522344555344655666666
111112331122342225344425346555346556346666
122233112223111233144443554643555646556666
111222131442331142355642355642355644356666
122222123332133345134445114645614655666655
111112134122334442333442553462556662555666
111122133222134242134444335455635555666666
111222131224133324155324655334655544666664
112223111223411223444333445553455556666666
112222311122331124333444535554555644666666
111222111223142233444443566463566663555553
111112133312334322354222554444655554666666
111222112233412233415553445553644453666666
112223112233112443512433544443556666555666
111233112243516243516243556243556243566644
111223141233142223142333445556455556466666
122233124443122243114443511533555566566666
111111123334222234255234655334665554666644
111111233314233334255544255544256664226666
111222122232113333145533444555446665466665
111112131222334442344522344555355566366666
111222331112431522435526433556443556446666
122222113332113432511436544436555446556666
112223411223441223411553455533455636466666
112222312242311444311445335545336555666666
112222133222133334135554115544666554666644
111122331442351142355442355462355462366666
111111122223422233444453455553465563666663
111122113222413255443255433365436665446665
111223112223122333145553444453466455666665
111112311222334422344425344665336655666555
122222111332143352143356145356445556446666
111122132222132444135664335664355564355664
122223122333112433114443154544555566566666
122222111132411532444533664553664453666553
111223112233114233544223544443555566566666
111111222133422335422355443355466556446666
122222133332111432551433551444556446566666
111222131224135264135264335664335664555644
112333122343122243111243555544555644666666
122233122233124533144536144556145566145666
122222111123144123554663554633554663544663
111122113332133322435522444555644465666665
111112112222334422335444335544355556666666
111111223331222334252344556344556664556664
111122133222143552143352443555443665466666
111112333312433312444222445562545666555666
112222113332411322415333455566445666445566
112223112233112333412553444455646455666665
111223111223122243544443556443566663555663
111122313122313222333444554446555466556666
122334122334122354123354166554116654666554
111222311242311242333544335546555446566666
111111222133442333422536452536455566445666
111111222221233444233454334455366655666655
112222112233112443144433445533555566566666
111122331122341552344552344562345566346666
111112344412334412344552355522336552666666
111223112233142553142253644453646453666655
112222112322113333415353445555446665446666
111233141253141253442253462253465553466666
111122331222311442344442354666356656355556
122222112234155334155534115334665344666664
111111222313223333223444556664555664556644
111111222213242333442433544436555566556666
122222111332141432144433445633555666555666
111122113332143222443255433665446655466655
112222133322133324113554615544666544666554
112333112223112223415533445555446656446666
111222311122314422344445364555366555336666
122222133422134445134465136465136665136555
111122112222133332334555344445646645666655
112223111123412223455553445653445663466663
112222311112331442333442344455665555666665
112233112223122333114344544446566666555556
111222113222113332433555435555444446666666
111122112222312444355544355646355646333666
111122311142344442354222354566355566335666
111223141223141523446523446523466533666555
112222133324111324133324554444555556666666
122233114223144223144433154553155556666666
111222111332144322444325643335646655666555
111111221344522344522334526334556634556666
122222112233111433514433554463544666555666
112233112223122433144433154466555466555666
111112333112433222433225445555466655446666
122344123334123334122444125555116555666666
111111122223424223444453654553655533666663
111111213344233444233454235556255656226666
122223111123411223445633445663445563555666
111111222331242233244453664553664453666555
111222111122344442344542335556355656336666
112222311122311425344455334555364465366666
111111223144233354235554235664235564266664
122233144223114423511423514433556666555666
122333112333122223114444155564555664566664
112222133242113342113444553464553666555666
112222111332113332444432544436555566556666
111111122223222333445633445636445666455556
111122133122143322443332455555446665466665
112222122323133333114455144455446665666655
111112112222333332435632445666455566444556
111112133332133322444222444555646555666665
111111122234552234552334652344655334666664
122222112234511134551334553344556344666666
111111222331244433222443554463555663556666
122223114233144223144433145636155666555566
111233112233112223442553446653446655466655
111112112222333242334445334455664655666655
111111223144223444253446253336253666555566
122222121233111433155443555543656643666644
122233122234112334111534555534565664666644
111233112223122333142536445566455556444666
111122111223422253446653446553466533466553
111111222123442223445633445663545663555663
111111122222333332344452344655446655666655
122222111223411133443335466355466665446555
122333112233112334112244555544565564666664
122222113322113333114443555546554446566666
111222311222311244335554633544636554666654
111111223144223445223345623445633555666665
111112314212334222344255345555344566366666
111111222134522234552334556334556634666644
122222112323111333144443544453555556666666
112222133332113432114432555444555466566666
111112311342333342553442544422556626556666
112222113222113333144355446365466665446555
111222131324131324533324556624556444556666
111111213444233444223345233555255566266666
111222131122431325433325443655446655466665
111112122222133244333544355544356664556666
111123111223422253452553455563444463666663
122334123334122334112244516644515666555566
112222112342512344511344553334553664566666
111111122344223334225334255534556664566664
111112113222433322435332445556445666455666
111122311442314442354642355662355662335566
112223122333142333142555146665144655446665
111112112222333332345532446555446565446666
111122133122133332444322455566445566455666
112222113322111332443335444455466665666555
111122331112344222344255334445636665666555
111122311142334442344222345555366555366666
111112314142334442344522355526355526366666
112333122443122433122443114456555556566666
111111223133233334224444244566255556556666
111233112223112223444433546636544666555556
111112311422334442334422335426555566556666
122223123233123334111144555544655564666664
122222111223111433444435466635466335665555
111122111223455223445523455663456663446633
112222311112333122344555334655444655466666
122222132324133334134444155554165655166666
111111222313423333422553425555444566466666
111111223331244433244433254666256666255555
111223111233142233444223455663445666555566
111223122233142233144433154445655555666666
111112314442314422335442335552636652666655
123444123344123345123345122555162665166665
112222111123144223544443554333655553666666
111111123333224335244435224555264455666666
111222311122314442344542335546335666555666
122222123332133433111444551464566664555566
111112341412344442342222355556356556336666
111222112222113333455353445553446566446666
112223122323112333144355145555444465666666
111111122333442335422235426635446655466655
123333122333112445122245144445166665666555
111112333112332222432566435556445556444666
111122312222311442333444355546356546556666
122222111322133344153334155554665654666644
112223122333142233145535144555144465666666
111222312244311254331254335554635654666664
122333122233114233114244154446555666555666
111111222221333322345335445555446665446666
111122112222134442334445364555366665336655
111222113322133442134442533644556666555566
111112312212344222344444355555336655366666
122222121233111333413355444555644455666666
111233122233112333412255444455664455666665
111112112222342442344445333555336655666665
111222311112333222433566434566444556455566
111222311122314522334555344465334465666665
111222112232411332455533445533466556446666
111111122334222344255344253334555664566666
111122111223444223546623544633554633555666
111111222133423333423566422556445566445566
122223144423114223144453166553166653665553
111112113322443332453362455662455662445566
111111213333243334244444225556255656256666
111122311122333322444332445556455666455666
111222132244133224133544136554636554666655
111111122222223334555334553344566664566644
111222111122344522345555344656344656333666
111112113322333222435266435566444566445556
112222113332413322411335444655446655666655
111122133222143232143335446555446555466666
111222131124331324533324555624566644556664
111223111223122233445633445663455566445566
111234111234122234523334526634556644555666
111223141233142233142233444555664555666665
111112312222312244333354355554665654666644
111111222231242433244453645453665553666653
112222112324513324511334553364555664666644
111111222231223334233554635544666544666554
123333122443122243125543155544156646156666
122222133232133334155444115554616654666654
122223123333124335124445144455116655666665
111112311322333322344522444555464655666665
111123112123422223444443555543665553666663
122333122223111233114453644455664455666655
112222112223144553145553146533446533466666
112333122333122234152544155544155446666666
111222131222131442334455633445663455666655
112222113332111322444333455556445666455666
122222111223141333144435446335646555666655
111111123333222333425566422566444566445556
111122111322433332435552435552446566446666
111122113322413332443322444555664555666665
111112331212333222344552344555446556466666
111111122222333342533342566644556644555664
122223142223143333144435145555146665166665
111222122223144433144435166435666335665555
111111233331244333244445224555226565666665
112222111233112243544443555643565643566663
112222112333122343113344555554655444666666
111111223133233334224444255464256666555566
122222123324153334153344155444115556666666
112223112223411123444333554366554466555666
122333112223411123444123455663445566555666
111222131244133245132245336445366645666555
111112311442334422334422355462355566556666
122222133322111344113334554444555666556666
111222122233111234533334555644565644566664
112222122233111334513334554444655554666666
122223111223111233444435466435466635665555
112223111233142233142553444653644655666655
111112311322333322443452644452646555666655
111222111222133234553334555344655644666664
122233144223144233144253114553616555666665
111112133442134442333422355422555566566666
122222133442133342153344155664115664555666
112222112232113333144433445566445566555666
122222133322114333144443145646155666555566
111123111223452223455523456633455663444666
122222111322411335413335444355465556466666
111222311242311442334442356646355666355556
111222111123455223445523455533446633466666
111222111342133342533442553442556466556666
111111122333222243255543656543656543666444
111222112234512334512334553344555644666666
112223111233411233455223445553644455666666
111111222314233334225334255444556466556666
122223111223411233441333445566455556456666
112223112333112223144443554443555666556666
111122111322333332345522445566445566445666
111111122223222333433355446555446565446666
112222112332112334133354555554666654666444
122223111223141243144443555433556663556666
111222331122311224334444335554555664566666
111111222231244335224355444335466635666655
111112312222312244344444335666335566555566
111122333112343122443552443552465556466666
111111233341223444223445223345665555666665
122233122334112344112334155544555564666666
111111222221322445344455346455336655336666
111222132222133334115334555644555644666664
111111123333223433222455266445666455664455
122222113224133444133454133554166555666665
111112314142344442345222355526335666355666
122223122333123343154446155446115646555666
111111122223445523455223445633455633466666
111222122232113333144453644553644655666655
111122112222314425344455366455336455336666
111112113322433222443352444355466555666665
123333122223111123415523445556445656446666
122222111234155234153334153344555644666666
122223124243124443115443115533555536666666
111222131322133332134552444555446665466665
111111213333244433245443245556255566226666
122222111332411332414533444553466655666655
111122334112344412334442355562356662555666
122222112333142553145553145533144446666666
111122133324132224133244535644555646556666
112233122223124433114553144453664555666665
111112314142334442344522355522366555366666
122222111122133334153344555344555664666664
122333122333112443122444114455666665665555
122222121233111443541433544463556663555666
111111122233224233244333445555455666456666
111111233341223444233344255564225666555666
112222112223133333144443144545655555666666
112333412333412253412255412655416665446665
112222112223411333415333455555444465666666
112223111233122233144433555446556446556666
111123141123444523445523646523666523665523
112222112322411333441333445566455666455566
122222132244133344133344155646155666155566
111111122334222344225334665534666534665554
112223412233411233415233415555445665466666
111111221344223334225344255364555364566666
111111123333222233425535425555444666446666
111122331442311422334425634525634555666665
111111222213442223444333455533456666555666
111111222331222334523334556644566664555644
112222113242113442133344533554555564666666
122334122344112354122354163354166554666655
122233122333122343144444114566515566555666
122234112234122334153334155664156664555664
111222312224311524315554336544366554366664
111233141223141523445523455623455623466666
111122311442314422333422354466355556556666
111123112223144423544223554463555663566663
122233112223111123455553444533464556466666
122222133232143335144435164445166665166555
111122111222333224533334554444554666556666
111111222213422233445536445536455336456666
122223112243142443144453115553655653666663
111222112222133333144553446553466655446665
111122112222132444333554355554365644366666
111222122232111333455553455633454666444666
111111122333223344223344524446555566556666
111222311242314242314445335455365556366666
122333122223142333144455144665146665166555
122222132324133344111334155554655544666666
112222133422113424133444135455635555666666
111112133312333442534422556442556642556666
111222341122341122344455334455366665366655
111122113122433325443325444325465555666666
111123112223142523442533444553645553666666
111111221334233344233554225554266654666654
122222111122314144334444335555633655666665
111112313122333322344422545466545466555666
122233122443122443111433514436566666555556
111122111222333322344444345466355556556666
111222122223113333413555443555446656446666
112223122223111433551443555433655444666666
122333122333122234155444115554616554666664
122333112223122443155443154443155556666666
122222122344133344135564135564135664155666
112222133332113322411355444455644555666666
111112311222344225334245334445366555666665
122222113223413333411355416655444655466665
111222331112333122443552443555466565446666
111122331122331224335524355644555664666644
111122122222133444135554335654366654366654
111111233144223344223344522346566666555556
112333122233124433122444115544555666556666
122233122223111143155543556543656443666644
112223111123412223445533455663445663455666
122223111223411523441553444553645533666666
112222112332142433144443145553665653666655
122233112223111233441533466555446555446666
122222112342113344153334153564555564666664
122233122233142435144435146435166555166665
111122312224311224333554335544655544666666
111223122223144233144443154533655555666666
111111122222334442344452364555366665336655
122222112324133334113444513546555546566666
122233122334123344125354115554615544666666
111223112233411223445523444533646555666665
111111222134522334522334556334566644556664
111222111223144423444523466553665533666553
112222122333112343155543154443556446566666
111111222221223344333345344445666655666555
111111234441233544233554263354266555226666
112222111332133332134452644455664455666655
112333112234122234115234555634566644556664
111222112232411332455536445336445366455666
111111123333223433255446255466254446255666
122222123332111133144335444655446665666555
122233122233111234516334516444566664555564
111112331222341222344445344555335565666666
122223142323142333144443155546155556166666
111222112233411223455333445536445666455666
111222111332133332443422544446555666555666
111111222331243333244535244555264465666665
111111223314233544235544235544236556266666
111233122233112433122443554444556666555666
122223111233112234155534666534655534666444
122233112333142235144235114455664455666665
111122333112333122344422544666554466555566
111111223144233444235664235564235666235556
111122132222133244133334556664566664555544
111111213333224343254443255446256666255566
111111212333222233444233454466456666555556
122222122333133343155444115444155556666666
111122113222313342333442554446555466556666
112222122342133344113354613554666654665554
111111233341234445236455236455236455226666
111111213333222443252243555443554466566666
112222312224311114334444356664356566355556
112222111223144233144433545433555556666666
111111122222223334555334553344655644666664
122222123332113334155344156444156646555666
111111122223452223455533445563466563446663
111223122223112333145553445553466656444666
111112311222344222354466354446355566335566
111222133322133342115342555544666554666644
111122131222133442333542663544655554666654
111222113332133222143355446655446555446666
111111213333222233422553444456455556466666
111233142233142223142533145555446655466666
111222131442134422134452334655633655666655
111112133212433222443325443555644555666666
111233122234122334152334155444556646556666
122223122443124443144333155536115666555666
111222113332413322415332445555446665466665
111111223144233444223445233355265555666666
122222111132144132443335443355466665666555
111223411223441123444223554663555563566663
112223111223112233444435464335466655666555
111112311222333332444432546662544566555566
112233122334123334125554125554166654666644
122222113332144432114533144553645555666666
122344122344122344112345611335666355666555
111222122233124433115433555436554446566666
112223112233122333114443555446556446556666
122223122333112433514443511644566664555566
111222111232451232455333455336455666444666
111112314552314452344652334652334652666652
111122133222133224133554663554665544666544
111111122223425223445333445663455563456666
111112112222344452344452346555366665333665
122222133224113344113344156364556664555566
111122133112433322433522455555466656444666
123333122333112244122444156664155664555566
111222311222311244344445333345666665665555
111111122223444423445223645553666553666533
111122131332133332444442445562555562566666
111122112222133332443335466655444655466655
111112313212333222334255444455646455666665
111222331222341152341455344455366465366665
122222123333124443115543115443555546666666
122223112233412335411355414365444665666655
122333112233144223114423154466554666555566
111111223341233344222334255644555646556666
111222311112344452334552344452366655366665
112223111123451223455523445533466563446666
111111122222324555324465334465344665336665
122222112233144433145463155463155463556666
111111223331243533245563245566245566244466
111122132224132234133334555644556664556664
111112331142335442355422354422354666556666
111222122233112333145336445566445666445556
122222113324113324133444153446555666555666
111222132242134442133544133545635555666666
111122122222134444134445333555366655366665
112222132444132254136654136654136554336655
111233112223412233414253444453555556666666
122222111112333142335544336554666544666554
111233111223441233442233445266455556556666
111111233314222334222334555444556664556666
111222131112334222344555364445364665366655
112222113322144332114355664335664445666555
111222331112433312443322445666445666555556
122223122333123343115444155444156666555666
111112134412334442355542335542635522666666
122333122223144423144553164453166655166655
111233412233412223411253466653446655466555
111111233331224533244535245555244666246666
111122313122333122334442444555466665666555
122223112423512433511436551436544436556666
111122333122344112344452334452666555666655
111111223331422235423335426665444655466655
122233111233412223411553444453466655666655
111122133142333142355442356442556462556666
112222133242133244134445133455166555666665
122333122233112233111444544466545566555666
111111222331422233424333444555664555666665
111111233331234555234455234445226465266666
111111221333223343225543525444555464666666
111234112234512234512334552344566364556666
111233112223122443152433554443555466566666
122222112233144335144435164435166635666555
111122333122331122433526444556455556446666
111112313122333322344225444665466665465555
111111233414234444234555233365266665226655
122222111223441133455136455336455366445666
111111222213422233444443546663555563556663
111122111222332244344445333455366655666655
111223112223142423144433554463566663555566
122222111232441133541336543366544466555566
122223121233111233415336445666455566444556
111111233331223334224444522544555566566666
112333122343122344112344152644556666555566
112222111112333422333445634455644555666665
111222311224311224355444356664355664335566
111111213333233344225544222554665554666664
111112314412344522344522334525336555666666
111111233314233334224444256664256566255556
111112134442133422335422335426555466556666
122234112334112234152334156344556646555666
111222122234133234113334555544566446556666
111223112233412223415553446533466555446666
111222112232411233445336455336445566455666
123333122323112223145555144565146665444666
112222112223133333145553145455444465666666
111123122223114223444333445553455556666666
111111222221234444233454333455636555666665
111223412223412523411533445533644555666666
111222131122133324335324555644555664666644
111111222133222443552433554433554466566666
111122122223123333144335444455466555666665
111222311112334222334445344455366555666665
111122131422133422533426534446535466555666
111112133332134442334422555462555462566666
111122111222344442333342353544555556666666
111222133244113224153624553664553644553666
112223122423144423145453145553155663666663
122223124423114423115443615543666553666553
112233111233412233415223455666445566445566
112222122333123334111434564444566666555556
112333122334122334124444124555165565666665
122333124433122443112443112545665555666665
123333123243122243114245164445166665665555
111122133122334125344225344465346665666555
122223123223113333411566415566444566445556
122223112223144333114443154643556666555566
111112122222132455334455334665344665346665
112222113232113332413355444455464665666655
112333122344112334512234512444555556666666
112333412223412223411153446653446655666555
122222111223411333441355466355446355466665
111112314412344442342222335555335665666665
112333112223122333112444555544565446566666
111111223331224355244335244435264665666655
122222112234113334115634555634556634566644
111233111223122233452336455556455666444466
112233111223441233441223544663546666555556
112333112234155234155234152234556644666664
112333122344122334122344115544655555666666
111111222341233344225344255364556364556666
111122331112333332445662445562455562445666
111222111122333332444332454666456666455555
111233412233411233441223455266455556456666
112222133332111332144432544666544666555556
111112113222333322334452444455465555666666
111122333122333112443522446555466655446665
122233122433122453114453164453166455666655
111111231344233344233564255564225664255666
122333122334122344112354166554166654665554
111123142223142223144333445366455666555566
111112113332455322453326455326445626445666
111122132224135524135524333544635564666664
122223112233111234153334655554655444666664
111122313112333442353642556642556642556644
111122133112334222334452344555446665666655
122333122234112234115334155554656654666644
122222113322411335411355446335446665466655
123333122344122344122344156664155566155566
111122133112333332444222445555446655666665
111122131222132244334444333455666555666655
112222113222143335143335144455446655666665
111222133332113322143425444445666655666555
112223111223112243555443554443554633666666
122222111322113333143355444455446655666665
122222133332143332145555144455164456166666
111112314222314422334425334655634655666655
111111221233422233442335444635646655666555
112222112332113332133455664445644455666655
122222132244135446135546135446135556133666
111112331122433222433255436555446556446666
112233111233112243522443554463544666555666
122222111132413332415336455366455556444666
122223111223111233444335444535466555666665
111112313412333422533442554442566662555666
112222122344123334111344553364556664555666
122222111122113334553344533446555446566666
122333122333112344112244516664566564555564
111222112223113323444333554444555556666666
111111222133245553245553244533246636446666
122222121132111433444443556433566663555566
111123114423515423555423656423656423666423
122222113322133344134444135554165555666666
111122311142333542355542366542366542666544
111122331222311224355544365554365644366664
112222113322113332413355446655466665444655
111112313122333442335422555442655544666666
112222111123414223444453455553665653666633
122222111112344152345555344445333365666666
112222111222131444333334555634556664556664
112333112333412325412225416665446655446655
111111233314235544233544263544266555226666
111112132122332224355554335444635564666664
112222132232133333145566145556144556444666
111222111322133332443352455555444665466666
112222111342133342155342556344556364566664
111111222221223333444353446355466655466655
111222112223142333144553444453666553666655
