122233111233412235412635416635466655444655
111112314452314552334552334452636452666662
112222111223441123444553455533465533666666
111111213333233243222245666645644445665555
111222111122344422355444355546335566336666
111112133332133442534442555442555622666666
111111213334222234253334256444556664555666
112222311224311244331544336544636555666655
122223122423114443144543115533555636566666
111112341122345522345552344552334466366666
111233111223142223444253455553455663466666
112222111232411233445536455336445636455666
111233112233144233142223445555455665466666
123344122334123334122554162554165554166666
123333122333142225146255146655146665144465
112222133332133422135444155454165554666666
111122333112443512433552443522465556466666
112222311112313422333444355464555664556666
112222122234115334155534155334665634666644
112222132224133334134444135546155566556666
111122331222311422333445364455664455666655
112222122233114333114533444555644555666666
111112133342134342334442555542566622556666
111122312222311244334444355564355566356666
111222113222113342533444536664535664555664
122233112233112233144435144655446655666655
111111213333222433522434525444555564666666
112222111222134444133454335554355566366666
111112331122332222333444555544665554666664
111123144123444123452223455523665553666663
111123122223112233444433456663455666455556
111111233314233334225444255564255664256666
111112331222331224333524555544565644666664
112223112223412553411553445533444536666666
111222132224135524135544135664335564366664
122222123332111133445133455666455556444666
112334122234122334112354615354655554666664
111223114223144223144233544633555666555666
111112132222132244333554636544636554666554
122222111112333412354444355446355566356666
111122111222333322344444334554555556666666
122222123332111133144443554443556666555666
111223144233142235142335142635446665666555
122222123344121334111534555534565634666664
111111122233422553425553425533444436666666
111111122222223345333345664345664445666555
122222111322113333144433555444565554666666
111112113422333422344422335445665555666665
112222122333124333114344154445655555666666
123333123433122444112544162554162655666655
112222133332111342155342555346544446566666
112222133332134332144442154546155566556666
112222122333123333114555144555446566446666
122222123332113333411555416665446665444655
112222112223411133445536445336445636555666
122222121332111344513334555534556664666644
112222111222113333444353445553455666456666
122222112233411333441153644453646555666655
111111222313222333442553446553446555466666
112222111122134442334544335554335655666666
111222131222133332143566443556445566445566
111111222221322444334444355555333556666666
122223144223144233144533145563155666155666
122222111132113332453633455666455556444466
111111213333223334224444255454255556666666
111111122223223333424353444455466665666555
122222122333144443114443155563156563556666
111233441233411223441233442255665555666665
122234111234155234152234155634556634666634
122333112433112443122543125544666554666655
111222111232144332444432455533555563666666
112333412233412233411256415256455556446666
122222122333144333114553114555644465666665
112223112233112233144535446535466555446666
112222111132441332433352444355466655666655
111112133322143332443552644452664552666655
122222111132441132455633445633445636555666
111123142123142223444233554436555536566666
111122111342533342553342553442655442666666
111111233134233334255554225664255644266664
122233111233141223144253446653466655466555
111233112223112223444533455536455566446666
111122131122433222443566433566435566445556
111122133332133422135442555542656544666664
111111222341233345234445234555234556666666
111112311222333322343526445566445556445666
111111122234223234523334556634555664566644
112222111222331144333445633455666455666455
112223122233112443511443555443556463566666
122223111123144123544423555433556436566666
112222112223411533441553444453666553666653
111222133322143322143355144555444655666666
122222111122133144533334555634555664666644
111112334112344442345542335552355622666666
111111222221234445233345663445663345666555
111122112222132455334445344655334665366665
111111221344522334523334522364556664556664
112333122433122435124435126455166445666655
111111122333222343522643556643555644566644
122333112333112223112444556664566664555544
112233112223112333412355445555444665466666
111122134222134425133425633455634455666665
112222111223144253144453645453665553666633
112222311222311144333554663354666554665544
111222133242134442133442153346555666555666
122222113322113333411435444455664655666655
111112133212443222443332443555645555666666
111222134422133442135542135446335666555666
111111233314235544235544235544236566226666
111222131122133224333444535464555564566666
111222311112333342533442555442556644566666
111111122233224223554443655543655643666643
111111221333222443252433554443555466566666
122223112333112345162345164345664445666555
111111213333222344223345266645664445665555
111222331442331142533142553642566644555666
111222111322451322453333455663445666445566
111222111223144423544423566433566663555563
112233112223412253411553466653446653446655
111111122333422533422533424555444655666666
122223111223144423144433145553555663566666
122223122233143335144355114445616455666665
111222311112334442334422535446535666555666
111122313142333142534442535642555642566666
111222131222331425361445364445364555366665
111123144423144423145523555223556263666663
111111233144233445233445223455266555266666
122222111232441133451333455366455566445666
111123112223412333442233445555644665666655
111222122234133234153334155544555644666666
112222111122333142333445663445664455666555
112222132442132445134455134555136665336666
111222312242311244351446354466355566335566
122234123234123334125364115664515664555664
122223122123111143555443555433544463666666
111111222331223344233444235554666654666555
112222133342133342155342165544165554666664
111112134442134552334452334652636652666552
111112112222345552344452346455336465336666
111122131442133442334422354526355566556666
122223122243111143155443665543655543666643
122222112332411355411335443355444665666665
111233112233122333124444525544555646566666
111222111123444423445623545623555663566633
112334122334122234111234555534566564566664
111111122233222233444533444535664555666665
111233112233112333422255455556454666444666
111112131222332242355544354446355646356666
111222131244132224133344335544555666556666
122223112223411333451366451366455566444556
112222112223114443515443555643565643666633
122233111223112233144335445555446565466666
122222111223411133444443555433556663556666
111222331242311142344442334566535566555666
111223114223114423444523664523666553665553
122333122223111233415536415556445656444666
123344123444123334123554125556125566126666
111123141223441223544623544623555633556666
122222113232133334113444155466554466555666
111111212333222343252343554444554666556666
111112133312333322444422455552456656456666
111233122223112433152443655543655544666664
111222331112341222344444334555636655666655
111222111322133332435362455666445556444566
122223122323111333144435164445666545666555
111122111222333244333244355664555564566664
111111221333223343222543555544665544666664
111222331112331452364452364452366455666455
112233122243122443114443155543555663566666
112222122233114433511433556443556446556666
111222133222113425133455633445644455666665
111112131222333324555324556324566664566444
112234112234152334152234156334556644556666
111122131122334422344552345556344556366666
112333122333112223114425644455644555666665
111111233144233344233444225556225666555666
112222122333112333114355444445666455666655
111222131222131324333354655554656654666444
111222111122344425343425333445365555666666
111111122222344425333425366455366445366655
123333123444123344122244125666155556155666
111222331124311224335254355554356664666644
111222112232113332445366445336455666445556
112333122233122443125643155644156644555666
111223112223142233144553446533446555666665
122222133322111333114355444665466655446655
111222122223111333444443455553455653666666
111111222221223344555334566344566334556664
111111222213244233244333445535645555666666
112222111123441223443333445663545666555566
112233412233411223411233455555456665446666
112222311122311442333445336455666445666555
111112314222314522344552334455334665666665
112223111233112233452336455566454556444666
111111213333244553244453226453266455266665
122222122333111344113334555554565664666644
122223112243511243551443561643566643556643
112222111223113233443335446665466555446655
112333112223411233451223455556445656446666
111122331122341222344555346665344665346655
111222111222331244355544355554333644666666
112333122233112233411255444455465556466666
111112312222313224333554663544665544666554
111111222133233334255344255446254466556666
111122133322113442333422554444655555666666
111123112223122423554443555643655643666643
111222122232111334555334566634556634566444
112222311242315542316544316554366654336654
111111223331222233244433444555466555666665
122223122233144333144563144566114566555566
111111122233222333244353444655466665466555
122222122333111343551443551443556644566666
112223111423115423555423565423564443666663
111122314112334222344442354566355566355666
111111222133222333244355444365466665466555
111112113322443332455332445552445652666666
112222311142311542335542355644356644356666
111112331122432225433325436665446555446665
122222123344123344113445613345616555666655
122223112443122443111443555463565563566663
122233111243122243144443145553666553666655
112333122233112334112244555554556444666666
122223122433112443514443516463516663555566
111123122223124233144433546663544566555566
111222122232113333413355444555466665446665
111111222231224433255433556433556444566666
111112113322333322344225444555465565466666
122222133442133452163455163445163645166655
111111222213425233425553445653446653466663
111222311142331442333342555542565544666666
122222123332114335164335164555164445666645
112222122333124553114453144453646653666655
111111233341223344255334255544256564266666
111111122333422233422553444653466655466655
112333122233124235144235164455166445666655
122233111233141223145233445555466556446666
122222123334121334111334555444565554666666
111112331312333322444222544446555556566666
111122133122433152463352466352466655444655
112333112333112344512444522244555566566666
122222122344133344133345111445666555666655
112223122223111433514433555436554446566666
122222112324133334135354115554655664666644
111111222213243333245335245555444656466666
112223411223451123455123456663455633445666
112222112333112233144453446653466655466555
111122111332444332554432555432556432666666
111112311222333332443552446652466655446655
112333122333122223114444515554555664666664
111112333112322222344455346665346555446665
111112122222133324555334556344566344566664
122223111123415523415523446533466553446666
112222111223144253144553445533455663666663
112333112334122344125344125646525646555666
112222112322411333415333445555466655446666
111111223313223333224555244565445566446666
122333122333112234115244515644555664566664
111111122233223333423566424566444566455556
112233112223411123455523454553444653666666
122222121332111344133354635554655654666644
112233112333122233144255164455666455666445
112223122223113333411535445555446656446666
122333122343122343112444115554555654666666
111111122222223444553434553334556634566666
111123114223144223444223554333566666555566
111111123333222334225534255444655544666666
111112131422333442344422335426555566556666
122222133223113333144555146665144665446655
112222113322111332445333445566455666445566
112222112334122344133334156664555564556664
111111123334522234526334526634526664555644
111112313142333342355542556442556642666642
111223441233411223412233455553455666456666
111112314222314422333425344465366665665555
111122133322134442134442533642555666555666
122333112233122233114444515446555466556666
122233124233144223144553144553155566166666
112222133442113342133342154446556666555566
111222132222133333114453444555446565666665
111112331412333442334452664452655552666652
111112331122433222433255443555466665446665
111111222133244533245533245553244456666666
112222111122133332334555434655444655466666
112222113222413335413365416365446665446555
122233122243125543115543155443156443666666
111111221333222223444533446535466555466665
122223112223411153415553444553446653666663
112333122333112243112444552464555664556666
122233111223112243144443554643555663556666
111111122233224553244553246553446563466663
111222311124315224365524365554366654336644
112223111223441233451263456663455563445566
111111222231442233455233456663455663445566
111233122233124433122443155544655554666666
111112331122342225342665344665344655346655
111111222221323425333455344455344655666666
111123111223422223445553445663455663456663
122233122333142233144555144455166465166665
111112122222133324556334556334566644556644
111112332112342222345555344555344666346666
111122311224315224355524365554366444336666
122233123333122243111544165544666544666555
111112331122333442334452644552664552666655
111222113322114322554333554436544466556666
111112311222344422334552344655334655666665
111122113122443222443355433355446665666655
111112133322134322444332454662455566555666
112223144423144223114423515563555663566663
122333122223111233144443145555445565666666
111123111223422223445333445636455666455566
112222122332111133443335445555446556466666
111222311112333322435352455555444446666666
122222112234113334113354663554665554666544
111122341222341152344452334555334655666666
122222111132451132455533445533445663466666
111222122232114333414335444355465555666666
111111222221333324556324566334566644555644
122222123323111333441135644445666545666555
111111223133243333244566244566245556245566
122222113322111333415363445666455566444556
111223111233451263452263452563455563444666
111222131112333222343355444555446556466666
122222112323111333441536455536455566444666
122222111232141133444433554433556666555666
111112133222133245632245634445636445666555
112222112232114333144353444653466655666555
111111122233222333425366445356445556445666
112222111122133324333444535464555664556666
111222111234152234552334655334655634666644
122222123233113333411555416655444655446666
111112341412344442334522333522555566566666
122222111122113444533334536634556644555666
111111222331223333245553245655444665446666
112222113322413332411533445556445556466666
111222133244132224133354136654666554665554
122222111122133333134355444555664445666665
122333112333112443122244155544555646566666
111112112222333224333344554444555566566666
111122113222143352444352463355463655466665
112233122223124443144543164533166555666655
123333122223111123441523446555466555446666
112222112342511342551344555344563334666666
111122333112333122345522445555444656466666
111223122223112333145353445555444566466666
112222311245311245331245366445364455366665
112222122324155334153344155334165564666664
111233111233412233422235466555446565446665
112222122333124443115443155433555466566666
111111222314252334255334256344556364566664
122222122333133344135554115554615664666644
111222331122344122334145634445636555666655
111122111332433332455532455552444662466666
111222111232142233445553444553465533666666
122223122233111333144355164555664445666645
112223122443122443111443566643556663555563
111223122223114423154443555433555436666666
111111213344223344223554223354666554666655
111112342112342222344444355555356566336666
112222112323112333144533444566445566555666
122222113223113333411535445555444465666666
111222311124333124353224355554665544666664
122222111322413356413556413556433566444566
111223112233122443124433544436566666555556
112222113222113333143555443565446665446665
111223122233124553124533144553446556466666
112223112223112333144553444453466655666655
112222113342113442133342534446555566556666
122233142223144423144453155553116553666666
111222131242132244133444536664533566555566
111233122223144423144423154633556666555566
122233112223111243551443555443655443666666
111123141123444223544423556223566663555663
111122341112344522334552344552346556366666
111233144223144223142233145563545666555666
111233114253114253444253642253646253666655
111111234515234555234445233645233646226666
122223123333122334111444155544556546566666
111222331112331422344442345555345655666666
111111223314222334255634256634556634556644
111222133332113222133444555544666554666654
111122113224313224333244536664555664555664
122223122433124433144433154666155566155566
111122111223444423454223455553655333666666
111111223144223344223344523364555666555666
111112131322333322344452644452646555666655
111112133122443332544432555432555462666666
111222111322143322444333554443566666555566
122222133332143332144445144555116655666665
111122333122433112443352445552455666456666
112222112322133333114443555544556544666666
112222113332111322444335466635466665445555
122222111122333144355154335554366654666644
111111222231233334235634255644555644566664
111222133332114332414532444552646555666665
123333122343122443112544162554166554666655
112222311122311424333444353464555566556666
111222331122311425344425344555364556366666
111112131222332244335246355546354446556666
111112311332333322444522455552445656466666
111111122333224433224443255443555556666666
111233122233122243115543555543656644666644
112222132242133444133444113355666555666655
112233112223122333145553146655444665446665
111122331112334222534266534446535466555466
111111123344523334523344522244555266566666
111122132222134452134455334555364456366666
122222112332143333144443145455165555666666
111112312222313442333442356644555664555666
111233112233122333122455444465446665666555
111122111222344225344655344665334655336665
112222132324133324113344515446555466556666
111222112223411423444433455533655553666666
111111233314235334225534255564225664666644
111111213334233234222234555564566664556644
122222111232411133444333455553456656456666
112223122433122433144433144555166655666655
111233122223112423155443555543656643666644
112222112322143355143335144355644455666666
111222341112344122345552344566345556336666
112223111233411223444423455663455663555666
122223142323142333144553114455614665666655
122222133332134332154446154466154666155556
112222111232415233415553455533466663444666
111112334412344512344552364652366652366552
112223122323112333144345144445666665665555
112333112333112344512244555224565544666666
122333112233114223114253444455664655666655
122233114223144233144233114456555556566666
122233112233112334112344555644555664566664
111112112222332442334444333554666655666555
111222112232112333455533455553466666444466
111122133112433552435552433562444562466666
111122341112344442344222335555355665366666
123333122433112434112444122455555556666666
111111222331442233544233544236545666555666
111112131222334442333422534446555666555666
122222123333123443115643155644155664556664
111112132222132425333445633455666455666445
111112133222132242334444536644535666555566
111112112222334252344555344455346665336666
111111222313223333244453246455446665666555
111112332112332222333455644455666445666455
111112333412334412334522664552644552666655
111222113322133224135554335444555644666666
122222111122113444553344533664533664555666
112223114423114223154233554636544636555666
122223112223144443145433145663155663555666
111111221333224333224453264455666445666555
122222111123441123445663455633445633555666
111122331122433122433352445555444665666665
111111123344222344223334253554555564666666
122222112332114355164335164435666435664455
111111222213222333444333445666445666555556
122222111322144333114433555436556446556666
111111122223223333244335664455664455666455
111112331222341222345555344555346666344666
111111222221332425344455345555344666336666
111122113332133332445222445555466665446665
111122131332133322444322444455555556666666
111112313122333342553542555542666642666444
111112331222331244533224553664555644566664
111122333112443122433352445552445655666666
111222112233412253416653446553446653466553
111222131224131244333254663354655554666654
111112133122334425336425366425664425664555
122222111322133333114443444545655555666666
111233111223441253422253466653446553466655
111111233331222334522234555644556664566644
111111222221223345333345364445664455666655
111222131224133224133444536664536564555566
111112313122333222443352466555446665446655
123333122344122334125444125456155556166666
122333122233122433144444145555116555666666
122223111233114223514443555443556643566666
111223112223114223444553445553645533666666
111112133422133422334422534446555566556666
111112311422344422334452336452366655666555
122333112344112334512234515244555664566666
111222112223144233143333445555466565466665
122222122333111113444443545433555666556666
111112331122342225344425346455336455666665
111112113222333442333452664452664455666555
112223412223411323411333445555466655466665
111111122222333244533244533444566666555566
122223122423154443154543155543116533666666
112223412223411123441333544366545566555666
112233112333112223415623445666455556444566
122222111223145333145333145566445666445566
111112132222133425333425634445664455666655
111223142223144223144333154463556666555566
122222123333123433154444155564156564156666
111122113142333342334442555542566642556666
112222133324133224133444156644156666555556
111222331112345512345522344555334446666666
112222111122314424334444335555365565366666
111111221344223334225334255534655564666664
122233112223112453144453144453666553666655
111122133332143332145552445622455666445666
111112341212342222344444356666355666335555
111223142223144223114553644553646653666553
123333122223111123145523445556445656446666
122222133422133444113544133545166555666665
111112333312433312444522444562555562566666
111222133332133342144442155542555646566666
111111222133442223544423555443655533666666
122333122334123344122445111455666455666655
112222112333412353412353415556455666444666
122333112233112334122554155554656644666644
111122313112333222344442355644556664555666
112222122333123344113344155444555556666666
111111122233442223444523664533664535666555
111122133132143332444322544426556666555566
111111122222344452334552344455333665666665
111111221334222354223354663554663544666554
111123411123455523445223455233445263666666
123334123344122334122254155554166554166666
122222133223113333111444555554666554666644
111111212344222344233344235346555666555666
111112311322333324532224555544655644666664
111112311222322244334444355554355566366666
112222112232113334133344544446556666555566
122222112233111133444335644355664455666655
111122122223114253444553466553466553466633
111111122223222333455336445366445566445566
111111122333223334223544266544665544666555
111222131242134442133342536344556666555566
111122311122333322435325445555446656446666
111112312222312244335544333554666554666654
112222111112334442333342355544556564566666
111111223313223333425555422555444666446666
111111122333425553422253425553444463666666
111223111243122243526443566643556643555643
122222112332113344153364153664555644556664
111112333112433332444442555542566622556666
111222132222133333144355144555445566466666
111223111233142235442335462355466555446666
122222122333111113445533444536455566456666
122222112333112433516433516444556664555664
111111212333222344252344553364566664555664
111222311244311245332245336445366455666655
112233122234123334125534155544165544666666
122222122333111443115543555443565443666666
122223112333112233415553416555466665444466
111222131122133324563324563644566664555544
111222131112334442334522344555346565666665
123333123223122243155444165554165564166664
111223111223441223444233454553555563666666
111233141233144233142235442555462665666655
111222131112334422344525346555346655346666
111222311422351422351444355446335666355666
122223111423551423511423554433566443566666
111111231444233554233354235554222564666666
111222133322134332114532444555465556466666
112222122233114333114435666435664455664555
111112133442133442533342555442655562666662
122223112243155243155443115443655463666663
111112113222333324355524365524666554666444
111112334112354422354442355422335556666666
112234122334112334112234555634556644556666
122222111233415236415336415336445556445666
123333122234122334112544155544155546666666
111112112222333422533444533644555664556666
111122113322143222443355444335466555666665
112223111243122243155443665543666543665543
111122133112443522433522433555466665446665
122223124443122443114453155553166653666653
111122314112334422334452336452666455666555
122333112333122453122455164445166445666655
111222111222133324533664553664553644556644
122233112223114233144335146655446555466665
112333122233112223144453146455646455666655
112222133224133244113554133554666554666654
111233412233411223414233444255666665665555
111222132245133245133245134445634655666665
111222113242133242133445334445655555666666
122222133322133344134445114645166655666555
112222311222314555314445314645334665366665
111111221334522334522234555334655444666666
111112331122333224335224555544556664666644
111111223331222233425533455556444456466666
112222133322133332145555144445146645666665
122222111122113334333344555554655644666664
112222312244311244331144335554355556666666
111222312224311244331444536664533666555556
111122111222334425633425663455633455666445
122222113332144432114435164435666635665555
122333112223122333114555144445664455666665
122223114523114523144523145533445536666666
111122334122344112344552344562355566356666
111122112222314452364455366445366645333655
111122311222341225344455364455366465336665
111222111232441232455533445553446533666666
111222131112333322433525445555446656446666
111111222314252334255334255334556664666644
112222111122133324333544355544655544666666
111111223331224433255443225443555646566666
111222111222134424334444355555366655336666
112222111232411432444433545333555566566666
111111223313223333224566244556444566455566
122222123332113333111444554444566666555566
111222113222113342533444553364555664566664
111111212334222344225344555364553364566666
111112113222333422334442354446555556566666
111223122223112433144443544633556666555566
112222113322133332144535145555446566446666
111112122222134255334555334655344666344666
111122133122143332544432544432566666555566
111112112222333324355324355554666654666444
112222112332411132444433544533555556666666
111122344122344122334125334555364565666665
112222133242133244133344115544555666556666
111122133322134442134452633452666455666555
111122113222133242533344536644556644555666
122222111112331442333444535644535666555666
111112112222322444334444333355666555666655
111111231444233334253364255564255664225666
122333112333112344122544126554666554666554
111111122333422333422253445555644465666665
111222311224312244313544333554666554666655
112222111223411523455553455663466663444633
123333122344122334122544165554166654166655
123333123344122354162254162654166654165554
111123111223442223542433544463556663555666
111111123334223434233444255554255666256666
111111223144233344253334255554225654666666
122222111322143333144433145446555666555666
112222111322143332144533445553466655466665
112222112223411133444335463355466655466655
122233111223411233441253444453555556666666
111111222231422233455533445633445666455666
112233112233144233114223444555646655666655
111112133342133342534442555422565426566666
112222133322133342115344155444555646566666
122222133322111333114355444556445556466666
111111122333224433225433255466554466554666
111223112233122334125334555444566464556666
111112333312344212345222345555644465666665
111122331112433332443222445666455556455666
112222113222113333415533455556444456466666
111122111332333322444322455566445566455666
112222132244135244135664135564135664335566
111112314142344442333342355222555666556666
111122311222314522344555344465366465336665
111222311442311442334422334555355565666666
111222331112334122344442354466355556556666
111122311222314225334445344465336665666555
122222123344123344133344156664156666155555
122223123333122334144444111554665555666665
111122314222314442314442335566335666555566
122233122223114453144553144553146553666666
111111123344223334225334255444265555666666
112222111332143322144335444435666655666555
122333122233145223145563145666145556144466
112222122323114333144433155444655555666666
111122331122331222435555433655444656446666
111111222221324555324445364445366665333665
111112122222123334333444534446556666555566
111111222331242333244335245555446565466666
111111222313452333452263452663455566444566
111122133222113242333344555544565644566666
112223412333412223411133455555446655466666
122223142233142553145553144653146653146666
111223111233441233452263455263445666455566
112333142333142253142255146255146655446666
123333123344123444122254111254655555666666
111111233314235444235464235564235666225566
122223124223144433115433155443165555666666
111122311224331224335524335444555646566666
112222311112333122344555344455346455666666
111111212333222343522643556643556444556664
111111122222332244354444355564335666355666
112222112223144333144433145435655555666666
122222132324133334155344155444156666155666
122333112343112243152243156644555664556664
122233122333112433152444155554155664666664
111112314222314422334425344665336655666555
111112131332433322444352466652466652465555
111112113322333324556324556224556644566644
111111233331223434222434526444566666555556
112333122333122223145555146665144655444666
111112312222312445332445344455336555666666
122222133332111332141355445556446556446666
122222122333111343561344561364566664555544
122223114223114423144553146553646553666653
111222131422133442133442334455666665665555
112222112223113333144443445553455655666666
122333112453122453162453162453166455666445
111112133142335442355422354442356662556666
111222113222113332444355446335466655466655
111222111322441322455366445366445336555366
111122113122333222443555433655444665466665
111111213333223433255444225446255466556666
111112112222334422334445366455366455366655
111222131442131422334452333455666455666655
111111122222334225344555344655344656336666
112222122332113344155344156344556364556666
111111233314223444223554223354666554666655
111222311222311452344455344455333655666666
111223415233415233415223415263455566446666
111111123333222334225534625554666544666544
112222111332413322413335455555446566446666
112222112234112334153334653544655554666664
112222311422311442331444355466356666355556
111222311112344452345452345552346656336666
111222111222133244333445344455366665666555
111111222213222433544433566443556643555666
122334122344123334122534155544155566166666
111112334412344412354662354622355662355566
111112311222333422355442335544655544666666
122222133322133455134455136445116645666645
122333122333122243115444115554665654666654
122223122333123343144444154566155566155666
111112112222333442533442534446535666555666
112222133442133442113542163544663555666655
122222111232144433143335144435655555666666
112222111122314452344455346665346665333655
111122313112333442354442356642555642556666
111122113222133242333445364445666645665555
111233122233112333122455644445664455666655
111112132222133332435552434455444655666666
112222112342153342153444153346556346556666
111111122334552344552344552344522336666666
112222111322113342333544663554666544665554
111111123333224443244543245553255666256666
111112122222133424333444533554555564666666
123344122334152334152234156264156664155566
111112333112433332455522445522455666446666
122222111223141133443335644535644555666665
112333112233111233445222445556445666455666
122222134452134452134555134456133356166666
111122113332143332444532664522644555666655
111123141223142223444253644653666653655553
111222331112333312444322455555455666446666
111112133222133242533642535644555664566644
111222311242331142533342553444556646556666
111112344412344412333422356662356562555566
111222311112333322344425345555446665466665
111122312224314224314444355555335566366666
111222311122314442333342355444555566566666
111222122223113333144335445555444655666666
111111123333222334252234556444556464556666
112222311122333124335144365444665554666655
111122341122344152344452333452366555666665
112222111122341525344555334445333465666666
122222122333144355144355146355146365146666
111112122222123444333454363454663555666655
112223111123144223444233554433555556666666
123333122233111223141255444555464565466666
122222112233113333114355444455464655666665
122222111233114233144443445533666555666655
111223112243122243144443555643556633556666
122222112234133334153444153646155646555666
112222122324115334115534655334665534666644
111111233441223544233544223554263555666666
122223112333122343144443154666154566555566
111122111322333322344552344455445556666666
112222311442351142355142335544366554366666
111111222221233324333344566644565664555564
112222122233133333114455144665446655466655
111111123344223334255334255564225564666664
111222131142134442533342555342566346556666
111122111322444325443325433625436665666555
111222331112433312443322455555456566446666
111222122223111453444453644553666533666553
122222123342133344135364115664515644555666
111222311142333142355442354442356666555666
112222112233412333413355414655444655666665
111222331222311245331445633445666445666555
111222122233114235614335644335644455666655
111223112233122333142553444555446665466665
111111122334222344233344255364555664556666
123333122223122433114455144445165555666666
111222113232113332433552445556445656446666
111111122333222333242453444455465555666666
111222131222133424133444335464555666555666
112222111233411223445333445663445666555566
111233111233122223444523445553455566466666
122222111112133332333444566644566664555554
111122131222133322433555434665444665466655
111222311124315224355244335554365644366666
111122112223142233443333455556455566446666
111112333122443122433522435566445566455666
111111213333223334222444525644555664556666
122223122233111133445133445555445566466666
112223122223143333143555144566145556446666
111233111233415233455236455266455226444666
111122113324133524333524555524665624666644
111222131112333322344442345646545666555566
111111213333224443244453266453226555666655
111222111132333332443552445562455666445666
111222112223114523444533455553465663466663
111222111222331244333344553446555466556666
111112311222322244355446355466335466355466
111222133242133342133442155444665555666665
111111223331222333422355444445465555666666
122222111122134155334555344456346456336666
111112333412334412344422345562555662556666
111222111123444223444523646533666533665555
111222112223411233445533444553465553666666
122222112233144333114443155543556546566666
112233122223111423514443554463554663556666
111222331142311442333442534452555556666666
111223122233142333142453144455646665666555
111111212233222433442433544463555666555666
111222131112333222333444555446555446566666
111223411123441523466523466523466523465553
111112133222133452333452444452466655666655
111222122223113333144533445555444665666665
122233124223114233514433511466555446556666
111222112233114223554443554663554463566663
111111222231422333423355444355464555666666
112223112223144423145533145636445636555666
111222133232133332114552444555644455666666
111222311122314552334452344555346566346666
112222111112333422333444354464555666555666
111233112233144233144235442255466555666665
112233112223142523145553144553444563666666
123333124333124555124465124465122465166665
112333112333122243152244155544556564666664
122222123323111333114344554446555466556666
111222133332113442153342555442556446566666
122222133322134444133344115646515666555566
111111122223442233444235664335664535666555
122223121123111323444333455556445556466666
122223112333122334111344555644556644556666
123333123334122444112244115254665555666665
111122311122333224333424554444556666555666
111111222213222333444443545543555663566666
111123122123142223444453644553665553666653
111222331112333122344442344555646555666665
122222111232441335441335641335644555666665
122223122443152543155543155443116643666663
122222123425133445134445134555136566136666
112233122223111123444433456443556666555566
111122132222134442134544334555336655666665
111122331442331422331442535462555466556666
111112312122332224354444355544356556366666
111222311224312244315554336554336654666654
122333112223122433144435146445166555666655
111223144223114223154623554633554663554666
111122333122341152345552344562345566446666
112223111123144223544233544336546666555566
122222111122134444133546333546355546556666
111122113332143332444432456622456666555556
111111213333223334255554255444265464266666
111233441223411233412253442553645555666666
112233144233142223145523145553144655666666
112222122342113344113345663445663545666555
111222311122333122333444566664566644555554
112223112223111233443335445555445566466666
122222121123111443555443554433554336666666
111222132222133445134445133445663555666665
111222111222133442553446553466533446553666
122223123333124353124455166455166445166645
111122111222333242355446355466354446355666
111222131112333422344442345455355556666666
112222133442113342153442153346555546566666
111222122223114433144443555433565563566666
122223114233154223154333154466155446556666
112222113222413555413335416335446655446666
111233111233414223444223445523555556666666
111122113422133422335424365444365555666665
111112112222333224355554335444355464666666
122222132442134444133554136655133665166655
111223111233122223444443554543655553666666
112333122233122233111444555444655554666666
112222133332114322114335444555644555666666
111122333112334122344562345562445566455666
111222131224135224135554335654335644666664
112333112233122233112455664445666455664455
112233122334122234115334155444555646566666
111122133122333122344525345555446665446666
112333112443122243115243555243565544666666
111122113332413352443552463522466555446666
122223112333122443111433444455666655666555
112222112232114335144335444635646635666555
111233142233142233142553142555446665466665
111222113224513324513324533444556664556666
111122312222314425314455334455364655366666
112222311222341114344444333555636555666665
122222123332113433111435664445664455666555
112233112223111243556243566443556643556644
111112333142333142535442555542665442666662
111111223144223344522334562334566664555566
112334112234112334122534625534666554666554
111122111222344242344445333555365556366666
111122311122344222345556345556344566334666
122233112234122334153344154446155566556666
122223112443122433144433155463156666555566
111222311224312244314444335666355566355566
111112344122344122344452336652366555366655
122222111112334152334555344445346665366665
122223122433124435144335144535166555166666
111112331122332224352554355554366644666644
112222112333122343155343154444554666556666
111222131242131442333342355544555664566666
122334122334112234155234155534165544666666
111111213444233444223554233355266555266666
111111123334223534622534622534665554666544
112222312122311144344445366455366655336655
111112133412533442533342556442556462566662
111111123333222233422553444555446655466666
111112314142344442356422356622355666335556
112222311112333312444332454556455556466666
111112331122333442353542555542656642666644
122222122133111143555443554463544663566663
112223122233111233144533446555466565446665
122233112223412553411533415536455666444666
111111223133233334224444525464525666555666
111111122223223333425553444553466556446666
123333122233124223114444115446555556566666
111112131322333332455552445452644452666666
122222123244133334111334156664555644555666
111111122222322444335664335644335664555566
112233112233112223414533444555445565666666
111122122223112333444335464435666455666555
111112133122333442344452346452666552666555
122233124223144253144553144533116555666666
111122131322133322445332455556446556446666
111122333112333412355442554442566642556666
111112331122433222435552433555444456666666
111112112222344225344455345556345666333666
111112333112332222433552455566455666444466
112222133224133424133444113455655555666666
111111222221233455234445334455334665666665
122222111112314442344445336655336555366665
111111213344233334235554225654255664266664
122222133342134442134566134556134566155566
122233111233141223441253644453664555666655
111122131442331422334442335452655555666666
111112331222341242344442354566355556356666
111111222221223444333354633554666544666555
112233112234112234512334566634566664555544
112222112332112344133334566644566664555554
122222122334113334113344516664555664555664
111122113124333224333224555444556664556666
111222111232133332443532455556445656446666
122222122344113334133344115544555666556666
111222312222314444314455314555366565336666
112233142233142333142555142556145566446666
112222112322415336415336415536455536444666
111111222314222334256344556344556334556666
111223111123422223444533444553666653666555
112223112333122233114535444555664445666665
122333124333124443122455124455116555666666
111222112233122334156634555634566634556444
112222312422314444311154355554335656366666
111233112243122443152433552436554466556666
111233111223414233444223455253465555666666
112233122334123334124444125466155566555666
111122131132433332443222544466545566555666
122222123233113333411556415566455566444466
112223122223113333144453146555446665466655
122333122333112234111244555444555646566666
122222123344123334133444115564515666555666
111111222231223333244353444455466655666655
122222113342113342133444135446555666555666
111112112222322444334444335556355666355666
122222122333133343154444155546156546156666
111111233331244433224453264455266655266655
111111122333442333452236452266455566445566
112233111233145223145223445553445656466666
111111221333223343255443255644256664556664
122222122333113334511364551664555644566644
112333112223145523145223145563445666445666
112222111232114233444433445553666653666555
122233112333122453162453166455166445664455
112222311422331442331445331445666555666655
123333122333122245112445616445616455666455
112233111233141233444223544426556666555566
122222132244135544133554113354613554666666
111222113322114322444355463355463555466666
111223111223412223445533445636445636555666
111122133112443222443332453666455666455556
112334122344112344122334152354555556666666
111112112222322445333455344445336655666665
122222122333113334113544155544556644566666
111112133222133224333244555444555546666666
122223122233111333144553145566445566445666
111123411223412253442553462553466653466653
122222111223413333415533415555444465666666
111122112223144223444533465553465553666663
111122111222344422355446335546335646355666
122222111223114443155433555463554463666663
112233112223412523411533445553466556446666
122222123444123444133554133655163665166655
112222112322111333444333445555455665466666
112333112343122343152244152444655555666666
111222111233122243555443555443566643666643
111122133124133324332224555644556664556664
111122341222341552341552344455334656366666
122222133224133344135554135554166544166666
111223122223111243555443544433555463666666
111111122222324445324445333455363665666655
111222132222133333113445666455664445664555
111122113322133422333424566444556664555566
111122112223142233444553466533466553466655
111122112222133233453336455556444556446666
111222133332111322443352444555644655666665
111222111322413322444355443355643665666655
