122344123334123354123554122544115556666666
122223111233112233144443555643556644556666
111111233144233444233454235555255666226666
111111222133222234533334566644555664556644
111223111233145233445223445623455666455666
111122133222133442133342555544565544666666
112222311142314142344442355555333565666666
111222111232413232443335444535646555666665
111222131222331142333444355466555446556666
112333112334112344512344522246556646555666
122223112233114233114453444453555556666666
122222111122314455314665334655344655334666
122223124433122443114443511563555563566666
112222113324113224513334566634566664555544
111222311224311224333354366554666554665544
112333112233122334152664152644555644556664
111122311132333332445552455622455666444666
122222121342111344551334553334566644556666
111223141123144423442223545553555663666663
111222112222113444533464533466533466555566
111122314112334222334255344555364465666665
111111122333422353423356425556425656444666
111222112232113332444335644435646555666655
111122112222133332445333455556445656446666
112222312244312554311154336654336654666554
122223123223143333144444114555616665666555
112333122223122433156443156444156664555566
111112122222134442335444355554336556366666
122223123223113333145566145566144566444556
111111122233224333244355246355446555466666
111222311112345552345552345462344466336666
112233122223124333144443145466155566555666
111111122333222433224453644453646655666555
112233112333412233411255444265446665666555
123333124433124435124555124565124566126666
112222112234112534155534553334563664666644
112333112333122223124555144566445556446666
122233121233111243516243556643556644556644
111111233314233444234445235555222655666666
112333112223114423144523445523455666556666
111122133222113322433355445555444456666666
112222113332113342153342655544666544666554
111112341142344442334522633522663555666655
111222112232112433544443546643556633555666
111111223144233345236445236645236645266555
111111213444223434253334256634255666255566
112222133332134422133445114445665555666665
111222122232113333414553444653644655666655
111112133122433332435522445552446655466666
122233112233142233145553144555146665446666
111112331122345552345552344452364462366666
111233111233412223442233444555646555666665
111122111222332244533344555364556364566664
112222311122331124533444553364566664555664
111122122222113333443533444555466555466666
122222133232113333415555416655414665444666
122222111122311444355446335546355546336666
111112313412333442534422536442566662555566
112222111222113444333334553544655554666666
111222311112344422333442335544665555666665
111111213333224533244553244455264665266665
112333122343123344122544112544555556666666
111111123333423533422556422566425556444666
111112334412334412356442356462356662555562
122222123324113334156634156634155664555644
111222131224131224333334556664555644556664
111122113224313324333224555554565644666664
112222111232441233441333444355655555666666
122222123332111133145533444555464465666665
111111222213242253444553644453665553666633
122222111123141423444433554663556663555663
111111233331234433255444225554225654666666
112222112232144533144553145553446563666663
112222111112334452333452334455664455666665
111222112223112333444343554443655555666666
111122133224113324333524555524666554666644
112222311422314425314555314565344566336666
111111222221234444233454333554663555666665
122223112233111243515443555543666543666644
112222113224133324113334555444556664556666
111122113322133324533624556624566664555444
111222122233144233154433155443555646566666
111222112222134444134445333555335565666666
111111221334233334225344255554266654666654
112333112323122223114453444556455566456666
111111222133222333425663455563444566445566
111122113222133324555324565334665544666644
123345123345123345126345126445126455126666
111122331224331244331244535246555546566666
122222111132113332445336445636455666445556
111112133332143222443325446625466555466655
122222111122113334556334566334556664556444
111122122222133334133344555554566544666664
111223112223412553412653446653446653466553
122233124223144423115433115443665555666665
111111123333222243224443544663554666555566
112223111123444123454223455533456553666666
122233124233124433124553144455116555666666
122222121233111334513344555344556664566664
122333112243122443152433155446156646555666
122333122233122433154446155466155446155666
111112333142333142355442555422655442666666
112223111123415523455523455623444663466663
112344152344152344152346152366152366552366
122333112343122443122443155644156666555566
111111122344222344522344533346535666555666
111222311422311425344425334465366665366555
112233412233411233411253444255664655666655
122222121324111334551344533344555564666666
112333112223142423144423144553655555666666
112222111223441233441333445535645555666666
122223124223114433111443554463556663555666
111122331122433122443332456666455666445555
111111213333223433244444255554265556266666
111222111123455223455523445533466633446666
111112331142533442533422536442566642555666
111112133312333222344225444655446665666555
111111222221324425344445333455363665666655
112222111322133332134355444445664655666655
122222123332111333144536144566445566455566
111122112222134255334655344655334656344666
112222133232133332111444544446555566556666
111111213333223455233455244445264665266665
111112131222334222344555364555364445366666
111111122333222233442553455553466656444666
111222112222314445314445336455336665366655
111122122222134445134545334555334566366666
122223112233112334511334555544565644666664
111112133422133422334422534666544666555556
122222112333412333411153444555446565666665
111111223331223334225364255664556644556644
111111221333244453244553244653266653266655
122222132233133334155664155664156644155644
111111222331244433224333244555645565666665
111112133322133332455522446552446655446666
111112312222313244333244355644556664555666
111112313142333442335442555542566642566662
111122111223445223445233455553456633466666
111223141223142233142335446365466665465555
112333112344122334112234552644555664556666
111112344112344222334425336425636655666555
111222311242311242333544335544555564666666
112222311122331124533334555444566464556666
123334123344125334125554125654125664126666
111123122223123333123455444445646655666655
112222112223144333144355146335446655666655
122223142423144423114453116653666553665553
111122131422134422334452334555364655666665
111111122222223444553334553644533646556666
111111122222324425334455334455334665666665
122223122333121333111444555544565644566666
112222113232133332134444154446556666555566
122222122333143333144455144555146655166666
111112132122332224355544356644356664355664
111122133224113224553244553344553646566666
122223122323113333144455114555444655666666
111122311142334442355642355642356642355666
122223122233111113445333445666455556445666
122333122333112435112455162445664445666655
111222131422131422333444553464553666555666
122233142333142253144253164455164665166655
111123141223144233444223554523555563666666
111222113332133322144325445555466655446666
123333122233112223144455166445164455666655
112222112322143333144435144535645555666666
111233122233144223145233145556445666455666
111222122232133333134555144555444456666666
111222111223414223444333445536555636556666
112233111233112233442253644455644555666665
111111122333222343252343655544656554666644
112334112234122334122534155534655544666666
122222123344123554163354166354166354166554
112233112223112423515443555543656643666644
111222112233122334133344555444555466566666
112222111223141323444333455355465556466666
122222111112133332334555634545664445666645
112333142333142223144526144526145566555666
122222133232113333114555144445644655666665
111112113322333332444422455526445666555666
111112112222333332344352444655466655466655
111122111222332244335544355544355664366666
111123111423544423554223554263554263666663
111111223313243333244444254556255566256666
112223142523144523145523144533145536666666
122333142233145223145253145555146666144666
112222111222314455316445336455336445366665
111111223331233444233554222564555564666664
111111213334233444253466253466255466225556
112222113322133424153444153664553664555666
111111213333223433255444255444225556666666
111112113342533442553442553422563426566666
122233122233121433111435644445664555666655
111122112222133323445333445555445566466666
122222113332114432114335644435646655666555
122333122233122443144443111456555556566666
111111223331222334252334555544556664666644
111112133442134422334442355552366652666655
122222111332144332144435146435666535666555
111222111322413352433352435555444456666666
122233122223113333411155466655464665444655
111111122222344425334425334555364556366666
112222311112334412344452334555634665666655
122222123332113333144566145566145566444556
111122331112344222344452346655346655366655
123333122333112224115524155444655564666664
111112313222313452333452664452664455666455
111111231333233344222445262445666545666555
111111213334233344225344255546256646255666
111111233331233344244445224555266665266655
112222122324113344511334555534566634566664
112222133332133422113444155554555664666664
112222311222314444311444335555336665666655
111111123333224335244355224445266455666665
111222113222113442333345636445666445665555
122233124433122433125443115446515666555666
122233112243155243165243165543165543666644
111111122333422353422356425356445556446666
112333122233111234152234555444565644566666
111222131112433322433352455556456656444666
111111222213245533244533245553644453666666
111233122243122443125543155443556463566666
122222123332113444133444135455165555666666
112222112324111324555334555534666334666644
111111122233422333425663425663455566444556
122223122333124333144444145556155666155666
112222311112344412344442335556355656356666
112223111233122234153334555544566444566666
112233111223142223144443544663556663555566
122222111223144433154443155543556533666666
111111222313422333442233445555446655666665
112223122233111233451663455563445566444566
111222111322133332443532444555664455666665
112333122333112234511224555544565444666666
122222111322144333114443554433555566566666
112233112333122334124444125466555466555666
112222113422133425134445134555334665666665
122222111232141335441335446635446635666555
122222111233411233441563455563445663455666
122222111123114323444333455553446555666666
122222123323111333441153455555444456666666
112222112232145533145533145536445636446666
112222311112314422344456345556345656335666
111222131132133332435522445556445566446666
112223144223114423514423514663555663556663
122222123333124443114453144553166555666665
122222133322134444134555134456135556166666
111222111223412233443335443555466655466665
122233111223111223444443455643556663555666
111122122222134444133354333554555564666666
111223112223114423544623554633544663555666
111222122232114433155443555443556433666666
122222122333111333441153444555466555466666
111111213344223354223354623554626554666654
111222111122344452344452345555333656366666
111233122223111243555243566443556643566644
111122131222133322334555344555446656446666
122233123234123334125444115446155666555666
111123112123442223452533455563455663446666
111111233331224433224535264555264445666665
122223111123451223451533455553444663466666
112222112223411333414533444553466555666665
111122113122333222443335466555466655444665
111222311124355124335524366524365544366664
111122113222133322433355444455446665666655
111122333112344412344522344552365555666666
111111233331234444233445225455265556266666
112233412223411523415523415663455563446666
122222113442133342134444133566155556556666
111222122234152334155534155334656344666664
112334112234112334122534625534666554666554
111122113322413552443552433352446556466666
111122134422134425134225334455633555666666
122223122233111133144453445553446655666665
111111222221332244355554366654336554366644
111222111132443332433532445552455566466666
111112131222333322344352446655446555466665
111222331222331244331145366445664455666555
122222111322141333144443554663554663555666
111233144233144233144223145266555266555666
123333124443124533124555124455122656166666
111122131442133422333425344425666665665555
111112333312344312344442556422556626555666
111222312222311144355554333544663554666664
112222113332114322154333554446554666554666
122222113223133333144444155544156555666666
122223121223111433516443556443556443556666
111222131122133422334455634455636445666655
111122131322133324335524555524656444666664
112223122333124443124433144555166665666555
112233122233145223145533144555144456666666
111112112222333332453532455556444656446666
122222113224113334133344156644555664555666
111122333122331122344526345566444566455566
112222112332412355411335444435646635666655
112233112233142223144443154463555566556666
122222112342133345136345166345164445666555
111222122233124443154333154443555566566666
111222132224133234113334556664555644556664
111112131442334442344552355552336652666662
111111233331244435244335246555246665226665
111223122233111223444433455443555556666666
112223122223144443115433515443555663566666
122223122333124335164435166445116445666555
111112331212344222334425636455636445666555
122222111112334412344444335555365556366666
122222123342133344133444155554115655666666
111122113322413332433522445556455566446666
111223111123444223445223465553466653666553
112222312442311442315466315446355566335566
111111222221233333244334564444566666555556
112222311122311452334455633445663445666655
122222121332111334515534555334665644666644
122222111223113333413563445566455566444566
112222122332144333114553144553446655666665
111111123344223334522234525634555664566664
111111213344233544233554235544266556226666
122222133332113332114445614455666445666555
111233441223441223451623451623455663555666
111122331122334122334425344445665555666665
112233412223411233411253445553446655666665
112222111222134455134455333445363465666665
122222111112133452334455344655346655346666
111222122223144333144435164335664555666655
122222122334153344153334155664155664156664
111233112233122333122445644445645555666665
111111213333224333244555224455624455666666
111122312222314255314455366445336445366665
111222111123455223455523455633446663446663
123334122344123344122344152666156656155556
112233145233145223145523145523145666446666
111222112222113344333544335544555646566666
111222111132444332544332554432556636556666
111111213334233354223554622554662554666644
111222131124133324533224536644555644556666
111123112223122233445553455663445663445666
112333142233144223144223154666154566555566
122223111233411233451233455566445566445666
111112113222333222334444355464556664555666
122222111122113444333554355554366654366664
111111122222333224533444553364566664555664
111111233314223344223345224445655555666666
111122133112433222433325466665446665445555
111112112222322445334445366645336645366555
111222111132333332444352454552455566466666
111122111222344255344255344655346665333666
111222111122344225334655344665344655336665
111112113222443225443325444335666355666655
111112113222333442354422355444365555666666
112223142233144223154433154463155566556666
111122113324155324555324653324656324666644
111222111222331244533664533664553664555644
112222112232111334555344565334565634666644
112333112233112233412555442565444565466666
111222131122331224335544635544636554666654
111112133222133422533442553644556644556666
112222113232113332143566443556445556445666
122222112123411133444333455553455656466666
112222113332413332415362415566445556445666
111122312224311224333554355544355644666666
122222123324111334511344555334665554666664
111222122223144533114533644533644555666665
112222112323142333144435146635446555666655
111111222133242223444453466653465653665553
112234122234123234113334155544555546666666
111123112223142233445233455663445566455666
111112311222322244333554355544356544666666
111111233314222334255334255554266544666664
112222111122134425333445344455365556366666
111112131422334422344425346625336555666655
111111222331233334235444225664555644556666
111223122223124443155543156443556433566666
122222111233111233445533444553464655666665
111122333112344412334552364452666452666555
111112132222133242534444533446535666555666
122223112333122443155443155543155644666666
111111222133222334253334554444555466566666
112334122344112344122334125364555666555666
111122314122344122344552334555334556666666
122223122243111443151433556433556446556666
111122333112443512443522463525463555466666
111222112222133334133344554444555566566666
122222111322113333415533455555444446666666
123333123334122444112244512664515566555666
112333122334122344122345114445655555666666
111122132222132455134465334465344665366655
111112113332444432445532455332655522666666
112233122223124433114443155443556666555666
122222113332133332114455144555444655666666
111122331124331224533224553644566664555664
111111221333223343253444255544256646556666
122233112234112234511334555344565644566666
111111222331222234556334566344556344556664
111122133332133322144422544466545566555666
111112333112443552443552643352644652666652
123333124433124453124455124655126665126665
111111122223422233455553456553446633446666
111223112223122333144433445556455556466666
111111122222223444533334556344556364556666
112222112342111342555344533346553446566666
111112133332132222334442554544555546666666
111222111222134442334444335555336655666665
111222113222133324155334555344554446666666
111222311442311422344442355556335556366666
111122311222312244355554335644355664366664
111222111132444432453432453332655555666666
111233111223414253444253646253646253666555
111223111233142233444223455663455666455566
111111123333223433225444255554266554666664
122344123344122344122345113355166665666555
111112133332133422534462544462545662555666
112222312422311444331554331544355556666666
111222111223144423445523445663555663566633
111222131442131442533342555342566346556666
111222133222133324155334155644556664566644
112233111223112233445233455556445656446666
111112113322443332453322455552445566466666
111112132222132324533344563664566664555544
122233112233112334152344155554666554666644
122222112323144333114335144555446565666665
112333112233411223415263445266445666455556
111112133122433332443222445555455566466666
112333122333122234125554115444555664666664
111111222221233244333445334445666665665555
122222122344113334153334155554166554666664
122222132244133334155334155544155664166666
111111233313244333224444522264556666555566
112222133322144325143335144455146655666665
122233111233112233412536444556455566445666
111112133122433225433255463255466655444666
111111123444223334233354222554655554666666
112222112223411333441553455563455663446666
111223411223411233442233445553455666556666
111122131222133342533342555644565644566664
111122133112433222433255435555445666446666
111111212333222333224535444555664445666665
111122113332413222433325444655446655666655
122222134242134445133345163345165555166666
112223412553412553412553412653416633446666
112223412333412223415553416653416655446665
111112344122334122344452334652366655666555
112223111423114423544623544623555663556663
111111222331442233455223445533455666456666
122223142223144433111443155543556663556666
111112133122453332455332445552446652466666
112333112233122443152243155644555664566664
112333112333112344152664552644522664555664
122222112233111134555334553344556444666666
111222111223451233455233445536445536466666
122222112324133334155534115534666554666644
111233111233421233422253444655466665466555
122233122223111133444133445555644565666665
111222122233111233444443546433566666555556
111122331112334442333442554462556662555666
111222111222314442344555344665336665336655
111111222133222443255433556433556444566666
111111221333222343223344555644555644566666
122333122344123354122354115554155644666666
111112134412333422334422344552666655666555
111222112222314445314645336645366645336555
112233112333122234155234155544554446666666
111223112233412333412553442556445556466666
112223122223144533144533144553146655666665
111222122232113334133534666554666544655544
112222111222331145334445364645366645366555
112222133332113432114432554444555556666666
111222113242113242333344555364555564666664
111123412223412523415523455333445566466666
111122122222113333444443545663545663555666
111122331222331122333444444455555556666666
122222122333133344155344115554616654666654
111112133322134322334422554444655555666666
122222111123114423444553445533666553666653
111112331122322224335444355454365554666666
122222111132133132443335446655444655666655
123333122334112234112554612554665554666644
111112132222133332443352644455644655666655
112222112323114323514333554666554466554466
122222111122133144333444355546355646556666
111233112223142523145523444533446555666666
111123112223412233455233445563445666455666
111112311222333222334445364555664445666655
122222122344111334155344156344556336556666
112333112443112433512443552244552666556666
122222122344111334115334555334565564666664
122222121233111334133344554446555466556666
111111213345233445234445233465226665266655
122222133332113342511344551444555664566666
112222311222311444315554335544335546666666
111111213334253344253364255664225644255666
122222132233133334115554616554616554666444
111111222221332244344444355555355666336666
122333122333112223114444155554556564666664
122233123333122243114444144555165555666666
111122112222134425333445336445366455666655
112222112324113324155344556334556634566664
122333122333112344122544155554166654666654
111111222213222333445366445336455566445566
111111221333222233425335445555466656444666
111112133122333322435552444552445566466666
123333122333112245112245144445646655666655
111112113332433532455532444522464552666666
111112133312334422344442345552555562666666
111222131422131442335462355466335466555466
111222111322441332433352443555455566466666
112222133322144352114355144355644365666665
111112122222133442334445364465366665365555
111112134412333422333422544462555666555666
111223111223441223445233445633545666555666
122222111332131342133344556644556664555664
122222133242133445133345164445166665166555
111222113332113322445332455555446656446666
111122341152344152344652344652366652336655
111122333122341125344225344455366455666665
122333122233142253145553145556144666144666
111111122222334422533446533446553466555666
111122331222311242333444355554556564666664
111112313312333342444442455552655562666662
111111123344223334255334255554266564266664
122222111322113344133354663554665544666554
111111213444223334223334255544265555666666
122333112223122433154443154666154466555566
112233111223142223144533664553644455666655
111222134442135542135542135542335646366666
112222133422133425133455113455644465666665
123333124433122453162455162455162445166665
111112133442134442334452365552365652666652
111222111332441352443352443552643555666666
111112333112344442355442335542666552666652
111111122222342562344566344556344566333556
112223122233111233144433445466545666555566
111222113332411322455326445366445366455566
122233111223411233415233465555466655444666
122222111132141432444433543336556666555566
122223112223411113455563445663445633455666
112333122233112434512434512444556666555666
111122111222344425366425336445366455336655
111112314122334422344442355552356566356666
112223112223114423144553445553646653666653
111222314422314442311442355555333556666666
122233122334112334152344155664156664555664
111111122222333442553442533344555564666666
111223112233411223444523455533445556666666
122222112332113333144356145556445666445566
111111233341223344223344526664525564555666
111112333112334222334442544462555566556666
122222133442113442133445133455166655666655
112222111232411233444443456633555636555666
123333122343125543125444125646125646155666
122222111232413333415533415555446656446666
111222311222314245314445366455366455336665
111112334412334412536442536642535662555662
111233122233122233114453664455666455664455
122223112443112243114443554663555633556666
112222111232411233453333455555444566466666
111111213333223433222444255554655564666664
111112314422314442334552334552366652666655
111222311122333142533342555444565464566666
112222111233114223544443554433555563666666
112223111123142223444553465553465533466666
111111223313222333244435244555446665666655
111222111122333324533424553444555646566666
112333112223122333124444154446555566556666
122222111234511234513334566634555634566644
111222122232113334155334665354665554666444
111233122233124433122443155544556554666666
111122133112433322435225435555446566446666
111122132124132224333444355554365554666666
112223112233111223444553455553466563446666
122222112233111133444533466535466555446665
122222123324113334156334156644155644555666
122233122333122443114443514646515666555566
111222112233144223144433445336555566556666
111112314412334442335442335562555562666662
112333122233111234512234555644555664666644
111222113332413552413552443352446556466666
122222111234111234555334553344556364666664
122222121123111443444433455333655555666666
123333123344122344125644125664125666155556
111112331212432222433335445555644465666665
111222341122341225341465344465366665336555
111122111222333442344442354666356656355556
122222111122134455134555334465334465366666
122222133232143333144455146665146655146655
111122341152341452344452366452366652336655
111112113322333322455322455556444566446666
122222113442133342111345663345666445665555
111222133242113242513444553334555564666666
112222113332111332444432455636445666555566
112222112233112443144443554663566663555563
122222111122113334556334566344556344556664
111112331442331442533342555442566622556666
111222131242133442153462553466533446555666
112333112223114223144233544666544566555566
122223124223144443154543155553115633666666
111122112222312444355544333546355546366666
122223122233113333144444155466155466555666
111122314122314422333425334445666555666655
111223141123144223442253645553645653666653
111122313112333222343425644455666445666555
122223124233124333114435164455164555666665
111122111322443322445332455636455636455666
111122113142333542335542635542665542666644
112222122324113334113334555444556466556666
111122333112343312443552455552446562466666
112233411223411223441523455533446555666666
112233111233122234125534555534656444666664
122222113332113432153434155444556466556666
111111122333423335422235444255466555466666
111222111232144432544632544633566663555563
111111233314233354223554255544225446666666
122222122333111333411553465555466665444466
111112314442314442355542355522366562336666
111122333122431122433352455555456666444666
122222111332141352441355463355466355446666
111112133142334442533342555442565562666662
111112331222431562433562433562444566455566
112223122423112443115643555643565643566643
122223121223111143544443554433555663566666
111233121233122233124443555644566644555666
111111234441233344235546235546235556226666
111122112223142333442533445535466555466666
122333122343123344125544125546155646156666
111111222331422333425533425566445566445666
122223121223111333145553445553466656444666
111112311222333422353442355546554446566666
111111122333222233445236445536455556446666
111112133322134322544332554442554666556666
111111223314233334255344254446255566256666
111112122222133324333344556444566664555566
112333112234122334152234155554655644666664
111111222221322445344455333455336455666666
111222132222133444153334155354665554666664
112222111223441233441553466653466653465553
111122133112443222433552433655444655666665
112233112233142233142563144566445556455666
122222133332133342155444154466154666155566
111111233451233455234445236445236655226666
111222113442133422135442335466535466555666
111111222221232334533344535664555644566664
111123144423144423154223556233556263556666
111112311322333322443225644445664555666655
112222111223114243544443555543556333666666
111111221333222343225344555344565446566666
111222111222341452344455344655366665333665
112222111332441132445532445336455366556666
111111221344255344253334253344256666255666
111233112233142223145523444553446655666665
112222111233141223444333445553466555666665
111222131122331422334445344455365555666666
111223141123441223544423566423566663555563
112222312224311114355554335444365564366666
112223111243512243512443555543566643666643
111111213334222354233354225554665544666664
111112133312433322434222444455666655666555
112222122233113334133554155544665544666664
111222122223111433444433454563555563566666
111111122223223333423535444555445566466666
122222111122333114333344555554566664566644
122334122234123334125354115554615654666664
122333112223112333412556415566455566444466
111122112222314255344445344655336665336665
111122311122332224334444533454555556666666
122333112344152334152234152664155664556664
111222312242314244314445316655333655666655
122223122333124335114435114555444556666666
112222312444312244311554331554366555366666
111112331312333322444522444552465555666666
111111122333222433522433554444566646555666
111111213333223453224453244455246655666665
111222311122345152345552344566344566334666
111122133224135524133524335524655664666644
112222112233114233144335446355466555466665
122333112243122243144443115543655555666666
111111222221232444533344553364555364566666
111123111223445223445223455553465663466663
111222311112344422334552344555364565366666
111122334152334152344152344652346652666655
122222132244133354135554133654166654166654
111112311422333422334422354466555466555666
112222112233114243514443544633566663555566
111112133142533342555342565342566642666442
111122112223414233444233455533465555666666
112222122332133334153554155564156664666444
122223111233412253411553444653644653666655
111111222221334422344444355555333565666666
122222133324135324115344155364155564666664
111112113222333422354442354446355566556666
122333122344152334152234155444165556166666
111111213333244343244443255666255666225556
122223123333122443155443155546155446166666
111222111123445523455523446523466533466663
112222311122341125344455333445366455666665
122222111132441132455533456553446653466663
111222112222113344533664553364553664556644
122233124223144233144443155663115566555666
112233112223122433155433165444665554666654
111222131224133324133524636544666554665554
111223122223144423145443145533655553666666
111122112222133323455333455555444446666666
122222113324513424513444513364513666555666
122222111232114333154433555443556446566666
111112331212332222333455664445664455666455
112222111332441132443332543666544666555556
112222314225314425311455316445336465366665
112233412223411223411333455555466565446666
112222111222133444134445334555336555666666
112222133322134332134445114555644565666665
112233111223441123546623544623544663555566
122233124233144223144453145553116655666665
111233122223142423144443145553666653666555
111112131222333342334442555642566644555666
111222112223112443444453466553665553666533
111222311112334442533342536642556644555666
111111222221223333445336445366445666455556
112222122234133334135344115446555466556666
111123122223124423154433554443566663555666
111112113222443222433335446635466555466655
111112131222333332344422445446555666555666
122222112332111433155433556443556444566666
122222113332113432153446153446554466555666
111222112223144423154443554663555633566663
112222311142331442331542636544636545666555
111112333112433322432225445555455666446666
111122331222431152435552433355446665446666
111123141223441233544223544523555563666666
111222312224311424315444335646355666355566
111222131112433322443525433555466556446666
112222111222113334533434563444566664555566
122222123244113344133334155544156566556666
112222132332133332114555164455666455666444
111112312212344222334555344555334456666666
111112133122332224332444354446555666555666
111122133324113224533224535544555644666666
112222113242133342135344155346555446566666
122222111322113333145553444453466455666665
111122113222133242333444355544655554666666
122222112233144433111443555543655543666666
111222341112341422344442335556355666355666
111222131224133244153244553364556364556666
112223112433122433142433144456555556566666
111111233133223334255544266554226554666644
112222113222143335143335144555446665466665
111111122222223333443536443566445566455566
111122112222133342536344536344556664555664
111112344412344212344222335555336555666666
111223112243112243555243655543656643666443
123333122234112334112544152544555546666666
111222112232113332445333445556455656446666
111123141223142223444233554463566663555566
122222113244133254113354613354655554666664
111111222213244333245553244553644553666666
111223111223142223443333544466545566555666
111222111232144332443352433655466655466655
111233112233112233444223454666454566555566
112233122233124433124443114455665555666665
112223111123412223444443455533556663556666
122233122443124443125443165553165553166666
111111223314222344253344253346555546566666
111122132224133244133244335664555564556666
112222112223111333455553445553446663446666
112222111223114323544333544663544666555566
122222123332113444133454153454155556666666
111222311122331422334444355554365554666666
122223144223144423145533145336155566156666
111111233314223334253544255564225564666664
122223112233111233144335446655466665446555
122333112333122345162245166445166455664455
122222122334153334155364156364156664155644
122222113422113445133455133445663455666665
112222122333123333144444155546155646556666
122222113224133444113344155364555366556666
112334112344122344112334522364555566556666
122222111122131444333454633354666554666555
111111123333222223444523464553466655466655
122223123333122443144443114566155556556666
122222111112134442333444533466553666555566
112222311242331542311544335554366554666664
111112113342333342344442555542555622666666
111222122223144433114553664533644553666655
111122312222311244355444356664355564335666
122223112223111433541443544463555663556666
111223112233112333442235444455465555666666
112222111112333342344442355446355666555666
112222311122314442314445364665366665335555
112233111223112223444333454466555466555666
122233122223114443154443154633155666555666
111111221233422223443333445666455566455566
111222331442331422331425631455666445666555
111222131422131442335442335466535466555666
112233114223514223514243514443555563666666
111123141223145223445223465553466653466653
122223122123111133444433445636545666555566
112222111232113332443435444435665555666665
122222113332114432144333144455665555666665
112222133322113332143556145566445566444566
111111222221322455344455334455336465366666
122233122223144333144535114555164455666666
111111231334233344253664255664225664255564
111111222133222443244453446653666553665553
122233112233111223441533444555445565666666
122222123324153334155534155634165644166664
122233112233111234561234566634565664555444
111111213333222223244433444555465555666666
122222132444132334133354116654166654665555
112222134452134452134452136455136556336666
112333122233124335124555124655144656446666
122333122233114223144443156446156666555556
111111233441234444233354253556255566226666
111112113322333224353224555544566544666664
112333122243112243115243555543655444666666
111111213333233344244445226455226555666665
122222111223413333411553445563455566446666
111222112222133344153334555364556664566644
112233111223141253444253465253465553466666
122222122333114353114353144555444665666665
111122113222133442533342555344565664566664
111112341122342222344445333345666665665555
122223122333112333144445114445666555666655
111112132222133342334442534446566666555556
111112134412334222344225364555364655366665
122333122233111223114443444545665555666665
111222122223113333415363445566445566445566
111223142223144223154443155433555536666666
111123111223422233442333445555465556466666
122222113332111132445533455663455566444666
111111123333223344225364225664555644556664
111112131422333442354422354426356666555566
111111222221344422333445335445635555666666
112222112223413333411355444355446555666666
111111233331233344224445224545626555666665
111122111222333242344444345555336555666666
111111123333222433222435664455664445666555
122222123332113334113444516444556666555566
111233122233122333124444155446555466556666
111111222231232234533334566644565644555664
122222112233111443514433544436556636555666
122234112234112234155334153344555664566666
111112313312333442553422556442556442566666
111111222213244433224333444355666655666555
111111222221223333433355444455644655666665
112222311122311452344455334445366665366655
112333122333122435112445162455666445666455
111122331222311422334444535446535666555666
111111222221223334333344555554566444566666
112223111233144223144233544436556666555566
122222133322133334155564155664156644156644
122223122243144443114433511633556666555566
111112133332134522334552444452646652666655
112222311422311442314444355555333665666665
111111221334522334523344523446526646555666
111122133222133224133444553464555564566666
111122113332143322443352445552445655666666
112233411233412235412335412555445566466666
111112134222134442333442535642535666555666
112223122233111233415335445555445666446666
122222133224134444135454135556135666135666
111223411123412223452333455356445556466666
111233112234511234522234556334556644566664
112222111232141432444433455553655533666666
111222131122134422333444354466355666555566
122222111223113333144335445555466665446665
122223111223114423144443554563555563666663
111112331142334442334422534226566666555556
111233412233412233411253444255465555666666
111112112222334255344245334445633655666665
111112134122334222344552345556345666345666
111111222331233333244444256664255564555666
122222133322111344153334155564555664666644
111222331112431222433355434555444565666666
122222112342133344113354163554666544666555
111223112223411223445533445633455666455666
122222111122133133443335444445655555666666
122222112332113334516634515634555644566644
112222133224133424133444135564155666555666
111111212333222233444235445535644555666666
122333142323142223144443115466515666555566
122334123334122334122554111544666554666655
111122331112333322344442555442566646555666
111222311422311422333444335454665555666665
111222131442331142335542355542365544666666
111222122223113333414335444455664555666665
111112113332433322444325644225664555666655
111111222341222344523334555344555346666666
111111212333222343252343555644566644556664
111112132222132425334445633455663445666655
122222113322144355114335164335664445666655
111222331122311224355544356554336544666664
112222111222113333443533444555465556466666
111123411223412223442553455553446653666663
111223141223441123444223455553556653666663
111122133122133222333444555554565444666666
111122331222311442355542356544356446356666
111223112223412333412536445536455566445666
123333123455123455123455124456122446166666
112222122324111334513334555344555644666666
123333122333112444112444152246556666555566
122222112332411355411335444635464635666655
111122113222413325433525433555444665466666
112222132322133334111344555444555466566666
111112313312333322444522445552446555666666
111122314112344552364452366452366452336655
111111233144223334222334552544555546666666
111111122233222333442335455555444665466666
122223112223144333114533144555664455666665
111111221333422333442253444255664555666665
122223121423111423514443554643566633555666
112222111232411233453333455666455566444566
122222112234111334133344535446555646556666
111122113332133422334442555542655544666666
111122344112344412333422355425365555666666
111223441123441223541263544263555563566663
122223122323143333144445145455115556666666
111111212333222433522433555444566446556666
112222112324153324153344153344556664556666
112333412335412235412235411255446655466666
111111233331222344522334552644566644555666
122222133322133344135664115664155644555664
112222112322111333443353444455646665666555
122223123333122334111444156664556664555564
111112314122344222344526344566333566555566
112222111122134442335444335455365556366666
111111123333222333422555442565446665446665
111122113324313224333224555664555664566644
111112311222333222443555433655446655446666
112222112324112344515334555344553364666666
112333122233114233144225144555446665666655
111111122222333245333245663445666455664455
122223123323124333144455114555144556666666
112222312244312445314445311555333565666666
111111223313222333244435244455646555666665
122222113342111342153344555334565564666664
122222122333144335143355146555146665144666
111111122334222334223354663554666544665554
112222111232144432144435646335666335665555
111222311244311224335244355554356654366666
111222111233412253452553455533444463666666
111122314112334442344222354556355566356666
111111123333222343225443255544556644566666
111111122222324452334555334556344656346666
111111222221333245663245633445663455664455
122223122443112433154443155433156666555666
111112113332333442344452645552645552666662
112222111232411233445553444553465533666666
112233122223112443155433154463554466556666
111111222231224433244453445553655653666663
111122133322143332145322645555644445666665
122222123442133455113445113445663355666665
111112132222133224533444553644553646556666
111122133222133322144335664555664445666455
111111222213445223445523445533465563666663
111111222133223334223434555444556466556666
111122133122133324553324555624565644666644
111122113322413225443325644335664455666655
112222312244312554311554331564365564366664
122222112332143355143335144455164455666666
122333122233112243114443154646555646555666
112222112324112344153334555334566664556664
111111223331244333244553244655246655266665
122222113322111333144353446655446665466555
111112133142333442353442556442566662555662
111223111223144423444223554533655553666666
112222122333112333144553145566445666445566
122223122233111143551443544433556466556666
111233122233112223144443445453555556666666
112233122233111243514243544443555666556666
122222112233143333143555146565146665444665
111112331122333222344442345446555666555666
111112132222132442333544363554666544666555
111222331112433312443322455555466565446666
111111222221232444333554355544356564366666
111222331122331122333445644445666645665555
111122111223422233444333544663545566555666
122223122333123344153664155664115664555644
111122331222341225341445344465366665366555
122233122233112333114455144455646455666665
122223112223411533415533415553444456666666
122333112343112345612345612445662455666455
123333123443122443122544126554116655666655
112233111233451223451223456663455566444566
122222112332113333144443145556445666555666
111222113322133322143355444455466655466665
111222311122314224334444335554355655666666
111111222134522234523334555334655644666664
112334112334122344122334125544555566566666
122233124223114423144533114553664655666655
111233122223145223145553145653444653466666
122222123244133444134455133655136665166655
111111233313222333245556245556244656444666
111222111122334422355444335646355646355666
112222311224311124333344355446556646555666
122223111123141423444423555433565536566666
112233122223124433111443555443555466566666
111122333122334112344422356444556666555566
111233411233411233422253442655446665666555
122223122333124355144335114445616455666665
111112311222333242333442555444556466556666
111111222221233324555344553364553664666644
111112333112344552334552344652446652666652
111222134242134242134445135555333665666665
122222111232411133444333455536455666455666
