122222123224133344113354113354166654666654655554
111223111223141233442223455533445553446556666666
111111112222344442333422333442553646556666555566
111111222211324255324455324456334556344566336666
112222111233114223144253445553455333465566466666
122233112223112433512433516443516644556664555664
122222122332114433154443155463154463156663555666
111111211344223334222334223344555564566664555666
111222111222331142344442334445336665366655665555
112333112333122223122443115444655554665554666664
122222123322113333411153444153446555466565466665
111122113122143332443332444432545552555566666666
112223411233412223411233441533465555466665466655
111111213441223344223334255344255346255556666666
111111211334223344233564235564235664255644255666
122223124233144223114433144533114555666655666655
111222122223113323144333154636554666554446555466
122222133244133224113344113554153544655556666666
111122314442314422314422315426335566355666355566
111111223331233331224434254444255564256666555666
111111122212324222334444334545633545663555666665
111111221331223334233444235554225544555664666666
111111122313223333223443522444555554656544666666
111112131222133222453326455336445366455556444666
111112312222314252314552334456344556344556366666
122222122123111113443333444433555466555466556666
111112113312444332444332455332455222655556666666
112222311112311222333344533444544466556666555566
112222122332123334153364155364115664555644566644
111222122233111234551234563334566344556444556666
111111123445123455223455233445233465236465266666
111112331122331222344422335444535564555664566666
111111222211233444233345233445263445665555666665
112222133324133324135224135444155446155666556666
122222111112131322333333444444555554566664556666
122223112333122233114443511443555466556446556666
111111233311244333224433244455224655626665666555
111223411123451223451223455523465533466563446666
111112112212333222443325433355444555445566666666
111111212221222233444433554433566443566663555566
122223111123114423414223444433555553656553666666
122222133242113342133344115344155646555646556666
112344122334123334123354122254116654666654665555
122222123332133342133444114454611654666655665555
112222111122331132333332444555664445644655666655
122233144223142253144253114453616453616653666555
111111223131233333222443255444255644556664556666
111222113332133332114322444442445556555666556666
111122111222314222334444533334553664566664555566
111122131122132222433333453666455656445556444566
111111222211324222344445346645336645336555366655
112333112223112423112443552433554466554666554666
112223112323112333412353412555444565464565466666
111111222211332224333324355344555444655564666666
111112131122433225433225433325444455645556666666
111112111222322224333444333444355554656655666665
112222111223111223433333443556455556445566446666
111112133222143322144322445333455666456666455556
111111212133222223444243454443555553665653666663
111112313112333222332244355244556664556644556664
111222111222131324533324555334665534665544666644
111233111233121243522243524443555443565466566666
111222311112333412333422535442555444655546666666
111122111122333324333224355244554446555466566666
122222112322111333113345663445663455644455666455
111222131122131322333332455555444566446556446666
122222113222133333143443144445146665166565665555
111112133112333322343442444442555522566566556666
111111211333222433222435264435664435644555666655
123334123334122334152244155224155554166564166666
122222112232411133445153445153465553466563466663
111112133112334442333442344422555226555566566666
111122112222134224134444333445333555665565666665
112222112333112233411233444453445555646555666666
111112331312333312453222455522444555464456666666
112222112333122333124443155543155444555664666666
122222111122131142334445344445335555335566666666
111111122221223244233344335344555344566666555666
122222123332111332111433444435644465666665655555
111111222221233331234433235444555554565644666666
111122131122334142334442334442356662556566555566
111111222331242351242355442355446335466365466665
112222113332133442113342155342555544656544666666
111112311222331332433352466652466652466555444455
111122111223142233442253466553466533446553466655
111112111222322242334445334445364665366665365555
111122312112312222333444344445334555666665666555
112222111112314422344442355546335646335666355566
122222111112113422333455334455334455644556666666
111122313122333112333222444566445566445556455666
111222311222311224314444333554335544655556666666
111222112233122233114333544463545466545466555666
122233121223111233141233444553444455666555666665
111122333112343512345512345522345626445666445666
122223122233123333111113445555466665464655444665
111111112222332224355244365554365654366654336644
111111122223124523624553624533664553664453664453
123333123233122234125244155444156664155664155666
112222311112314442314542334542635545633555666666
112223122333122233111143555543545546544446666666
111222122233123233143335144555146655446655446666
111122112222113232333333444555464455666445666655
112223112333122344122344115344555364556664556666
111122111222132244332544335554335444635556666666
112222112322113332144333145553444456455556666666
122222113324111324113324533344556664566664555564
112222133322133422133455163445166455164445666655
111122131142331442344442334522365552366655666655
111112113442133342533442533542555542665642666662
122222111332441332411132444333445555665655666665
122333123333122234112244144445114555666655666655
122223122333123334123554115554115544666544666664
111222122223114233114553444453644553666553666653
111111233411234444233444253366253556255566225666
111222331112331122433332444552455556455666446666
111111122313223333243355244455226445666445666655
111222113224113324133324533624566664565664555544
122223111233112223413333414555444455646555666666
111222113222113322413333444435664555664455666655
122233144233114233144233142255144555166565666665
111111112233422223422333444335465555465655466666
122222132232133333144355144465146465146665166555
111111122213442333422253444253445553655563666666
112223112223114233144235143335445555445566666666
111111213331233344223554223554625544625564666664
122222123342133442153344153364156664155564155666
111111122222123224333444334444355555356655666666
112222111112334412344442334452336555366665666555
111112133122133222333224553444555444556664566666
111122131332133322133224556264556664556464556444
112222312224311124311544335554366654336554666654
122222111112113332333432444435466555446665666555
111222113332133222133424134444554466556666555566
112222111112331222433333445536445566455556446666
112222311222311112333333444444555544655556666666
111122314112314222334425334525634555634455666666
122222123332113432133444134454116554666555666655
112233122233112223411153455553454563444566466666
111112113122433332443332455522445552445566666666
111112341112344422345422345422355556335656366666
111122111123222223444443555433554433655536666666
122222111332413322413335416635416665466655444555
111122313122333112433222435555445556446566446666
111111123313224333244443245453245555266556266666
111112313112333332445532446522466552446652466655
111112331112334442355442356642356642355642556662
112222122342112344513334513364513664556644555666
111222112233412223413333415366455566445556445666
122333122223122333144355114445614445616555666665
111222113222413322413333415355465555466656444666
111111212133222334522334523344555554656644666664
111111112222333322333322444444455546555566566666
111222131332133322113342556642556444566664555644
122333122233112443122433144456114456555556566666
111122311122333122334422355444354446555556666666
111112333312444312443312544322554226555556666666
122223122233123334113534116544166554666554665544
111111222131422235462335462355466355446335446665
112222112322133342133344115344555564565664566664
111122111122334422334422334555344655346655666665
123333122233112443122443125466155466155466555466
111222112223144223143333143555443665644655666655
111111213341223344233444253344255666256666255556
111111122222122334552634566634566334556344556344
111122133122333112343222345566444566445566455566
122223142223144243144443115553165653165653666653
111223111123412223442243544443555553566663566663
111111223311233333224453222455644455644665666655
111122133112333122342225345555345456444456666666
122222111122131124333444335446355646355646555666
123333122333112443122444112544162545665555666665
112233111233122233122334155444655544666554666654
111111112222333322443332445532445555446565666666
111222111112333332433322455552465655466665444466
111111221133222223245553445653455653446633446666
112333122223111223114233554443555546564446566666
122222122332114333154343154443155466155466556666
111112312112332222344442345544345566355556366666
111111121333422223422233444335455555456666456666
111122111223122233423335433555466555446665444666
111112331222311242344242344445333555655556666666
111122311112332222344452334555334665444665666655
122222111222133333133443115444555564565664566664
111122313112333312343422444425466425666655665555
111111233311223444223334225534255664556644556666
122222121223111133413333455355445556444566466666
112222113322133332133442144445164555664555666665
111122111222312224344444333345366545365555666665
112222122232111333114333444553466655444655666655
111222111112332222334444354666354466354566355556
111222311112333122344425334425364445666555666655
111112131222331222433255443335444455664555666666
111222113322133222113344553344555544566644566666
111111112222332442532442533444533364566666555566
122222111132411132443332443555463355466555466666
122233112223411123441123444433455536555556666666
111112122222113342333442333444566644555666555566
122222111112113332333432534444554644566666555566
111222122223144233114433514443555543566563566666
112222122333112233111433444443456466556666555556
111111122223122333224433444433445555555656666666
122222112323112333413356413556415556445656444666
122222112322411333411333414435444555555566666666
122222123444123344123345113445613555613565666665
111222133332133322143442144442155466555556566666
111112331112344442344452334552635552636552666662
111122131122132222334555344445333455666445666665
122334122234122234155334115334115664555564666664
111122112223112223444433443335443655666665665555
111111122231224333254343254443255443555666566666
123333122333122223114244144444155555166555666666
123333123443124443122243115244115266555666555666
112222122233123333111433514444544664566666555556
111222331222331122311445334455344665446655666655
111112331442331142344442333542555552656562666662
111122111123222223444443455333456663456663555566
112223122233114235144235114335644535644555666666
123333122433122435122435124445166445165555166666
111112133112333332432222455255445555644446666666
111111112222334225344255334255364455366445366666
111122111322441325433325433325446625644655666655
111112331142333142354442354442356222556666555666
111112133312133332444532454562455562456562466662
112222311142333142553142533142553444566646556666
122222122112111133445533444533455533455666466666
111112113412553442533342533442553422655426666666
111112111332433352443352443552444522655526666666
112233112233412253412253411553445553466566446666
111223122223111123444423546663544663545663555563
112333112234112334122334152244655554655654666664
122233144223144223144423111453616653666553665555
112222133322133224135554135564135664155644666644
122222111232114233114333444553445553645556666666
122223111123441223441123444533455533555666566666
122222123424123444113454113554163555663335666665
122222112332112333111433555434554444566664556666
111222131112133442333452344452346452666555666655
111122112222112233445563445663445633445633555666
112222111223144423144423154463556663556663555633
122223111223112233144335144335444555466565666665
111111222221233331245533245553445653444656466666
112222111222113442133444335464355664335566555666
111222111222331122334444334455634555634655666665
122222111132113332133332444555444555644655666666
111111123333123433223444255466255446255546256666
122222111122113132443335443365463665466665445555
111111213144233554223354222354623354666554666654
111122111132445332445532455332455632465632466666
122222122333142553144533145553145663145666144666
111222331112431222431325433355444555465566466666
111111222213444213455233455223445533466553666666
112222111233114223414423444453555553566663566663
122233122233111223114333154444554666554466555666
122222111223145523144553144553164553664433666663
122222111322113342113344333444555554666654666655
122222133322133332113444154454155454165556666666
111111122331223334523334522244566644565644555666
111112113222413322455322445366455336455636445666
112223122453124453124453124453166453165553666663
111222331122334112344122345555345565344465666666
111222111232122233144333444353664455664555666655
112223112333122223145553145533144566445566446666
111222122233122333114333514444555664555664566664
112222122323112333411133445553466655446665446655
122222133322111332133344144445145555645556666666
111223112223122423114443544643555643555663566663
122222111122311442314444333544355556356656356666
111111122231422233425336425336455366445556445666
112222122223111143551443554433544433555663666666
112222111322111322443355443555643335644465666665
111222111122133322334325434355444665464655666655
112222113224133224113444153334555634555664566666
112223112223122443115443155643556643555643666643
111111233331233231222234552444555444566646556666
111112131312333322345552344452445552644562666666
122222132244132344133334153554155554165664166666
122222122233144443145543145543155533165663166666
112222122232133333113445143455144465646665666555
111223111233142233142333442255445555446565666666
111112311312333332455532455622445662445562446666
123333123323122223114525114555164445666445666645
112222111222113244133344335554335544555664666666
112222111232411232413333444353464455665555666665
122222134422133425134455134455134665133665166665
111112311222314242334442333542355546556646556666
112223122323123333124443114555144555644565666666
111111222221223321333344535444535444555566666666
112222112232111332144433554443554643555663566666
112233112223122233114335144435446655446555666665
122223122323112333415533411556415556444456466666
122222111233111234153234553334555444665544666666
111111211333222243222443444453666453666553665555
112222122233112433144453144553146533646555666665
112222111222113342513344533344534446566666555566
122222111122113132443335444355443365466665666555
111111122133223333222334255544666554665544666544
111122133112333122343352444452646452646555666655
111111233331223441223344223544626554666654665555
112333112323112223114233554266544446555446556666
111112334112334122334222344452346455666665665555
122222133332111132411532445533644555644465666665
122233122223112333111344155344555554656444666666
122223112233122433144433115443165544665555666665
111222112222112344313344333554355544665554666666
112233111233122223114523444553444553465556666666
112223142223144233144233114335144665666665655555
122333122334122334152354152554155544166644166666
112222122233121443111443555443555443566633566666
111112111332333322332222444445666445666455665555
122223122223111443144443114433555536556536566666
111111213445213445223345222345623345666345666655
112222132232133332144533145555144455144665666666
122222111123114123554423564433564443566633555666
122222111332113332415332415366455556454566444666
111222113322144332114322444333445555666655666655
122222113222133334134444133544155564156666555666
111112112222133242553342555344565334665634666644
111122133222113222143335443355455556444656466666
122223112233112233113334155564556564566664564444
111112112222313232333332444555455556444656466666
111222111232112232433333435566444556445566455666
122222113332133422113455133445166455664445666655
111111121233222233422553444553455533444566666666
111112311412344442334542354552355552336662666662
122222121132111132333333444566444566445566555566
111111233331234431234435244445226665266555266655
111223111223112233445236455236455336445556446666
111111222221223421333455334465334665444655666655
111122131222132224133444533334566664555644555666
112222122234123334133334111444555446566666555566
111223112223112443122543655543655543665443666643
111122331222331122344152345555346556346656444666
111112122222133224133344333544555554566664566664
112223111233141233142223444533446555466555666665
111222133322113222113333455566454566454566444566
111111222131242235446235446235466335466355466355
111223411233411223412233442553445553645655666666
122222113232133332133444111454555554665564666664
111122113442113342333442353442555542656552666666
122222111122333112343155343355446665466665444655
111222131124133224133324553324655544655564666664
111112133112433332433222455522444556465556466666
111111221331223333224453264553264455666445666455
111112113122333322433225463255466555446665444665
112222133322131332111332444444455666455556556666
123333122333112223114422155446154446555646556666
122222112322411333415553411533446553466556446666
111222122233114223114433555433555443566446566666
111122111222132232433335435355465555466666444466
122222133222134444133334155344155664156666155566
112222312122311142334145334445634555634655666665
112233122223122443111143555443555443566643566666
111222111122331224333324553344555544565644666666
112222112233111223133333444455466655446665466555
111111123344123444223455223455263455263355666666
111111233331244431224435224335624555624655666665
111112331412331422333422355426555426544466556666
122222123333123444123334115554155664155564666664
112222111233141253144253645253645553644453666663
122222122233111134151334556334556364566664556444
111122341122344122344122334456354556355556366666
111222111132313332333442444422546666545556555666
111112132222132425133425634455633455663445666645
111112133222113322444332444332454555655556666666
111112331112332222332244533446554466544666555566
122222112232411335413335411335444555664455666666
122222113222113444133334113544663544665555666655
111112131212334222344442345662345566345666355556
111112333112443122433225433225466655466665446555
112222311122311442314442344455366555336565366665
122222123233123333113444114455164455664655666655
122222111222341111344444345664335566335556355666
111122311124333124352224355244365554365564666664
111111112222322224333554355554335544366664666644
112222122333122334111344155364555364556664566644
111122131224133244132224533344555344665555666666
111122131112332222433332435555444455466655466666
111123111223441233444223455263445263555663556666
111111122213224233224443566433556443556643555666
111111112223422423444423545423555333555663666666
112223112223122443114443155543555543656643666663
111111122223122423444423454333554633555666556666
111223112243122443112243555543565443566433566666
111111211333224533244533244536244556245556266666
111222131222131224133544333554366544665554666654
111112133112333222343222344444555466555466556666
111222341112344112344522334525344555336565666666
122222111232133332113433514444555444566666555666
122222112233111243154443154443654553655533666666
111222113332411332441322444332554466555556566666
111122331112331222344242344444335566555566556666
111112112222122332444333453336455556456556446666
122223111123144123144223445333455553455656666666
111123111123222223455523446553466653446553446663
111111221133222233242533445563445663455566445666
111111122221222233333333455666445566444556445566
111122133122331122333224535444555554566664666644
112222311122311124333324534444535544555566666666
122333124433122433124443122544166555116555666665
112222112222133333134443144543144556555566566666
111111112333422235423335423665426665426655444655
111112112222122323445333445533455636455666445666
111222131122131442334422333444553466555666555666
111111123331422233444233455263455266445266555666
111111222221232421334445344545345555366665336666
111112111222333242353642353642553644555644566664
111111222331233331222433254446554466555446556666
111222112223122333144335143355445555466566446666
111111121333224553244553246553246653246653244666
111112111222222233444333444353446653666655665555
111122133122133322134322444355644445665555666665
111112113122333224332224533544555564566664566644
122222123333123444123344111354155554655564666666
122222122332133344133345114445144555166565666665
111111222113422233452253455553446563446563466663
111112112222122323443333445553455653445656466666
111122334112354122354122354426355466355446356666
122222112334122344113334113344566446556666555556
111111222331233331244433244455264555264565666665
112222122322111333114333444535644555644565666665
123333123223122233124445166645166445166445165555
112222113322113332133432144445444555655565666666
122233122333122433124435144455144655116665666655
111111212331222344225334255334665534665554666644
111112122222113324555324553344563334566664566644
111233111223122223124433444553455553456666456666
122222112232133333133444114455614445655555666666
111112314212314222334452633452636455636445666555
122233112223112433112443144433554466555666555666
111112312222312242315544333554365544366554666664
111122133332113332145532444552466552446552466666
122333122333112443112543612544612544666554666555
111111112223422323422333444536455536456666455566
112234122334122334122334111344555446555556666666
111112122222113322433355433355455556444466466666
122333112223112223111333444444455566456666555566
111111112233222233223334554344554446555546666666
111111221133222333242253645553644453666455666445
111111121233222233444233444253445553655655666666
111112113222143332443552433522435555445666466666
111122133122113322333442355542666544655554666644
122223144423144223144233154333156666156656155556
111111213333213344223344225554225544555664666666
111112133222113222333442534444536644555666555666
112223111233411223441223544443554533655556666666
111112122222112233444443444333556663566563555566
111112131442331422333442334442555552566552666666
111222111123441223544223554443554333555663666666
111122131122331222344552344555334445634665666665
122222112232411133415553416653444653446653666553
112233142223145233145263145263145663145566445566
122222111222113333113333456666455566444556444556
111233412223411123414223444423555553655563666666
122222113242133442134444134555133665136655666655
111122111223414233444233456233456236456666555556
111122311422331422331442355542354446356666555666
111111212213222333223334553444555546564446566666
111112133442133542163542663542633542655542666542
111122132222133322143335143445644455646555666665
111111122122322224355444355544335446335566366666
122222121232111133413333455535446555466656444666
122222111123111223444553644453646553646553666533
111111112223422223444233454443555663555663566663
111112112222312224334444334554334555366555666666
111222111112344442344552354452355552366666333666
111222122233112333142355143355444465466665466655
111122312222311224313554333544635554655644666664
111222111132133332444332454432554462555666556666
112222111222331112433556435566433556443556444666
112333112334122234155234152234156644556644556666
122333112233112234112334152444556464556664555666
112233412223411123411523444523544563555563666666
111111112222222324333334344444355554655655666666
111112112212332222344455344555334456334556666666
111222131242131342133342534442535644555666556666
111122314222314252314552314555344565334466366666
112223122223124443144543154543155553166653666663
111122133122133122333342544442556446556646555666
111122112222113224333344355444335646555646556666
111111222113242253442553452533455533444636666666
111111121333423333422253444255446225646665666555
111111122133422253422253445553466553466653446663
112222112322111332133334544434555444665555666666
111111112222333244335244335224355544665554666666
111122122223112233145563445563455663445633445666
122222111223141233141333544443555443665555666666
111111123333124443224533224535224555664455666666
112222111122131224334444344545335555633655666666
111111222311233333234443222444555544655556666666
111122133332144332143322144225446555646655666655
111111123333123344222334224444526466566666555555
112222122223111113444533444533455563455563666666
122222132242133444113345163445163545163555666665
111112111222333224335524355524354444355664666666
122222112223133333111343515444555554666544666664
112222133222133244113445113445633445666555666655
111122131112333322433222435555444555464665466666
111222112222113244513344553444553334553666566666
122223122123111123144433444435666435665535666555
112222122232111333144433145533445566455556466666
111122133122113222443332444535466535465555466666
111112344122334112334442335422365452665555666665
111111122331222333223334255554556444556664666644
111112311422331422333422334442555646555646556666
111122111123222223433333444453455555445656666666
111222111222131442333452334455636445636645666555
111111233311223333222443224444555544556556666666
111122122223111223444433444533455553556653666666
111112321112322222344445344445335555366556366666
111111112222332222433355433655436665466665444455
112222113332113332114332544462544466545666555566
111112122222123442133344533346535446555546566666
111122314112344412334552334652344652366652666555
111222312222311442331145633445633445666645665555
111111112223222333223334566434556444566664555564
111111223331223331223344255444255544556664566666
112233112233122233124433154466154466555466555466
112222122342111342511344555334665534665534666634
122223112333122233111133444555455565445666446666
122333122233142223144553114553144455146665666665
111111221133222333244433244553244555664565666665
122222122213111113443333444355644355645555666666
122222111112333112443332455633445666445666455556
111233121233122233142335142555446555446656446666
111222111122134222334444344566345566355666335556
111122122223112333412333444443555466555466556666
111111212123222223445333455333445666455566445666
111233112223112233412335442535444555644655666666
111112344152334152334152634452636452636452666552
111123114423114223544233542233546263546666555566
111111122213222443422433444453555553565633666666
111111211344223344225334255334225344655556666666
111122311122313442333422344442354555655565666666
122333112243112443122433112443555544666555666665
111122131142134442334442335422365525365555666666
112223111233415223415233415236455536445566446666
122222111222134444133544135544133556335556666666
112222311222331112334156344556344556345556446666
123333123234122234124234114444156666156566555556
111111112233222233445223445533445553465566466666
112222311122331122341555344555334656344656446666
111122113142313342333342554442554422555566666666
112222112223114233144433144433554553555566666666
111222311112314422334422344555345565345665366666
111222131244131224132244335445635545633555666666
111111222231423331422533442533444555646655666665
112222112233111233414235444435445335665555666666
111111122213444223542223544333544366555366556666
123333123223122223111143515444555444556646566666
111122112123122223444443455333456663455663555666
111112333112333122443352445552455552444662666666
111112122222112323455333455553445563466663444666
111233121223122243112543555543654443655443666666
112222111123112223455553456533456533446663444666
111111112222322444323445323455333455666455666665
112222112223144523114533144553446653646653666553
111233122223112223411333444453464555466665666555
111112113222413252433255443255443555463366466666
111112113122333322343322444442555544665555666666
112222112342122344111344555344555334556336666666
112222111122331142344442334445366655366655366555
111112112222122332444335443355433665446655666655
111112113122443322544322554326544366554336556666
122222112322113334113444513444533564555566566666
111111221122322224333554336654366554366544665544
111233112223144223144223144443555533556566566666
112333122234122234112334511344556664556664555664
111222331122331112333422354444555544556664566666
112222133222133442113344153444153564555566566666
112222111132411432444432544332533366555566556666
111111122334123334223344223554266544666545666555
111111221133224333244533244535244555245566666666
111222113222113242133444333444553664556666555566
122222122333123344133554135554165544165644166666
111222111123142223444233544433555463565563566666
122222111222131455131455333445363445364465666665
111222111222311242333344355444355664356664555666
112222311244311224331124533444536664535666555566
112333112223111223441223444433445566555566556666
111122333122311122345225345555344455364446666666
111111213334213344223554233544255554265664266666
122222133224134244134445133345116355166555666665
111111231414234444233344223335222555665565666665
111222131232131132433332456662455566454566444556
111112122222134422134444334554335555366665366665
111112313122333122343225643425644455644655666655
122333123334122234122534115554155444165546666666
112222111122113224333344335444355554665554666666
111111122221342422344442355446355666355566333566
111233412223411233415233415223455556455666446666
122222111222331455311455341445344455333665666666
111112133332113432444432544432556662566662555562
111111121344223334222334252334555554666554666664
111112133422113442553442533422533462555466566666
111222331122311122344442334555344555346556666666
111111222131222233244443444533455533656555666666
111233122223122233144443154643154643556666555566
111112122222133224153344555334555634566634666644
111122131112433322433552443552443552644556666666
111111122222132232333334355544655554656444666664
122222112122311144314444334545335555633556666666
122222112332112344111334555344653344655554666666
112222113223113223113333444555464455464665666655
111111222221322241344444345566345556355656333666
111111213331243335244355244355244665224655266666
122222122332133333145553145555145466144446166666
122333122233142235142335144445146545116555666666
111111213331233444233444234455266655222655666655
111122131122133342533442533442554442555566666666
111222311222331124333124355444355554665654666664
111111112222333222433325433555444665444655666665
111112321112322222334555344545334445364655666666
112222111332133332134322144444445555655556666666
111222111112344442333452634452633452663555666655
122222122234133334113344113444156664556566555566
111111213314223344233344235544266554226555666665
112222111112331222333444553344555346555446666666
112222311112333112343352345552444455646465666665
111222112222111332444333453336455556445666455666
122222121322111333141353443355444555446665666665
122222123332123344113444133554115564555564666666
122222132244135254135554133354113354616654666664
111222122222111134555334555334556334666344666644
111233112233122243122443144453445553655556666666
122222123332133332114535114555144445644655666666
112222112322133332111334555344555444556464666666
112222122233112334133344113544555564655564666664
111112112222132425332455344455333455364456666666
111111122221223344223444333544363554665555666665
111222112223112323143333445663445566455666445556
111122311112333442534462534662534662534462555566
111122131222133332134532434552444655644665666655
111222112222112344513344533334553664556664556664
111111221133233334235534255544265544265446266666
111122113124153224553324553324553324656664666644
123334123444123334125344125545126555126665126666
111122131122331422344422354446355466355666355566
111112122222123442133445336455366455366445366655
122223112333122344112334511534555544665564666664
122222123332113442113344115334655554656654666654
111112131122334222344422335446335446555566556666
111222311222331124333124355554355544656644666664
111222122222133333111344553344555644555644666666
122223124423124323144333154443155666156666155556
111122133122133222134255334445636455666445666455
111222112232111234555234655334655344656334666644
122223122333123344124334154444155666115666555566
122233122233111223111433554443554446556646556666
112222122223143333144333144455145456155556666666
112222112222111133333333444555444555644556666666
112222112232143332143533145553144555446665466666
112223111123411223444223454553455533465536666666
111222133222133332134342144444155554556566566666
111112333112334142354442355422354422555566666666
111111212213222243552443554443564643566663556633
111122113122413322433225433555443566455566446666
111222113222133224133344133544655554656554666664
111122133122133124333324555224565544565664666644
111111121222322244352444355554355564366664333666
112333112223111243551243552243566643555644666644
111111122221223324253334553334556444556446566666
111122311122331442344422344425336555366555666665
111112113312333422353442553422555442554466666666
111233112223412333412223414553444555466565666665
112222113422133442153442153344153346556666555666
111111123314222334233334225444625554665654666655
122233122333122433112453166455116455666445664455
111112122222112332444333444553544563555563666666
111122133122113322333422355446554446555446566666
111111233131223333224355224655244665446655446665
111111222211233224233344555344565364566364556664
123344123334122334125354125554125564125664166666
111222111222112233333334536664555644566644555644
112222133244133254132254133354115554665564666664
122222132232133334153364156664155664115644555644
122222133224113324513344513344511664555564566666
111222131112433122443325433325444455666665666555
122233111223141123444123455523444533655556666666
122222123233123333111143154444555554556664666664
111123412123412223415223445663455663455563456663
111111112233222223244333445535444535664555666666
111122113112443222433322443335455555445566666666
112223122333142223144553144553114553644556666666
111111211234222234526234566634566334566334555544
111111233114223554233554223554263544263564666664
112222311142314442311342333342566644556666555556
111112112222133242553442533344533644566646555666
122223122223133333114355114555164445666445666645
111112333312344312344412344452555552566662566662
111111233311232334232344222554666554655554666644
122222121122111133444333554463544463556663555666
112223122233111223114443555543665543665543666644
111112133112334442534442536442536622535662555666
111112112222132442332444333444355555366565666665
111112333122343122343125443225455555466665446666
111223111223142223144243544443555533655536666666
111111211333222223244433245553445653644655666665
122222111332415322415333415363415666445566445566
111122122222112333144433444433554663555666555666
122222121233111234153334155334555554666664666444
123444123334122344123334125554126655126665166655
122223123333122333124444114454155554166655666665
111222112222111332455533445633445663455663445666
111111231133233333244444245554225654255666256666
111111213144233445223455223445623455623365666665
112223122223142333145533144553114455644665666665
123333122233122433122444111444551546555566566666
111111123314222344222334255534666534665534666554
111111213313233333222224255554556654666454666444
122222111222331144331154355554355664356664366644
111112133122132222333452334455666455644445666655
122223124233124443124433111435166435666665655555
111122331422311442314452334452365452365555666666
122222111332133332113432144444555554655654666666
122222122333123334113444113455616445666545666555
122233122223111423114443514633554636544666555566
111122122223124333124333144355664455666455666455
111112113312333422353442355542655542666542666644
112222112232411233411333443355444555664555666666
111111212333212233222333444445466455466665665555
122222111112113322333333455666455666455556444446
122223112243122443111443144433555553666653666655
112233111233142223144223154443555543566546566666
112234511234551234511234512234562334566364566664
111233122223112443112443552543655543655443666666
112223111233111233444233445223455555446556666666
112233111223122223144443145433445536555666556666
112222112222311114333344333444564466566666555555
111111222121332224352444355564335564365564366664
111123141123142223544423544423566623565633555666
111222311122331122333425344445366455664455666655
111112344122334112334442335422365452665555666665
122222111123111223455553444533445533465663466666
111122111123422223425553444553455533446336666666
111111222133223134223334523444555544566554666666
112223112333122333112243155544554444555466666666
112222122232113333114553144553444453664655666665
111111221331233345223445223345266645664445666555
111122111122333322443322445336445556455656456666
111222111222134245134245334445366645366655336655
111111221231222234233334555334555554666664666444
122222112232113333144335114435444555646665666655
112222311222311112344445344645334655366655366655
112222113332111332413352443552444455645556666666
111112111322444332544332554332544322556666556666
111122133322111322433325444325466655466555446665
111111213331223444223334253554255554256644666666
111122113222133222133344553344554444556666556666
123333122333122223124455144445144655166665166655
111233122223122433124433144435145455665555666666
122223122233112433111433155434555444565466566666
122233122233124233144433144445115555155566666666
112223111223141123444523455523455533446536666666
111111212331222344252334552534655534666534666644
111122111123442223542323544333554436556466556666
111222111223141223444423443333455553655655666666
111111222213244213444223455553445533655633666666
122222123242133444133455133455136445116655666665
111112131222132242532344533364536664566664555544
122222123244133244133444113354113555666655666655
112222111322133322114333554366554466544466555466
122223122233144253114453164453164453166653666555
122222132442132344133344135544135556155566166666
111111122134223334523344522344526344556666555666
111222331112331142333442534442555442565566566666
122333112223111233114223554443554644555664566666
111112133332113322433522444552445552644655666666
122222112323112333111433555443545466544466556666
111222113322113442513442533342555344665554666666
122222122233111113414553444533446553646653666655
122223122223143333144433154444155555116665666665
122222122233111113414553444553455533465663466666
122222123223133333134444155444155546156556166666
111111122222123332424533444533444536555566566666
111111121344222334223334256634255634555664556664
112233112223112333122344155344655544655564666664
112333122223122233111133444455664455666455666455
111122132222132342133344135344555554556644666666
111222314422314552314452316452316455366455336666
111111112333422323452223455523455663445666445666
111112111342333342553342563442566642556442556662
111222131112331322333342444442455555456556666666
111112331122341222344442333442563646566666555555
111112111222342222344444334545355555366566336666
111111233331223331222234555244544446555646566666
111122113332133222133324555424555444554466666666
111111122123442223445233455236455336455636456666
111112311222312244322444333344536646556666555556
111111222221233221443335443335445555466655466666
122333112334122334122234144444115556555656566666
122234122334122344121344111334555534665555666666
112222112233411223451133455553445533445666466666
111112131312433332435632445622445662445562555666
111222111233112243552243655543665543666543664443
122222111122331124331444333544636554666554666555
112223122423122433111433155433555444555646666666
112223111233411223412253446553446653446653666555
111112113322133322333224555624555664556644666444
111122122222113233413333443566444556455556456666
112233122234123334125334125554116544666554666654
111111112223422553422253444453455553466633666663
112223122423112433112433514433566444566666555556
112222113332133222133455113445444455466665666655
111112333312334112334422444442555562556562566666
111111212331222233242563445563455663445663445566
111112312222314222314444333454363455666555666655
111111223114223344223444223544333555666655666655
111112131212333222343352345552445566445666445666
111112112222132445632445632455633445633345666655
111111222113244433244533245563245663245663555666
111222131222331112333342555344555444556446666666
111112133312334312334222544462554662554466555666
111111112234522234523334522334555534665664666644
111222122223114423114433544333554463556666555666
111111121233222223444523444553644553655533666666
111111222113232233233334254444554546555546666666
111111123133423335422355442355442665422665466665
122333122334123354123554122554165554166664166644
111112112122332224333324533444564446566666555556
122333122233112233111234156444556664556664555644
111122311224331124333224353524555554566444666666
111112113312333222334242534442555544566546566666
111122113322411325433325436225436555446565446666
111111212213222233442333444435465535466555666665
111123111123444423442223544233555233665555666666
111122112122132224333544355554335544366544666666
112233411233412233412223415553415655446655466666
122222123322111333113345143445644445655555666666
122222112123411123444133454533455536456636556666
111111122331222334233344255344255544556646566666
111122131222134222134455334555344665364465366665
112222133222143332143533145555144445164665666665
111111222211234444233455234455236455336665366665
111222331122344122334112334455364445666555666655
111222122222134444133334133534155554655564666666
122222133322113332133444111444555446566666555566
111122113112333222334552334552644455664445666665
122222112333112344152334153344154446555556666666
122222123323123333144453114455614445615555666666
111222112222132345133345163345663445666455664455
111112311312333332345522444552455562466562446666
123333122223122233111434155444165554665654666654
111122112223412223415533455536453336455666444666
122222122332111333144433145553146655446665466655
111111222331222231424333444435455435665555666666
122222123242133344111344115334555634566664555666
122222112233142333144443155443155543156666556666
111122311112344222334242344445336655636655666555
111111213331222333242233244445445555466655666665
111111122221333222343452344455364455366455666665
122222123232113333411153441553445555446566466666
111112313112333322344422345522446555466655466665
111111221221222233333334354444555544655564666666
122222112332112333113334156664555644566644555644
111122122222123333133334144444555564555564666666
111112113312433222432255432556433566445556446666
111111212341222344233334256334256664555664555664
111111222211223344233334235354655554655444666666
111111221314222344223354233554633654666654665554
111222132222133324111334553344555444566466556666
122333112223112223411553415563455563454666444666
112222112332112233145533145335445555644446666666
111112313212313222333244553244555444555664666666
111222111232142232144433444433566336566666555555
111222111233122243124443544643554633556636555666
111112314422311422354442355542333542636555666666
111111112223222443224453664553664533664553664553
111122133122133224133244335254665554666544666554
111122111223412233444253444253455553656653666663
122333122333112234155234115244155546554446666666
123333122223124223114533144555145556146656446666
111122311122331452334452333452644452666455666655
122223112223144423114433114443555633566666555566
112223122223111243511443554463544463566663555663
112222134442134442135452135452135556136656336666
112222122324121334111334555344655334655564666664
111111221213222233244443445543555543565633666666
122222113332111132133332444555444445666555666665
111112133112333222334442535542555442566644566666
122223122223133333143555144445114455616465666665
111111122331423335422335426635426665426665444555
111122312124312224312444334454633555636555666665
111122314422314422311425344425336555366555366666
122222111332133322114333144555444445665555666666
122222112233111233144533144533444555465565666666
112233112223412223415533411553444453645556666666
122233122233121233111334155554665554666654664444
111223412233412333412223415553415555444656666666
111222312222311442331144356664356564355564355664
111111122231222334225344555334566634556634566644
111112112222133322434332444435466435666655665555
111112311222313222333342344444555454565556666666
111111112222342522342556345566345556344446333666
111112333312443312433512455522455562456662446666
122233122334125344125334125344115646155646556666
122222133322113324513344513664516644515664555664
111233112233411235412235442235446535446555666666
111122111222133222334444533364553664555644556666
111123122123112223444233455336445366445566555666
111111221133222233422333455553445555444666466666
111111122233124223424423444433555553565653666666
111122113122143222543266543336544436554436555666
111222131112132222334444344545334555365556666666
111122311122341222344255334465344665334655666655
111111122221223224333344553344553664566644555666
112222112222113444113334533334555554655644666666
111111123133223333224443524644522644556666555566
111111122221322224355544335554335544366446366666
111122311122341222344255344455334465633665666655
111122311112332222334255334555344556444656466666
122223122233121334111344551334555544566544666666
111111223131233334254334254444255664225666555666
122222111232141132144433445463455663556663555663
112222133222134255134445134445133455136665666665
111222113222113224153334553444533446556466556666
122223112323122333111433551444556664566644555664
122233111233111233142253442553444655464655666665
111111121333223343255543265543265444265564266664
111111112222322422344444333545333545665555666666
111222122233112333412333414555444565446565666665
111111122133422223444223455333445536455666556666
111111233331233331244444224544225555266665666655
112222111222311132333334355544665554655644666644
112222122332113332133344115544555554656444666666
111223111233441223441223445523455553465563666666
111112111222334222334244334444355555356665666665
111112111322443322444332454332455532556666556666
111111223131233333222434224444555554566564566666
122222111132411132444332453333455556456566456666
122222133332131322111334514444544466555666555666
122223122233112333111133444455644555644655666665
112222112322412333411133455533445566455566446666
111122132124132224133324535344535546555446666666
111222111232141233442233445553455533455666466666
111112331112333222443322455325445555446566466666
122222111322111332133333444444445666555556556666
111111222211223224533444553664533644553664553666
112223144223144423145423145523116553666653666553
122333122233124234124334154444155556165556166666
112222122232144433154333154366154366154466555566
111122131222132244132444333344555364556666555666
111111223311223455223455233455233455664444666666
111111212133222233442335442335466555446555466666
111111112333442553442533422553442253466255666666
111111211222222233444443545443555533655663666663
112333122233112234511234515234555644655644666664
122233111223114523114523444523664553664453666655
111123141123445123445223455223456263456663556663
111112311122342222344442333344555346555556666666
111122314122314522314522334555344665344655366666
111222122222133333113343144444555554565654666666
112233111223112233412233445663445566445666455556
111222111222311422334444334445336655366665665555
111111221134255334255344225334255344265346666666
111222112222312444311454333454633455636665666555
112222111112344412354442355442335555336656366666
111111221313243333244443255543256644255666255666
111112312112322222344555334445633455634465666665
111111122223142223444323544333554436555666556666
122344112344122334122334123344115555555656666666
111222133322113332144432144432445555655565666666
112222112332412233415553415633415663445666445566
112222133232113332113442513444554446555566566666
122222132242133444113344133354115554655556666666
111223111223112223445523445553445553446663666663
111122111222313442333422335446355446555466556666
111111122333122333222233444455444555465556666666
111111222131222233244433445553446653646553666655
112222122333112234133334115554555554666444666664
111111211344222344222344255344555333655536666666
111222111233141223442233455663456663455563445566
111111221213222233243333544636544666544466555556
111112331142333142355442356422356422556446556666
111122311112333342333542555542544442546662566666
122222123333122343144443114543155546156566556666
111111221333221333222334552444555644566664556664
111111233141233444233444223554223555266655666665
111111222211223333233434235444555466556446556666
111222331112333112334422344552644455666455666655
122222111223415523411533415533455536446636446666
111222112233111223445523445533445633455666456666
111122333122311142355442335542635542655644666664
111222122223143233143335144435144555664565666665
111112333122331142333442555542655542666542666644
123444123344122334112344122355112355655556666666
122222112233112333143335144555164445664645666655
111112131312333332443222444255464255466555666665
122222111122334112334155364455366455364445366665
111222311112333312443332444522644555664555666665
112222311122311442331442355544335544355566666666
111111112333222233224233544443566444566666555556
111222122233124233114333144355444665466655666555
111222312244312224314444311554333566355566556666
123333123333122222142455144445145555146665166666
111111122221324422333442344445355555356666356666
111112131312333332344422444442555552556562666666
122222122334121334111134555334556634566664556644
111111222113222233425553444553444453666653666653
111222331422331422311442315544355664356664555666
122222111132144332114332544633554663554466555666
