112222122323123333111443155443555644565664566664
111222111123122223444333445333455666445566555666
112233112233112333412235414255444555644565666666
111111233311243335244335244555224455622456666666
111111122123442223444423455323455333556666556666
112222112232111332413335444335466665466665445555
111122113122433152443552443352443652463655666665
122222113222113344133344115334555554656544666666
122222112232411533411553441553455533466636446666
111112344112344412355442355422355552333662666666
112222311224331224311144354444355555336665666665
111122113112333222433322455355455556446666444666
111222111122133332433322435556455566444556446666
112222122332123333111133455666456656455556444446
111112133122133332443322444425466625466555666555
111111123333122333224435244555224445666645666655
111111122333122334223344522344555564556564666664
122222122332113333144443155443156446156666555566
111122311112333332344522345522446555446655466666
122234123334122234123334155564155564115564666664
111111211233222233224333444535464555664455666665
122222122233114333154333154444156446156666555566
122222133222113333113443144445145555646565666665
111111221331233334235444235444255554266655266666
112222122234133234133334115544155644555664566666
111112133122134422334222344555334445666555666665
111222314222314422311445331455333455666455666665
111111222231222231333334355444665544665554666654
111111112222344422344442345552355556356666333666
111122312222311124333524353544355554665444666666
111122112123142223444423443333545366555556566666
111111112222332332433352443652446655444655666655
112223112333122333112243155544554444555646666666
122222122333123333111344151444555444555566666666
111222133242132242133344155334155444555666566666
111111123314223334222234255534656534656554666644
111122133112133332334422444422445555666655666655
111122112123122223455533445336445636445636455666
111122333112333112433552444522455552444656666666
112222122232111334155344155344553334566664566664
111222122232132334133334115644555664566644555664
111222133322113224513324513344555546554446666666
111111223411233444223344522334525534555666566666
111222311222331112344442335446355466355466555666
111222112232143332144332154433554446555556666666
111111222113244433255443254433254633255666556666
123333123344123444123544122546122566155566155666
111112311312333322334422444422445555655665666665
122223124233114223144333145553144555164556666666
122222121223111143566143566643566643544443555533
122223111423144423114223144453555553665563666663
112233122223111223144553145553445563444563666666
122222111222133333144433144453166455666455666555
122233122223124433144433111435661445666665655555
122233124443122433122433111435166445666555666555
111112113132443332443322444352465552666652666555
111112331122331224335224355244355564556664666644
123333122223112443122543111543666544666554665554
111111121334223344223334253444255545266555666666
112333112223112223112333444455444555664655666665
111222122222133344135334115334655554655444666666
111122131122333122345552344452344455364556666666
122222112232411135413335413535443555466566446666
122222113322111332413335416635444665466655446555
112222122232111133414563444563455563456563456663
111123122223112323412333444443455555465565666666
122222111222311114333344355554354444356666556666
111122133332143322143352144452444652666655666555
122223111223144423114523144533445536555636566666
111111112222334222334244344445335555366555666666
111122133124553124553124653224653324655344666664
112222122322111333411553446553446553466553446666
112222312442312142311144333544335545665555666666
111222331222311122333144335446555446555446566666
111112112222133322333424334444556644555666555666
122223122123111123415553455653456663454633444666
111112333112343212443222443352455555465656466666
111111212213222443224433554443555433665553666666
122222123332113332111433514444555544556646566666
122223112333112233112334514444555664555564666664
122222121223111443155433155433555433665444666666
122223114423114423114423155423665433665553666655
111112112122322224333334355534656544666544666554
123333122223124433122434111444156664556666555556
112222113232133332133442144455144555646555666666
112233142223142233142335144435144555166655666665
112222311122311122334455344555344555346666346666
111112311412334442334222334252364555664655666655
111222111222131332333342555344556444566446556666
111111112333422553442253422553426653466553446666
111112113222133322333322444445466645665545666555
112222311442331142331442531462535466535466555666
112222113332111432551432555432554433544466666666
111111112222333332344342344442554552555566666666
111222111223141223444523455553465553466633466663
112222112233111234155234556634566634566334556444
111122333122343122341122344444355564556666555666
111122122222112333415363455363445366445566445566
111222131112133332445532455532455632456666444666
111111223131223333223435244445244555664555666666
111222111233141223442253445553445553465633666666
112222111322441332411332453356453556455566446666
123333122233111233441225411525445555444665666666
111111212331222333245553244453244553644655666666
111111122331222233444223554433554443555566666666
111222122232112333145553145533445553444666466666
112222111232141132444332445333455553466655666665
112222311122331112433332444435455555446655666666
111111233331234341234345244445225555225665666666
112222134222134442133445113455613455633655666665
111111222311223333233344255444254454655556666666
111222311122311324333324555324555664556664666444
122233112223114523114523414553444553664553666666
111122314125314225314255334255344255344666366666
112222133322113342113442153444553664566664555566
112222111112333122443332443355445555445566666666
111222112232132332133344135444555444555666566666
111112311122333222334422355444355554655644666666
111111122221223333223443553344566644565664555664
122222111112133332144352446355466335466655446655
111223111223112223444233445533465553465556466666
112223122223123333144435144435164555164555666666
122222112132111132433333444355446655466655466655
111222111122133442333342355342556444556646556666
112222111123414123444223453333455356455556666666
122222111112314122344455334445364665366665336555
111222122232123333111343555643556644566664556444
122223124223124433144443114533166535165555666665
112222111222133323144333145553446655444655666665
111122133322111324533324555324565524564444666666
122222112232143333144443111433554455655556666666
111111122223123333222334555344556644566644556664
122222121332111132133334555634566644555644566644
122222123322143333144435144435114655616655666655
111112133312333312345522445662455662445562445666
111222311122334152344152345552346556346656344666
122222113232133332134355144555114445644665666665
123333123233122223124444111445614465666665655555
122222111122334112334414333444355546556556566666
111111234441233341234444235555236555236665226666
111122122223111233444233454333455555466565466666
112222113222133442113344153334555564566664556664
111111122221322324333324355644355644555644566666
111112111322443325433225433225435555444566666666
112222122233142333144333144555144555164556666666
122333122443122443122443114453616653616555666555
111122113122433122443225443355466335446655666655
123333122223112223144453114453144555645565666666
111112133312133332444532466552466652466552446552
111222131224131124335224335544335644555664566666
111111222133222133243335243555445555444466666666
111122133142134442134422334452335552555666566666
111122134112134442334522344522345556335556666666
111222111222311232333334536664555644556644556644
122223121123111223144433544443555433665555666666
111122122123112223444433554333554443566666555666
112222311112344122344152334455336445366555666665
122223112333122344123334155544155554156664666664
122233111223411123441223445333465555466565466665
123333122223121223111443155543556444566446556666
122222113322111332145533144563445563455666445666
112222111112333142333342355442654444655555666666
111222131222133224135544133554336544666554666654
111111222213422213455233456663455563445563446663
111111121222222233444433544443555333565556666666
111111222211223233243333444553455556456656446666
122222111123114123444423544333545563555563666666
111111122221333222334425334455344655644655666665
111111213134233334233544255564255564225664266664
112222111122313124333324553444553664556644556666
111122112222113322333444353446354446555556566666
111122311442314422314222334445335555636665666655
112233112233112223112433554463555466544446556666
111112311122333322333222444455455555446566466666
112222122232111333143333144444445555555656666666
122222122332143333143553145555145566144666144666
112222112222311444311454333454355554356566366666
122233124443122433152443152443156663156666155556
111122122223122333114433554443654443655555666666
111111211222222233444443555443566433566663555663
122223112233114223144333114443566644565666555556
122233124243124443124553124453111553655563666666
122222111232441332411333413355444455666555666665
111111213441223344222344253344253355655556666666
112333112344122334122334122554155544556546666666
122233112223122443144443114333154666556666555556
111222112223112423155433655443665443665543666543
111123141223144223142223443333445666555566555666
111122132122132223133333445555444566455566446666
111122133112433122443325433225444655664655666655
111122113332133332134222444256444556455566556666
122222112223411553415553411533445533466636446666
111111123344122344223354233554235554265564666666
122222112234512334513334511334516644556664556664
122222122332111333144433145553145556445656466666
111111221313222333222334555344565544566444566666
111111222221232321433335443355446665446665466555
111112311222314442334542344522345556365556366666
111122132222133232113334555434555444556446666666
112222112222113344113334533344555544556564666666
111122313112333122344225346625346665446555446655
111111121334222234255234255334665534655634666644
111222113332113332413552443652466652446655446655
122222133222113444113354133354165554665654666654
122222113223113233113334516664556444556664555644
123333122223122233111143154444555446565546566666
111122111223144423444223454233556663566663555563
111122133332133322114322544462554466544666555566
111222112223111223444443445533455533665553666666
111122113222133332133442535642555644565664566644
111111222113245553244453224453624553664653666633
122222111222131134133334556634555634566644556644
111111213331233234222234255534556644556644566664
123333122333112223122444155544115444555566666666
112233112223112233112334555344555644655664666644
111112133112333322334222444425465555466555466666
111223111123412223455223445553444533664553666666
111222132244133224133524136554136544636554666655
122222111332131132133332455666455556444566444566
122223112233111233414233414453444555655565666666
111111222113223333223334526644555664566644555644
111122132112132222334555344665346665346665344455
111111223331222231223333444444545456555556666666
111222131122131322333332445555445665466665444665
111222111122133224335524335444355664355564666664
122222133322113342513344511344551664556644556666
112222112333112333112233444555464455666445666655
111112133332144432143332544462555462555562666662
122222122112111134555534553334533664536664666444
111222122233122333144533145553146555446656446666
122222113442133342133342155344165445165555666666
111233111223112233442223445553445553445566666666
111111222121322224333444344445355555365656366666
122222123322114333144355164335164445164555666665
111123122223124423144423145443555633566636555666
111122333122333122343125444125664455664455666655
111123122123122223144433444533645535646555666665
111222331222331425311425331445344455646655666665
111112112222133422334442344544335555355566666666
111222113242113242133245333445663455664455666655
111111222213223313424333424553444455655556666666
112222111233122234153334153534555554666664666444
122222132322133334133444115544165445165555666666
111222122222133334135334115534666544666544665554
111223111233441233451223455523455523444566666666
111222111322143322144332554436554636554636554666
112223122223111423151433554433554436556446566666
111112111222332242532444533444553346556366556666
111222331112341512344552344452334652364655666665
111222111332131322333324555624555664566644566444
112333112333122243122243144445166645666645655555
111112111222332242344244334445333555666655666655
111122113132413332433432444442555552566662556666
111111112222222342333344354444354666355556556666
111222133222113452113452333455344445664655666665
111222111232142233142335444335446355466655666655
111111222221232321433335433555444455466455666666
111111122313422333422333422455444455666655666655
122222111112133122443333544663544463554666555566
112222122333112243111443544443566643555663555666
111112113122333222334552344552346655446655446666
112222122233123334111334551534555544566664666644
122222111123141123444523455533445533466553666666
122223122223111333141553144453644553644555666666
112222111112134222334455334555344665364465366665
111233141223142223142253144453644553655553666666
111112113332414332444322453362455562456562556666
111123411123444123442223542533542563555563666666
111111122133222223445253445553466553446563466663
112222112232113332413535413535444555444566666666
111222111122331224355244335554365654366654366644
122223124223144233114443111443555533556666556666
111222112222133324133344135346555446554466556666
111111123334122334522334552634522664566644555664
111233121223122223113333445566455566454556444666
111112113332144322443332443552445552555662666666
111111112222222333244333444453645453655555666666
112222111322133332144532145533446555446556466666
122222112332114352144355144335143355446665666665
111112113322413332433352446652466552466552446655
122222133232113332144435144435145455165556666666
122222111222311444331145334445333645666655666555
111112121222122233444333554443554643555663566666
111222111222113332444332445533445536455556666666
112222134442134542135542135442135666135556336666
112222133222143332144533144535114555664455666666
111122113322113324533224533424555444556664566666
111112311222341422344442335442335555636565666665
111112131132433332432222432555445565466565446666
111111222113224443224433524433555453665553666666
122333122223122443111543511543555543654446666666
111111122221333222334425344445344555366565666665
111222311112333312334422344442544666566666555555
111111222211342225342655344665344665334665334655
111111223131223333422223444453455456455556666666
111111122122332224533424553444553446553366566666
122333122333122334112244154446154546155566556666
111111221133243335244435224335224555644665666665
112222113322143322144335114355444355466655666665
122223124223114243144443111433555533556666556666
111222311422311422331425344445345555366665366665
122233111233112223114423556443566643555644556664
122222122334123344113444153454153356155556666666
111233112223112223412333444443455646556666555566
111111212221222324533334536634536664566644555544
111222113322133224133424134444536646566666555555
112222311224311124315524355564356664355644336664
122233123234123334122354115554115554665444666666
111222111222311442344442333445363555663655666655
111123111223142253442553442553442553646563666663
122222111122133424133444133544633545665555666665
111122111132444432544332544332555362566362556666
111112132222133222134555634445633445634455666665
122222113332413332413532416555416665416665444655
111111221133224333224433522443544466555666555666
111111222113242223244433555433555443665543666666
111112112122332222333344353644555664555664566644
122222111123131223133333444456445556455666455666
112233122223112333112433144444445555666655666655
112222122323112333133344115444555544556564666666
111233411223441123441223455233455236456666555666
111122122222111332444433455433455563456663556666
111111211333222243222443544443555543565563666666
111122111222133332435332455352455556444466466666
111111112333222344223334225534555664555644666664
122222111112333112344442333444355564556666555666
123333123334122344112444112224156664555566555666
112222112342113342133442133445635445665555666665
111122311442311442333442335422355426555556666666
112222311122344122344155364155364445366655336665
111222112234112234133234553334555544566644566666
111111221331422233444223445263445663555663555666
122223111223111123445523444553466553466553466663
111111222221232441332444335446335546355566556666
111122111222134222334555344445336645633645666655
112222111112133422333424335444355546555646566666
122333112233112223144243144443155646555666555666
111122133112133332334222444452455555466556466666
111112333312334412354212354222554446555466566666
111223111233141233442223544233546666544566555566
122223112333112223411133445553445655444655666666
111112112222312442332444334455333455665555666666
111111122333122223223333444555446555466665446665
112222111122311224334444533346533446555666555666
112223112223112333142443144433554666554666555566
112223111123122223144443555543556443566643566663
111112131122333322344442345442345552666555666665
111122333112334122534162534462534462544666555566
111111222231233231223334566364556664556644555444
112222111132411532444532445532465533465533666666
122223144223114223114443155443155333556666556666
122222111233114233114253444453455553455663666666
111222122222111133444453465553466653465553466633
111122131222131422333442353466354446555546556666
122344123344122334122334112344115555666655666655
111122122222112334133334553354555554666444666664
111122131124133224532244532446533346556646555666
122222112132111132455533466553466653446653444653
111111112223422223444253644453645553665553666633
123333122243124243124443125443155555165665166666
111111211333233344222334524444522456555556666666
112223112233112233414233414435444555666655666655
111111122233122233444223444333455566456556556666
112222312112311122333344535344555446554466566666
111122331222331142333142354442554446555566566666
122222133442153342153442153444153366155666155666
112222122332133332111334155544555544654446666666
111112334412334112534442533462535462555562666662
111112111222332224332444335544335646555646556666
111222111122134442334422355446355646335666355566
111111233314233314234344224445266555266665266555
111111123331222233224235664335644555664455666445
112222311112333312343312444552644555664455666665
111112133312134332334422554422554442655556666666
111122112223142223143333544443545463555566566666
122222111232141233441133455333445555644565666666
111111122221223245333245344445346465336665666555
112222111232112233144533445533645553644455666666
123334123444123345123445123645122655112665666655
122222132342132344133344113554115544655556666666
122222122323133333143455144445146455116665666655
111111122344123344222334522334555534665554666666
111122131422331442331442354462354662355566555666
111111222211223333224335444335464555466655466665
112222111122311422334445344445366655366665336555
111111123313223333223455264445264445266455666655
122333112243122543122543155543155543166644666664
111122311222314552314452344552334455633456666666
111223122223114223154433154443555443565563666666
111111221313233333222243555246544446554666554666
123333122233111233412225415555415665444465466666
111223111233112233444233442235444555666655666655
111111122223123323224333444355455556444556666666
111112113332133332445352445552455622456626446666
122223112233112243411143444443566663565563555566
111111122221322444352544352544355564333566366666
111233111223411223442223444333454666555556556666
111112113442513342533342536342556642566642556642
111112311132333332444322444442555562566562556666
112223412223412123411133443335445555646665666655
122222122233111133141335444335445555466556466666
112233111233111234555234522234556434566444566666
122222122333123344133445136445166445116655666555
111112113322313222333245663245644445664545666555
112222122332112333111343444443555544565566566666
111222122232111233413335445335455555466666444666
111122111223142223546623546663544663554463555433
122222111222311144315554333544335564365564666664
111233412223412223415523411533446553466655466665
111111221221322244325544355554335664335644366666
122223124423124333124353114355114665644655666655
111111222221222331333334553444556464566664555664
111223122233112223114333544443544666545566555666
122222111112333122343155343365444665464655466655
111122113222113224553324566334556634566634556444
122222113232113332111435664435666435644445665555
122222111232144233114443144333554366566666555556
111111121223222233424533444533455553445656666666
123333122233121233111244155254555554666664666444
112222312222311111333344334444566446556666555556
111112131122333322334322544426554446554666555666
112333122223122443112433511463554466554466555666
112222113322113322113334554434555444565564666666
112222111112313322333332444456455556455566446666
111112134212134222334224354444355666335566555666
111111222133242133242243544443564633566666555556
122222133322113324133354155554155644165664666644
111111122221342222344444345554333555366665366665
122223122233121133111333444455444665646655666555
111112321112322222334444335466355446355646555666
112223122223111243514443515543555543666643666643
112222113332111332413322443555445566445556466666
111122311422314442314422344562355566355666335566
111111223331222331243355246365246665446655444655
111111221331222233224443555443566443556643556666
112222111222111332333334355544655554665444666664
112222111222314442314444315554335555333665666666
112222312442311442314442314556315556335666355666
111111211333224433224333244444256666256656555556
122222111223111233413333444355455556445656466666
111112133322134352144352444352644352655552666666
111122122223142243144443144553555533666553666663
122222111112133122334555334445344455364556666666
122222132445132245134445136445136655133655136666
111222122232112333415333415366455566445556444666
111112333312343112344222344442555642555666556666
111122122222113442133345334445636455636455666655
122223121223111233451333451553455556444666446666
111122122223144223114433444553455553655633666666
122222111122333142331144334444355455655556666666
111111222131244333224335244335264455664655666655
122222122342113344133344113554163544666555666655
111112133332113222443352643452644452666455666555
111122122223142523145553145553446533446336466666
112222113232113332113342563444566664556664555544
112222111222111332444333454436455536456536556666
111122133124133124335524633524666524666524655544
111222131122131322433352433555444445646665666655
111111222221232451234455334455344665346655336666
112222111232113332413332455366445666445566445556
122233111223112233411235466335446555446565446665
111111122123422223424533444533644533655555666666
122233112223112433112433144443545546555556666666
112222112332113322113455333455444445646655666665
112222111332441332411332445332445555646665666655
111112122222133342134442335444335546555566566666
111222312222311112333455336455366455664445666445
111222331222311242331444531466534446535666555566
111123111223122243526243566443556443566643555643
111122133122333122333122444555455566445666445666
111222112232133332144332154346554446555646556666
111111112222333242333442355542354444555566666666
111222311112313222333442553344555554666544666664
112222133332134342134342144442115556555666556666
111122133324135324135524133524666524655524666644
122222112122311144313444333334555564566664555666
122223112233111223441153645553644453666453666455
122223122233111233141133544443556644555646556666
111123411223411223455523455223445333465566466666
122223111223111223441553455563444563465563466663
122222123333122344133354155554165544166564166664
112222111332111432444432544332545336555556666666
111112131222133232443332455532455566445566446666
112222111332113322144332444533445555466555666666
122222111223111233133334536664566664565544555444
111111112222333222333442335544555644555644666666
111122312224311224331424533444536664535566555666
111122113322133322133342444442455555465665666665
112333112333112332112222444455466555466555446666
111111222113222233425553455633445636445636445666
111112331222311222344442345544335564355666556666
112223112233112233144233145535444555644665666665
122344122334122334152334152364155564155564166666
122222113332113332113442513444544466555556566666
122223124323124333124353114455164555164465666665
112222111222341152344155344455346465366665333665
112222311112333112343352344552444655466665466655
111111231444231354233354233554225554226564666666
122223142223142433144433111443155663555666555666
112222111222111234553334533334566444556664556664
112222312224311124313144333544663545666545666555
111122133124133224133224335244555544655564666666
122222122123111113433333444435444655666655666555
111111233411233444233444233455266665266565226555
111111122233122333422253445553465553466656444666
111111221331222333222334555534566444556644566664
111223112233122233124433155434555444555646666666
122222122332133333145553144555114445614465666666
111222311122313122333342553444566644555644556666
111122113322113332443322445326445556455666455666
122233112223122333111344155354655554665644666644
111112131122333332334552664552644452646452666455
111222311222312244314444315554336654366555366665
111112311122333332443522443522645555644465666665
111111122221322444324445324455333355636555666666
111112133112333442353442354442554562655562666662
122222111223111233144553444533445553645563666666
122222121122111333413335443435644455646665666555
122222113222113333113443144453446555646665666555
111233141223141233142223544423546663546566555566
111222113332413332413352415552445552466656446666
111122112222311442333442334455344665366665665555
111112133332134332144232444222544666555666555566
111111213441233344233345263445266645226655266555
111112133122133222433255433255444455666445666665
122222112322114333114433414553444553666655666655
111112314142314442344422335662355662355662355566
111111122221332425322455333445344455346556666666
111111123133223333224553224555264455666445666644
111122313122333122344142344442355466556666555566
112222112232112333114553444453465553466553466666
112222111223112233144333445533444555455566666666
111112122122132224334444354454355556333556666666
122233112223144223144443111443556633566666555556
122222111122134424133444134455333355655556666666
111122113122313322333224356644556444556644555666
111122111222133244332244533344536664555664555666
111112113312333222453332455552444452466455666666
112222112322111332143333443566455556445656445666
123333122333122243125244115544116544666554666655
112222122333112333112334155554656554666654664444
122222113332144332143332144444155556156666555666
122222133222133345133345111445144455646665666655
112222311222311245311445334455364455364655366666
111111221331222233442233444433555446555666556666
122334123344123444123344122355126555116655666665
111122312224311224331244333544635544666555666655
122223112233122333114535114535444555644456666666
111111112333222344522344526334526634566664555564
111111112223442223444223444533555536556336566666
111222341222341122344115346665344665346665335555
111111222314252314253364253664253644553664553664
112233122333142233142553142566144556145556446666
111111222211333224533224533444553444566666555666
111112331112333222433225443255466555466655444666
122222132242133345113445113345163445666645666555
122222111132144132143332443566433566455566455566
111112311222313222333442344444355664555566556666
111222112222113324513334566634556334566644555644
111112112222133224533324553334566664566644555644
111122331122333112443552443552443552445566666666
112222112122311124355554356654366554336644336644
112222311212331112334552344455334555444656666666
111111213333213334255344255544255544266646226666
112222111123144223145523445533455663456663456663
122222132322133344115334115534615544655544666666
111122131222131422333442335544355664555664566664
112222311122344112334412335444355546356566556666
111222311122311422344425334455334455636555666666
122223112423512423511433516443516443556643556666
112222133222113332144333145555145656445666445666
111111121333223333222243255444555644556664566664
112222111322141322144335446635446335466535666555
122222112334122334111334551334566644565664555664
111122331122344122344122345555344655364665366665
111111122223142223442333445363455563456666455566
112222122324123344133334134444155555156565666666
111112311222331224332244533444536464556666555566
122233112333112223111233445555455556466666444466
111111122213442233422533442533445553645556666666
111122333112341142344442334522534552555566666666
111111222113244333224333244453245555646565666665
111112111222222233444443445543666533666533665555
122233122233142335142335144445114655614665666655
112222122333122344113354133654166654666554655544
111222131332133322133422154444555644555664566666
122222111112131442334442335544335554365556666666
111233122233111223414233444235465555466665466655
122222111233112233144443155433555436556446566666
111111122222133422333452333455664455666445666455
111111233441233441233344235544225666255556256666
122222123442133442133344113354166654166655665555
111111212213222333242553444553466653466653446655
111111213314222334223334223564555564566664556644
111111233331222331242334244444245555555666566666
111222131222133342134442133455663455666455666455
111223122223111423414423444553646553666533666555
111111112222222334255344553334553444553466666666
111122133124132224132254335554355544356644666666
111233141233142233142223144253444555655565666666
111112131312333322344322544426544626546666555556
111122133122133222133332455555444465464465666665
111112313312333312435222465522466555446655444666
111111221334221334223344525344525364555564666666
111112122222113244553264533364536664533664555644
112222111232113332413532444533445555446556666666
111122132222133224133444134445633455655555666666
122233111233111233142233444255644445666655666555
111111122133223334233544253544255546255446666666
111122131222133244133244533246534446555666555666
112223112223114233144233145553444553465556666666
111112111222333222433332435666445566455566444556
122222112332113332144333144455144455665555666666
122222111123114223144333443355443555646665666655
122222113322411332441533441553441553645556666666
123333123445123445123345124445122655162665166665
123333122233124433122444112454155554165655666666
122222111122133124135554333354666354665554666444
111111223144233144233345233645266645266545266555
111111213133233334255434255444254466255566226666
111111122341222344232344233334555544566566556666
112222133332113222133345114445444655646655666655
111122333112334122344122354462354666554466555566
111222112222111233443333444553444553666555666665
122222123224113444513334511364513364556664555666
122222112223114443511443551433554463655563666663
112222113224113224113334555334555634566664566644
111122133222133222133344153664555664566664555444
111111213441223444223344223554233555635565666666
112333122223122423111453166453666453664455644555
122222133342133442113342113444155664555566556666
111122311222341152344552334452344555334656666666
111222132224132244134444134555133555663355666666
122222122333124443111143144443555553556663566666
111112131122432225433225433355443665446665466655
111111221313423333423235422255446665446655466655
111112341212341222344225344455334655336665666655
122223121123111223413333443555446565466665446655
111112131222331322433322453566455556454566444666
111112122222133442134452336455366445336645666555
111111212331222344233334223444555554566564566666
111123141223141423444423542223555333665555666666
122222111322133332113444513364566664555644555664
112333112333122433112444122254555554556664666664
111222312224312424311444315454335556335556666666
111222131112334412533422553424533444555666566666
123333123333122244112444122455116455666455666655
111122112223122233143335444435464535465555666666
111112122222123332143333445553444555644665666665
111111222113222333224335644435644535644555666665
111122133112132222333342344445646545646555666655
111222122232111432515433555443655443656443666663
111122133122113332433322444425465555466555466666
111112333312344412333412444422555522666555666665
111233122233124223144253114553444553466655666665
111222122232142333144353114355444355646665666655
122233112334112334112334512544552564655564666664
112233122233112223411133445536444556455556466666
111111211334233344255334225534255544265664266666
111111221133244533244553245553244453226653666666
111222331244311224331244331245636545666545666555
111112313312333312344222544262544666544666555556
111111223331422231452333452236455666445566445566
112222112332411322441355441335466355466355466665
111111221133422333442223442533455555456666456666
111112111322333332344432555422544426546666555666
111111222213224213244433564443566643565663555563
111223112233112333122233445555445656445656446666
111111222311442333422553442533462553465556466666
111222112233122233145553144553444553466563466666
112222134422134422134444133555163335165555666666
112222112332143322144333114535444555645556666666
112222112333122243155443154433156443556466556666
122233142223142233144443114543616553616555666655
122222112122311144313554333354366554665554666644
122222122332111333441533461535461555466655444666
111111122212333222433332444355466665466665445555
111112131312433322443225433225445555445566666666
111111122133223334253344255344255446255546666666
111233112233111233452223455253455556444446666666
111122113122433132433332444422445555665655666665
111123111123222223244433544433554436555566566666
111223111223141223444423556423556443556663556663
111112331222311242355542355642355644365644366664
111111222231224331244435264435664435666335665555
112222112232114233144433144433546663566566555556
122223122223111113441333445535644535644555666666
111223441123411223412223444433555553556653666666
111112344412344112334442335552365522365552666666
122222112332114432144333145366145366445556555666
112234112334112354122354162354662354666354665554
112333112233112333112222444444555454665555666666
111111222221322241333444353344555344565556666666
112223122233112233114333414455444665466655666555
111111222211222334233334555344556344556446566666
122233112334122334124334124444155555156665666665
112222122322111333133344135444555544565546666666
111122312222311122344444334555344555366556366666
122222122333124333144433114445611455655555666666
122222123332113332415533411555414455444656666666
111111112222333222344442344455364555366655366665
111111213331223334223344225644255644556646555666
112222111332411332414322444335466635466655665555
111222122223112333411343444443546663555566555666
111111213331222333222243554443554644566664555666
111222122223111233144443554433554436556636556666
111111122221222333245553445663445663455563446663
122233112333122243125443115543515644555664666664
122222121322111333144353145553445553444566666666
122222133322131332111334155564556664556444566644
122223123223123333111143514446544446555556566666
111112131122333322344452344552364452666455666655
111111211333233323222223444455455556445656466666
111222112223122433114443555543655543656643666643
112223122223112333111334554434654444655555666666
111111221341222344552334522334555344556346666666
111222122222133334111334555334566444556644556666
122222123332123133111133444455664455666445666555
111222111122333122333424354444355544555666566666
111222112222113323413333445663445566444566555566
112222122233123333111134555434555444554466666666
111111213331233334234444222455262455666455666655
122222123332123333111344514446515446555546566666
111122112222314522314555334455334455366446366666
111111122222123233423335444435666435666445665555
111111222211344222344245364445366555336665336655
122233112223111233411233444553455555446665466666
123333122223112223114443114453666455666445665555
111123122123112223455253455553445633444663466666
112222132242132444134434133334156666156656555556
122334122234122234111334115344555344565566566666
111111122133442223442333422355444355666655666655
122222121122111333133333455556455656454666444466
111111121344222334255334265534266534266534666554
122223123333123433122444115444155554156666556666
111222112232142333142335144355644355644655666665
111122133122443112433522435552436655436655446666
111122111222133322334332544346544446556666555566
111222314422311425314425314525344555366665336666
111111112223222223444333444443556633556666555566
122233142235142235142335146335146655144665146665
111111122233144223442223445333645553646555666665
111112111322333322332224534444555664555664566664
111112344412344112344222345522335555365566366666
111222111222311224344444344555335565336565366666
112222112222113334133344134345654445655555666666
111111222131224333224343524443555463555466566666
122222123232133333111134551444564464566664555566
111112113222133242334442344552334655664655666655
111111221133422333423355423555422655444656466666
111222111112333222345552344555344655346666344666
111122331122331122433322444345664445655555666665
111111112333442223422223444333455556456666555666
111111223314233314223554233554225554665644666664
112223112233112233144253145553444553644556666666
111222113224153324155324153324555344566344666666
111222111232441232431235433335444555664565666665
111122112223122333124553444553644453666453666655
111111121333222223242433444435646435666665655555
111111222211233222443555443555433365466365446666
111222312222311452314455313445333445666455666665
111112333122334112334222344255444555664565666665
111222311442311142334442344552366552365555366666
122223122233142333144553145553144555114466666666
111122131322133332133222444555455566455666444666
111222131222133332113432444435446665466565665555
112223114423144423114423514223555533556563666666
111111112222333332445532445532455532444566666666
111122133222113342133442334442555544555666566666
122223124223144233144433144335165555165556166666
111222331112311222344452345555345565344666346666
111111221133422233423335426635426665446555446655
111111122221324422344552334455333455366455666666
112222112223111323143333443555644455664455666665
111122311112344442333422333452654452655555666666
122222111332133332111342566344566664565564555444
111222133242133244113224513334555554656654666664
111112313112333332444432455622455622456666455566
111112132222132232133333444445466655446555666655
112233122223111223141333444443556446566666555556
122222121332111132144533444553446553646653666655
111112113312443222433222433566443566544566555566
111122133112133322444332454352455552446655666666
111111213313222333224433224444555564556664556666
112222312442311142314442315445365555366665336665
122222112232113333415533415553415666455666444466
111222111123142223445323445333465553466555466666
122222122344123334113354613354615554615554666664
112222133322134332134442135544115544555666566666
111112331112333322433225444225445555465665466666
122222113222413333411153441553446653466555466665
122222111223141323143333145553444555464655666666
111122133222143332143532143552446655446665466655
112223144233142223144233145533144555166665666655
111111213313233333224444244554255554256656266666
112222113332111332143332544442556644555664556666
122333112223412553412533412536411556444556466666
111111112233222233422533455563455663445566444666
111122312222311142334442334544365545365555666666
111223122233112333122343155444555444565466566666
122333122233111233144223114444555554665554666666
111122314422314442311452366452366452366555336655
123334123334122334124444122545112555616665666655
122222133244132254133554163554163554163564166664
111111123334123334523344522224525644555664566666
122222123332121344111344513334556664555644556666
112233122333112233144223144445155445665555666666
111222111222133322133444553346553446555446566666
111222311222341552341152344555334445336465666666
122222134422134442133445113345113555663565666665
111111222131422333423333422555444565455566466666
111122111222132224533344533334555444555664666666
122223121223111123441333445335455555466656446666
112222122324123344133544136544136554136655666655
112222122322133344133354111354555554665664666644
111112113342133442334442334422555226555556666666
112333112233411223412253414253444556455556666666
111122133122133322144332444532444555555566666666
111112311222331222334452344455344455365556666666
111222311222331142335142355444335444555666566666
122223121223111243114443555543565443566433566666
122222112122111133444335463335466355466555446665
111222131242331142351442355542365544365546366666
111111121333223343243443244455224655266665666555
122222133332113342153342155444165554166554666664
111111222221233221443355443355444335646665666655
111122112222113232433335443355644455644555666666
111222111122333142333342355542556444556446566666
111122133222143332144332144352664555644555666665
111122112223122433124453444453666453665553666553
112233111223122233142453144453445553455656666666
112222111122311223333333444444445666555556556666
111112112222133222334455334445364445366555666665
122222122233114443144443111433555533555666566666
111222122232123333111343555443565444565664566664
111112331112433332435532445552466552446562466662
112222112332112233114433444553645553644555666666
111123111223451233455223445223445533465566466666
122223111233122233144333114555444555464655666666
122222122333142353144453144453145553165656166666
122222111232111332144355444355644355646335666665
111122122223122433114443554663544463556663555663
111111122234123334223334223444555446556666555666
111112113322133222333242355446554446556446556666
122223122453124453124553114553144553146663666663
111111233331234331234445244455226455226655666665
111122111222133222333444334445634545666555666655
111112312212313222333244354444354664556666555566
111111122133442333422333452266455266445556455666
111111222211222333233333444444445555655565666666
123333123433122434122444125554125654115655666666
122222113322144332144433114433155455665555666666
111222111232141232444235446335466635466335665555
111112334412344412334412333422555552565652666666
112222111122331124333324533644555644555664566664
111122311122333122443332445532644555644665666655
111222113222113244133254335554355654356644666664
122223122223111133441333451663455566455556444666
122222111122313124333144353554355554666654666644
111111122221222233455333445553445653466653446666
111122133322113332415332445552455552446666446666
111222311222314242314445314555364455366655336666
122222113232113332113344513444544466555566556666
112222113332144322144332145533145555644665666665
112222111233411223414233444533446553666555666655
122222111322144332143335144335144555664665666655
111122134112334142344442354222355556355656366666
122222112123411123413333444433445666555666555566
111122311112333222333322444444455664555566556666
111111222311244333224333244443245666555556556666
111122131122331224355524335524355644356664666644
122222112223113333133434155444155554656564666664
122222113222133334133534155554156544156444666666
122222121112111332333344355344555446554466566666
111222122223111123445333445363455563445666455666
111111233331234331234445244445225555622556666666
112222112233111223143333443555446655466555446666
111111233331234331224435244555246655244655266666
112222112222134444133455136445136465336665366555
111111122231224433244443224453666553666653655553
111223411123411223445523455223455533466536466666
111111233331222231242235444335464665466655466555
111112333112333312435522444552444552466552666666
122222133222113333113344115544666554665554666544
112223111233141223441223445533445636455666555666
111111112333442233444223554423554623566626555666
111111122221223233243333443455444455666655666655
111111212133222223452553455533445633445666446666
112222311224312254311554315544355644335646366666
111122111122344225334425344425346665336655366655
112222112333122334112334154434555444565556666666
111111121233422223444423546623544633556663555566
111111221213222233243333544366544666544466555556
111111223141223444233455223445233645636655666655
122222122333123344115334115344155546555446666666
112222111222311124333444355444355664335666555666
111222131112333312334422344425446655466665665555
111222131112334122334526344526334566444566555566
122222122333123333111134155544665544665554666644
122223121223111123145533444533445553466655466666
122222122323111333114333514444555544566664556666
111223122223111233441253644453644453666653665555
111222112222312444311455344445336655333655666665
111223112223411233412233445553455663455666445666
112222111122131224533444533466553446533646555666
111112331212344212344222334444355555356666556666
122222113342111342133342153344555664566644555666
111122113332113322443322455352445556445566466666
122333112233122223114433115444555464555466566666
111122311112333342533442534442555422555466666666
111111233311222333222443524443555644566664555666
111111233131223334523344522224555544566446566666
122223111123112223413333455553445555444666466666
111222112233411223415233445336455536456556446666
122233142233142223144553114453114453665555666666
122222112112311142335444335544366544366555366665
112334112334112334152334152224552664555664566664
111223141123141223442233455233445535466555666666
111111223114223344223334225334655544655554666666
111122311222314222314445344555344555366665336666
111222111123144223444423454523555563556663666633
111112112222314422334442354466354556355556336666
111111122333122223444233454233455666455566455666
111112113332133432334452664452644552646552666552
111111222231243331243335243555244445646665666655
111233112233412233411233442255455555446665466666
111111223331223431253434253444256664255664555666
112222112222113334133344133554655554655644666664
112222112222113333133443153544655554655664666644
111223112233411233412233444253455556456566456666
111222331122311222314445366645364445366545366555
122223122323112333111343515444555464566664556664
111112111222333322433325443525466555446565446666
111112112222132442333342333444555554566554666666
111123114223144423144423545223555623566663556663
112222112223411123415533444533464533466555666665
122233112333112223411123444443555544556566566666
123333123233122223114526114556144556445556446666
111222133332144532144532145532144532664555666666
111111122222123223433333444435446455666665665555
122222111332133342113342513644555644555664566664
111111112222322422333445334455633455666445666655
122222112333122343111344155334655544665554666664
111222111222314422314445334455364555366655336666
111111122231224433222433555443566643556443556666
111112133112333332444432454222554426555556666666
111111221221322224334444533344555334565566566666
112222311222311142331344533344555644555646566666
111222111112334222334442344546345556335666555666
111122331222311222341566344556345566344566344556
111111123133423335423235422255425555466666444666
111111122222133332444332554432544636546666555566
111122131122133224533324553324566644566644555664
111222331224311124315224335664335664555644556664
122222122324133334113554133554155544165644666666
111122113332144322143332443552644552645555666666
111111123313223333422235442555442555446656466666
111111213313222333442233422555466665466655444655
122222113222133333113455613445614455666445666455
112223122233111233411233444443456646556666555556
111222122222111133433333445553444555465566466666
122222111332111332413332445366455566444566455566
111112314412344412333442335542355222556666556666
122233122233124433124453166453164455164655166655
111122311222331122433332435555445556466656444666
111122312124312224312444334454633555663555666665
111122133122113322333224535544555444556464666666
111222111233441223441223455553455533445636666666
111111221133243335244355244335224455264556666666
112222122324112344113334513634563664566664555554
111111112222222324555344566334563334566634556644
111112112222314422344442335544366555336565366665
111112334122344122344122345552345655346655366666
111111122221223244323344333345664445655555666665
111111222313243313244333244444255555256666556666
111222113242113242133244553644533644553666555666
122222111232441332411335441335466355446655666655
111111222311233333223443522444555664556644556666
112223111123141223442233455533466535446555466666
111111222113242223544423555433654443655533666666
123334122344122344122345123345166645116655666555
111122132222133324153324153344555644565664566664
111111122222133224553324553334566634556444566664
122233112234111234512234513334555544565664666664
122233122333122334121434111444555544666555666665
111112314412333412355422355422354462356466556666
122222123223133333144553144455146455146556166666
111222122232111332441335444435464335665555666665
111112312112322222333334554344564444566666555566
111111122331442233422223445553446653466653666555
112222133222113342111344533364566664566644555554
111122133122133122333422543466544466545466555566
112222133332134432133422111444555564555564666666
122222111222331111334444355554333554666554666664
112223412223411123441123455553455633455663466666
111122112223114223444323455333445535646555666666
122222123333122344155344153346154446155566156666
111222341222341552341152341556345556344666334666
111111221331222233422333444443455555455566666666
122222111222331114331444533346555346555446566666
