111222131222131224331444333344555544556666556666
112222112223111423144453644453665453665553666533
123333122233124223144253144655144655114665666655
111122111342313342333442354442555452665552666666
111112131222331242533242533344555444566646556666
112222311122331112333342354444555554655664666664
111222111233122233123334566634556664556644555444
111112331112344442345542355442355222365566366666
122222121112111332333334355544556554666544666644
111111222211223333233433255444555544565644666666
111111233311223344222334225434555444555566666666
122223122123111123441333445633455666455556445666
122222111112134422133445333445634455636555666665
122222112332111432141433444433554636556666555566
111222112223114223154443554443564333566663555666
111222131122331124533224534444533446566666555566
111233121233122233122433155444555644566644556666
111222341112341122344422334445635555633655666665
122222113332111132414532444533445553645655666666
112222122323112333144333154466154446555546556666
111122311122333122433552443352445555446665466666
111111213344212334222334255534255534656544666666
122233122223112333114443514443516446566666555556
112222122322111344113344333344555544566666555666
122222111222133334135334135544155544655664666664
123333122223112223111143555543555544666664666444
111112133112443332443222443322455555466555666666
112222112324112324113334333554666544665554666554
111122113322113332333222444445466445665555666655
111111221331243333243555243555244456264456266666
122222133324133224153344153446156446156666155556
111122111223412233442233544433545636545666555666
111122122223142233144433154443655543666553666655
111111221133222234523334525334555444665544666666
111222331222311442311452344455364455366655366665
112223112243122243144443145433155553655653666666
111223122223123333124355144355144445664655666665
111122131222133422133442335444535544555666566666
111112131122333322334442534662554662554466555466
111122133122113322444332455332455666445666455566
111122122223124443124443154433555553556633666666
112223112223111223133333444445644555664655666655
111112133112433322443332444552644522655555666666
122222111332133342135342155344154444555566666666
122223112233122334113344511344555444655556666666
122222123444123454123455133455136456136556136666
112222112223111233144443554433554436555636566666
111111122222122333442333444443555453565556666666
111111122222123342553442533344533444556666556666
111222112223112323133333444445466655446655666555
122223111223142243144443115643555643555663566663
111111223113233333223455226455266455664445666445
111222111122133222453333455633445666445566445566
112222111222113245133445333455344445366655666665
111122111132433332443332544462544662555562556666
111233441233441223411223441523465523666555666655
122333122223122333144443144546145566115666555566
122222112132111132444333445333455556455566466666
111122113222113342333342553442555544565644666666
111112131222132222433333445536445666455666445556
111111211334223334233344255544256544256556266666
111112311442313442333342553442566422556662555666
111122133122113332333422554442556444566646555666
122233122233112233411153415553465655466665444466
111234112234111234222234555334555334665564666664
111112133112333222343352445552455562456666444666
122222111222113333411353444353455555466665446666
111122131122132222433355443355443555446566466666
122222111122133332144433145443555543556546666666
122223122223111333144533145553146655446655446666
122333123343122243122443111444155554556566566666
111222131232133332113342554442564444566666555566
123333123433123444122444122564152566155566155666
111111121344223334255334253364256664255644255666
111111121233222233224433554336554466554446556666
111111123334123334223444253454255554226655666666
123333122333112324512224511144566644565644555666
111112334112344412335442335422535462555562666666
111112112212333222334452344455364455364665666655
122333112333112233112224515444555446566446556666
122223122233144253114453166453164453166453666555
122222122333123344113544133544165554166654666655
112222112333112233112433444453645555644665666655
111222111232113332433552443552443655444655666666
111111211233222223442563445563445663445633555666
122222111132141132543332544333554666554666554466
111122312222312442311445364445364555366555336666
122222111122131123333333444445466655466655466555
112222111222111233444443444533666553666653655553
111112133312132222332244533444555564566564566664
111222311244312224312554316654333654366654665554
111122331112331222334255344265344665444655666655
112223122333123333122444111544555564555664666664
111111212221222234553334533444553344655564666666
112222122233112443111443544433556436556636555666
111111233141235544235544235554233544236666226666
111111223114223444223344522344553366555366556666
111122122222134442133345134445334665366655666555
122222111132113332414432444333455556456666555666
123333122223111243111243555243555444655464666666
111111123314223344233444223354225554666655666655
111111212221222334233334536634556644566664555544
111222131244133224113224553334655534655544666666
112222122322114333114533414533444555646665666655
112222133242133244113245113445633445655555666666
111222112232411132443332443533445555455656666666
111222131112134222334442344545334555366555666666
111222111223122233133333444445455555445656666666
111222133322133442133442113542555544556664566666
112223122223112333144443114443555543566566556666
111122331112333312444332454442555542656552666666
111111122223122333423335423555445566455666444666
111222311142314442315542355642356642355646335666
111122113332113332443352644452664452666452665555
112333112233112223114253444253644455645555666666
111122122223112333412333444435446655646655666555
111222111322113322333442353444555544565546666666
111112333122343122343122443525444555466655666665
122233112233112233112334154444555454665554666666
111122113122133342333442534422555444665555666666
111233112223411223441223444553445533555666566666
111112131312333322433225445225445555644465666666
111223111123144523445523455523455223446633666666
111222311222331422331444351664355644356664555566
111112312212313222333245363645666645644445645555
122222111223411323411333455553455653445666446666
111112112222133422334425344555334565344565666666
112222122233123333114343144444155554555566666666
122222122112111133445553445553446553466333466666
112222111112331222334444335554335544665554666666
111222132242132442133444135544136555336655666665
112222122332111332415336415336445556455656444666
111111122223122333422333444453446455666665665555
111223122223112423511443555443555543666643666643
111222112223111233445263455663455563445563446663
111112122222113223433333444355444555664555666666
111111112234222334223334525334555444556664566666
122223124333124343124443124453155556156566156666
111111223311223334523334526664526664525664555444
111122313122333112443332455552466652466655444665
111111221333241335243355243555245566246666244466
112222111122131224333444344455345556355666356666
111111221313422333422335442235644555644565666665
111222111222131322433333444435466555466555466665
111222133222113332133342155644556644555644566664
111123114223144223142233445233455536455556666666
111111213313222333244335244555246565246665446665
111112131122333322435332445552444552644556666666
112223112233122233111333445555446655446556446666
112223111233111223444423445523455663455663556666
122222111112133312443332433555466555446565446666
111122113122143322544332544432544336566666555566
112333112223111233142223544443554646555646556666
112223112223112233411553444533455563445566466666
111122331112344122334442334422534566555566556666
111122333122334112344122345525344555446665666665
111111213333213443233455244455244555226665266666
112233112333112333112444522244555446555546666666
122223122223111443144443154453155553656653666663
111222111222133322145336445336445366445556455666
122223122233124443144443145533165553165556166666
111222331112311442333442534422535446555566566666
111112334112344412342222344255334555635556666666
111111222113222233444233445563455663445663555666
111111112233222333242533244563444566455556456666
122333122223124423114433154463155466155466555666
111111231441233455233455233445236455266456226666
111111211333222223452663452663455563455563444466
122222113232113332111333444445445555465565666666
111223111223441223441223445553645553646553666663
111122112223411223455253455553466653466633444663
111111121333223343223444253444255564256566556666
111222311242311242331442334444335555555665666666
111111122333122344552344552364522364556364566664
111112333112344122334222344552344455655556666666
111233144233114223144223154423654523655555666666
122222133222113344513334511134555544566544666666
122222112122311114335444355544335554633654666666
111111121344222344223334255534256634556634556666
122222122234111334111344333354655554655564666664
122222112332112334133344155346155446554466556666
112222311112314122334442344546345556355566356666
111122331112334412344442345222345555366565666665
111122312122312224314444354564355564335666355666
122223112233122443111433144453645553645555666666
111222111112334422333452344452344556355556666666
111222331242331242311442314455336455666455666655
122222111112314442314442333344335555555665666666
111111123333123333224444255544255546225546666666
122222122233144553144553145553146653146663146663
122222111123144223114443554433554336555636566666
122222133442133452134452133455134455166665166665
111112134442134442134222334225336665366555666555
111122333112333122443122453526455556445656446666
123333122223122423144433155466154466155466155566
111112122112332222333344553364566664566644555544
111112331222331222341425344445346465366665665555
111112311122334442344222345626345666345656355556
122222112323113323411333441555644445664555666665
111112133312333312455322455552446652444652466666
123333122333122234122544155544116554616554666664
111112311132333332444352455552445562446562666662
122222122132111133441335644355644335644555666665
111122333122341112345552345552346552346666444666
111222111332413332413352444352644452665555666665
111222111232114233444253444253645553666553666653
112222311222311124333144553334566644555644556666
111111222113233333234435244445246555246665666655
111111223441223341522344523334525344555566666666
123333122233112334112244114245664445666655665555
112222112233122333113334516444556664556664555644
122222111122133112334444333444536664555566555666
111122131222131422334452344455346455366665366655
112233112233112333112223444444456466556666555556
111111211333233343234444244554222555266555666666
112222111222131342133344555334555634556664666644
111111221313423333422233442255444555466655666665
122223122323123333111113444555455566446556446666
111112113322133224333244355224655444655554666666
111112133142333142335442355542555642665642666642
111233122223122443124433154433155446555666556666
111233111223411233444223542233544466556666555566
122223124223124333114333154444155554156655666666
111122111132333332344432444222455555455665666666
111111233314233514233554235544255544222664666666
112333112223111123455223445253455553444666466666
111111112222332242333542333544655554665544666664
112222134442134222134445136545136555136556336666
111111122133224443522433524433524436555566566666
111222112222111332445333445333455556456656446666
111111221331422233422335426635446635466555446655
112222111122113342553342555344655334665344666664
111112111332333332432222444442455546555666556666
122222123322113444133454133554136654166554666655
122222111222111133455553444553466553466663446633
123333123333122444124454122554126554166655166665
122223122333122433144443144543155555156566166666
122222111222111333413335444435666435666445665555
111222112223113223413333444435446665646555666555
122222111222111333143355443335455555466666444666
112222112233112435112435444435443335666665666555
111112333112433212443222443552443556455556666666
111111123333123433223444255464225664255564556666
122333124443122243124443125433155555166655166666
111222111222311422344455333455366445336455666665
122222112332132344133334155554156654156654666644
112222112223144523145553145653145633445633466666
112333122223111223441523441533465555466655446666
111222311112333122333442356642555644555664566644
122333122233144233144223154444155555166665166665
122222121132111332133334536444566464566664555554
112333112234112234512334512344552446555546666666
112222111112345512344552344552344455333666366666
122222111232111432144433545463555463555463666663
111111233314222314223334255344256446556646555666
111112133322133322143325446225466655466665444555
122222111222331111333333444445455545466555666666
123333122223111123441223541443544466555556566666
112222122322111334115534555334655634656634666444
111112131222331224333244335244555554656544666666
111111221331244433244443245553226653626553666655
111122133112133322334442534422544466556666555566
111122112222113322444333454433455553466655666665
122333122333122234124434155444155466155556166666
111122131112333222333424355424555444655546666666
111122331112344412354442355442355522365566366666
112222111123112223444443554633554663554633556666
111223412223412523415523411553445563644563666663
111112331122341222342245344445366645366555366655
112222133322133332144352144555144665144665666655
122222112233112333111344553346554446554466556666
111122131112435222435252435555433365444366466666
122222111322113324516334516634556334556644556644
111122112222113224553334553344566334556664566644
111111122222133422534462534666534446533346555566
122222123322111334155334153344155554665644666664
111112122222113322333444335454365554666654666554
111122111223142223444423455443555663556663566633
122222111123141223144333445533645535644555666666
111222133422134422134552134555134445633655666666
111122331122311222345255345556345656346666344446
122222111112133122443555433665433655443665446665
112223111233411233441223444423546663556566555566
111112113132443332433532455552446552446522666666
111222311442351422351422351444355664355566336666
111122111332133332443322455522445556466556446666
111112314412334412344222334225334655666655666555
111222113332111322333322445555466655444655446666
111112112222133242335442355544355544356646366666
111122111222314522344552334555634445633345666666
111111112223422233422553466553466653446553446653
111111211333222433242443244433255455655556666666
122222121232111133144335644435644335664555666655
122233111223412223411333415553444555465566466666
122222123333122333145563144566114566144566445556
111222331112311222333342555344555644556664666644
111222312222312455311455314445334665364465366665
112223111223114223514233544443546433556666555666
122222111112314422314445334545633545633555666666
111222111122133422333442334455364445666555666655
122222111222113444313455313445333445665555666666
112222311222311112333334355444556644555644566666
122222112333112233114335144435446665446565666555
122222111212331112344555334455333455664445666666
111222122222111344133334333444555544555666566666
111111222211324225344425334455334556364556366666
122222133222133334135444135544155546165546166666
112222112232112333413353416653466655464655444655
122222122332111133141435444435646435666535666555
122222132224135544133554133544133546115546666666
111111112233222223244333554366554366554466554466
111111223331422331422233444235464455665555666665
111112133322113224553624553624553624563644566644
111112133222132244132544632554633354655554666664
111111122334122234223334253534555544655664666664
111122111322441322443325443325463555463555666666
122222111122133112333444355464355466354466555666
111112113412333422334422533422555446556466556666
111222111222132244133334555534655334665544666664
111112112222133222443335443335466665466665445555
111111121334222344223344253346253446556666555566
111111122222122324333354663354666354665554655444
111111122313222333224333244445644455655555666666
112222122223144433143333144443155556155666556666
112222132222133333114343154444155544556556666666
111111123333123443223344255544226554266654666655
112222133242113242133444113344555354665555666666
111222131124533124553124553324553624653644666664
112222312212311112333444333454555554655664666664
111122112222122333133333444455464555464665666655
122223122233123334113344155544155544156564666666
111111222221233241233444333554635554666554666654
111111123331222233424233444253466655465555466665
111112314122334122334225344425334455666555666665
112222112234112234511334555534655534666334666644
111111112223222423444423445433665553666553666553
111111221133233334234434255444255466256666255566
111122133112333312343442544462554462555562566666
111112113222313332333222445566444566454566455566
111112333312333112322222444555446555446556466666
111122311112345552344552345552344462334662366666
112223112233122233144435164335164455666455666455
111111222211334255334225344525364555364446366666
112222112232111332441533444553445533645556666666
111122131222134442134442333442355555356666556666
111111222113242223243333445335455555456666446666
111222111223144423144223444333555553565653666666
122222133332113332144532145566145566144566445566
122334122334112234115234115234555534656564666664
111112131312333322344442345542445522555566666666
111111112233222223244443543333544456555556666666
111122312222312425314445314555344655346656336666
122222133332113322111334514444555454665554666666
112233111223112223415523445533445553446566466666
111122111222314422355442335444335546355566366666
111112133322113322433222453666455666445566444555
111112133332133332144222442255645555644455666666
122233122233122333114345144445146645166555666655
112222113322113322143335146355446555446556446666
111111222231222231444333456663456663455663445555
122223124333124333124355124655144665146655146665
111111223114233334223334225544266554666654665554
111222122222111133455533466533446533446555446666
111111231444231344233345233445226655266665266555
122223122333122334111334154444156446556666555566
111111233331224331224335244555224465644665666655
111112131322133332334422555422544466544666555666
111111112222342222344444333354533554555566666666
111233112233112223142533442535444555466665466665
112222111223113223413333455663455666455556444466
111222311442314422315422315444365555366556336666
112222113322411332411332455336456666455556444566
122222123322111334111344555344565344566346556666
122222133222133333114344114444516646566666555555
111233111233144223145233445223465255465556466666
111222122234112234155334155534555334666634666644
111222112233112223143333444435446655646555666655
111111122221342225344425333445366455336455666665
122333122433124443122433152466155466155466155566
122222111212331112433333455366445566445666445556
111111212213222333243333244455444655646665666555
111111122231442533442553442253446253666653666553
111111122222123333224333444443455556456566556666
111111223331222331442533422536445556445666455666
111223142223144223144233154433154553555566666666
111111233314233314233554255554256664256644226664
111111123333122334522344522364552664556664556644
122333122443122453122453144453145553116556666666
111112113332133222334422344525445555466565466666
122233123333122343112244511444514466556666555566
111111122313223333243536245566244566245556444566
111222113322411332413332444352445556455666556666
112222112232111233413333444355444665466665665555
112222312112311122333445344445346665346655666555
111111222213422213455253455553444453466633666663
122222121223111433114433555443544433566666555666
111122131112333222333224355644556664566664555444
111111123331223344223344253446254466255666555566
111111122222133222334444333444355554666555666665
111222111122331222433555443335446635446655466665
111222112223143223143333145535444555664455666666
111222131122331224331524365544365544365554666664
111222131222131223133333444455444665646655666555
111223141123142223142233445333455555466556466666
111222112233122333142533145535444555446656466666
111111222131223333423355422355446665466665444655
122223122233121333111334155444554446555466566666
112222111222111332433333444435464555664655666655
112333112233111223414223444423455555455566666666
112223122323122333111143555543555444665664666644
111111222211232455232455334455344456366456336666
111111233341223341223344522344525646555646556666
111111221333241335243355244345264445266655266665
111122111222133422334442333455364455666455666655
122222123333123343121443111445664445666555666555
111111211333233333224445244445245555266665266665
111111222221233231243335443555463555466656444666
111222112232122433114433555443654443655553666666
111111112223422223442533444553466553466553666653
122333122223122133111134555534556644566444566664
111111221333231344233354222254655554665654666644
122222111112333112443332433555445555446665466666
112222122323123333114334114444555544556556666666
111222111122133222334444344544335555355656666666
111111123133423333425553422255442655442656466666
111122113112333322344342354442556642555646556666
111222111122331222344445334455344655366655366665
111111112222332222433355463355466365466665444455
111112113222133222435552433355434556444656466666
111111112233222243225543555543566443564443666663
112222311242331242331144333154555554656654666664
111122314112314442344422345552335552336556666666
122222133224113254613354613354613554615554666644
111112311222312242344442333455334455666655666655
111111122222123344523334523334556644556644556666
111222131124331124332224333544555544566546566666
123333122223122243144443145443115666155666555566
112222113222133332114533144535444555644665666665
122333122223111223141133444443445666555566555666
111122111122333324352224355444335444555566666666
111123142223142233142333142355445555465566466666
111112133322133332144322444225444555665555666666
122222111122333124553114533344535444555466666666
122233111223411223441123455633445663445566555666
112222113322113442113442553344555344556366566666
122233122333122433142435144445114665166665665555
112223412523411523411523415523445563465663466663
111222331224351244351244351246351446356666355566
111222122222111344155344553344553446533666536666
111222111222113422553444553344655344655333666666
111222112223112233144433544336544366554666555566
122222111322111332414333444335644555646555666665
111122134112334122354422354662354666354466355556
111123121223122233123334555534564444566446556666
111222311242311242331442533644535664535664555666
111112112222314242334442354544355566355666335666
111123412223412233411233444253445553666555666665
111122131222331224331524635544635554635544666664
111223441123411223412223453333455555445665666666
111111122221322244333254633354663554665544666554
112333122343112344122334152444152646555666555666
112222122332142335143335143555144445166645666665
111111122233122223425533444553445553644563666666
111122131112333322343222443555455566444556466666
111111233114233334225334255664225644255664556664
122233122223121333111133444556445556455656446666
111112311142344442334522344552336552636652666655
111222111122313422333425343445344455666655666655
122333112223122333124345144445115445665555666666
111122122222111332444533455553456653446653466663
111112333312344112354462354662354462555462556662
112222112222113333411353444353464555465556466666
111111211333233333224444224555244655246665666655
111112314442315542315442355542355642366622336666
111123112223145523145223445523444553646563666663
112233112243122443122433154436154436555556566666
111122112223112223455553446653446553446653466633
122222112132111132443333444553444553555566666666
111233122223111233142253444553464553466655466665
111122112222112324333344536334556444566664555566
111122311112322222333334555344565644565664566644
122222111112133122333444533346555546554446566666
123333124333124355124455122445122455166465166666
111122113112333332435632445662445622445666455556
111233112233122333122435124455644445646555666665
122222111332144432114432144333545563555666556666
111111221221322224356664355664355664335644335544
111222131112134222334442354444355666355566355666
111111213331222333244535224535244555446566466666
122233124223124243154443155443155553165663166666
122222133322133324111344156344156644556664555566
123333122223112223114433154446154546555546566666
111111112233422333442233544223544466555566556666
112222122233123334113334155544155664555644666664
122222123333123433124443114444156666156666555555
111111122331222234255334253334556644556444566666
111111122231223234223334533544555544565644666666
111122331222331122333124535564555564566664664444
122233122333142333142255144555145565144666146666
111112331112332222322455334445344555446565666666
111111122233122233442233444443555453565556666666
122222111322114332114333554463544463555466556666
111222131222331112334452344555345556346656446666
122222112323111323114333554636554666544466555446
112222111322413332411332444335464455666665665555
111112133322113322333442444442566642556666555556
111122113142133442334422333425666425666455665555
122223111233112233112334566344566664566544555544
112222133224133244113244113544633554666555666655
111122112223112223444433454433455553556653666666
112333112323112223112233445555444565466665446665
122234123334122234121334111344556664555564556666
111112133112433322433322444552446652466555666655
111111223113223333423553422566425556455666444466
111123444123411123422223445623545633555636556666
111223111233411223442233455253445553445656666666
112222133322134332134442134555114455664555666666
111122311112332222334442334444354666555666555566
112222312422314425314445316445316555316556336666
122222112322133344113444513344513664556666555566
111112113222133222435562433566435566434566444556
122222111223411123415533455563455663445663446663
112233112233411233412253412553446655446655466665
111233122223111223414423444443555663566663555566
111112133312133222433352445552445552444566666666
111111213333213333224455224455624455624465666665
122222112223111333113333444555444455666455666665
111112113332413222443222433555435565445665466666
112222111232141132444432554633544663555663556663
112233111233112223142233444553444555664565666665
111122133112133422533442553342555542566644666664
111222111122334122344552345555344566344566336666
111111112222332322333332444455646445666645665555
112222111132133332143332444562454566455556456666
122222113322411332441133441553644453666655666555
122222123332113332145533144566144556145566445666
112233122333123334122244115544155544556664566666
111111233314233314235344255444225456265556266666
112223112223112433112433444433554456555556666666
111111123134223334233434255444225554255566666666
122222122324113344133344113344155546556566556666
111112113222313224333224334444555446565556566666
111111222311222333423353424453444455665555666666
111122111123422223442333544463546663545663555566
112222113232133332111342555344555554666644666644
111112122222123442133444553334553634566664555666
122222111122133142133344555344553344556664566666
112222312224311124311444333454366654366555666555
111111121344223354223354233554235554266654666664
111112133222113222333244534444536664555664555666
111111234441233341233444223354255555266565266666
111112113312444332554332554332544462566662556662
111122311112342222344525346555346655344656334666
111111212231222433224453444553455553465663666663
112222111122131322433333445356455556446556446666
112222113244133224133524133554135544555664666666
111122331122311224355224356664355644355664356644
111111122222123345223345333445344455646665666655
111111221213222223444533444533644553655553666666
111112311122322224333324533444555564655564666664
111111122221333222343342344444355554656555666666
111222132222133332113334155554554444566464566666
111222122232113332411333444535445555644665666665
112222133332111332114322544366544466544666555556
112233112223112233144235144335445555445656666666
122222122332113344113354133554155544556446666666
111222122223123333111333444445455555456656466666
111122131112333332433222445525444555644665666665
122222111123141123444323455333455366455566456666
111111122333123334522234552634562644566644555664
111112331112433352435552433552445522446626466666
112222111222131425134455333445334445636655666665
111112131212332222344255334445364555364465666665
111233111223415523415223445623455623455663446666
111122311122314222334442333544355544556556666666
122223111233142223143333144445146645666665655555
111122131222133244133224335444355544556666556666
111111122223123323423333425555445665445666445666
111222133222113232113334554434555444655546666666
123333122233111223411523414526444556455566456666
111122111222331442344442344552355566356556336666
111122111222133222334555344445344455366665366665
112222111222113442133444334454633555636665666555
122333123334123234122244115444165554165655666665
111222121233122233144553145553444553446563666666
111111211233222234522334556334556344556644566664
122222113332111322141333544443544666545666555566
111122311122333122333452344452444655664655666655
111112131122333324335224535224555644556644666664
111112112222132224333344553334555444555664666666
112222111222111342553344533344555334665564666664
111111222211223224333344355544355554366544666666
112222112232411233441133444333445666555666555566
111111122123452223455523444523465553466333466666
111222111232411232444235433335466535465555466666
111111112222222323443333444553455563456566456666
111111122222123224333554335544633554666554666644
112222122332123333133444111564555564566664556644
122333142223144223144233144553114555166555666666
112222112223142433144443114433555553655653666666
122223122333122333111344115444555564556664566664
111111122123222223433333443555445555446665466666
111112311122333222343452344452345555446556666666
111122311122331442533342553342554442556466566666
122222123223113333114433511444555466554466556666
112222122332142355143355143365144365144465666665
122222112332411332411333414535444555466555666666
112222111233411223451323455333455556466656444666
111111222221322241333444333564355564555564666664
122222112322114333114553144553444553664553666666
112333122233122433124434125444115664555666555666
112222122322113333411333415555444455664465666665
122223121223111423144443145533445533555566666666
111111222133452133452223456623456663455563444566
112333112333112334112224552524555554664444666666
122333122333124433122444112445116545666555666655
111223411123411223422233444433455553555656666666
111111123333122223444233455223455555466665446666
112222132224135524135554135654135664136644336664
111111221331222333223334255444665554666544666554
122223122333122433111443151443555544566564566666
111111122213222223444443545433555433655563666666
111122131122331422333422533466544466545466555566
111111221213222223443333444533444555666665666555
111111222131223333222334555344565444565464566666
111111123333122223444423445223445663555566556666
111111112233442233442553442553442253666653666655
111111222211322224355444335544336554336554666666
111112314122344122354442355542336542336555666666
111112113222313442333342535542555542656444666666
111111121223422223445523455553456333456663446666
111233122233114233414235414235444255666665666555
111122113322113222333442353444555546556446566666
111111211233222243225443555543566643556643666443
112333112333112223112223455556445556445666444666
112222111223114423144323444333545553555656666666
112222122332123344133444133554115544555566666666
122233112233112233144253114453444655466655666655
111112111222333242334442344452334655666655666555
112223122233112243111443544443555463566663555666
111122133332113332414352444552445552465562666666
111111121344222334552334552334522634556664566664
111112131332133342534442534462544562555562666662
111122113112443222443255443255433355463655666666
111112311132333332342222442555444566455566456666
111112111322333322433322445552446555446655466666
122222111122111332444333444433546636556666555556
112222133332111132143332444552455566455566446666
122223112223111233411553444453466453466653666555
111112111332333322332222444555664445664455666655
122333122223122333111443144455146445666655666555
122222111322113332143333144444566446566666555555
112222111112133322333425633455666445644445666555
111111222311232333233344244444256646556666555556
111111222113242223244553444533644553665553666663
111222111233114223444223455553455663445563666663
111112133222113322433332444452644555646655666655
122222111232111233414533444533664553664455666655
111111213333213443225443225543255446256646556666
112223122333112333122344114445666455666445665555
111111122212323222333444334445366645665545666555
111122111322144322443332444352463355666555666655
122223112223114243114443144453666653665653655553
111122133332134322134322144452444555655565666666
111112311122333222343322444355445555466565466666
111112113222313332333222444444555446555666556666
112222111112133342533342533442566644566664555564
112223111123142223142333444433445555555665666666
122222111132411332441352466355446335446635666555
111111122222132244335254355554336554366644366664
111112312222314442314522334555344655334665666665
111111121333223344223334222554555544656544666666
111111233311222344523334522344526644555664556666
111111222213224413224333444433455663556666555566
112222311122311122333344355446354446554666555666
122222121233111233114553444533644553664455666665
122222111222331444311554351544355544366566336666
111112311222312222334444344544355555356656366666
122222123234123334133554163554165554165444166666
112223122223121333111443444453455553456666556666
112222112332122344113344516334556634555644556666
111112311122333322333422544424555444556666556666
111111122231444233444233455223455233556666556666
111112133142153442553442553442553462653362666662
111111223311233333243555245555245446244466266666
111112133312444312443332544432555552665522666666
112233122223122333111453441453444455666665666555
111111112233442233452333452236455256445556466666
111122331122331142334442533642555642556644556666
111111221313243333245553244453244455266665266665
123333122223122233111134555144566444566644555666
122233123333122233124444114444516666516666555555
111112113332144432443332453522455522456556666666
111111231444231444233454233655233655266665226655
122233112223112233411133444553466555466555446666
122222122123111133144433445443555543566663556666
122233112223111123145523444553466553446553466666
111222331222311112333332444555444555466556466666
111111121333222233442335462235466665466655444555
111112133312133222333222444556454456455556466666
111111222331233331234445234555264555264445666666
111111213133223334255534225534255444256664666664
111112111222333322445322445336455636445666455566
112222122223133333113444153444155544665555666666
111223122223111223144433445553466553446653666655
122222112334122344111334153334555564555664666664
111111212213222223445533455533445553446663466666
111112131442331542335542335442355542656642666662
111112313122313322333222444555464555464565466666
122222112232114333114443155463554463556463556666
111111122213423333423533425555425556426666444666
112334122344122334123344122344156666155566555566
122222111232141132144433444335646355666355666555
111122311112322222333445344445344655366665666555
111112132122132224332444335554633544666554666655
122222122332133333134555144455146456146556146666
111222122232113332144433155433556446556446556666
122233124223124233154443154433154666156666155556
111112111332444322433332444532455552655652666666
111222133332113322413325416625446555466665444655
122222133342133342111342151344555564565664566664
122222111232411132445133445533455563455663466666
112222311122311224314444334554333554665555666666
112223122223144233114433144433145555555656666666
111111222231233331234433244444256646556666555556
112222112233122443111453644453645553646653666553
111111222213442213452233455563445563465563466663
122223122223111333144355143365146665446555446665
122223121233111223141333445663445666455656445556
122222133322113332114433511444555444556666556666
111111123333123333222455262455662455664445666445
112222312222311111334455344555334455634465666666
122222112333122333145353145555145665146666444466
111123112223122243152443556433556443556443566666
111111112222222334253334553444533466554466556666
111122112223144233142233445663445663545663555566
111111222211333224333224353444555444655556666666
112333122334123344123544125564125664125664555666
112233122223122333113344115444655554655544666666
111223412223411223441123453333455555465656466666
111222131222131322133334553554655544656664666444
112222132422132444133334113354165554666554666655
111111231133233333224455244555244445266655266666
112223112233411253412253415553445533446566466666
122222111223113233113334556634566644556644555644
123333122333124355124455124455124465126465166666
111111122221222324333334533444555554565644666666
111222112233411223414233444333454555655556666666
122222111122131142334445344555346555346656336666
122223112233111223411533444553465553466556446666
112222132232133332111334155554554444564664566666
112233122333112233114223414555444665466655466655
111122131332133332134442444422455552656655666665
111122113222113332443332453662455666445556445566
111222111112333332444322443325455555466565466666
111111112334552334522234552334552234566444666666
122222111222331114335144355554335444635546666666
122222111112113322444333433355444455666555666665
111222312222311142313344333444555554556664566666
112222134222134425134655134655134665134465336665
111112113122333324332224355524555554666644666644
111122113122413332433222435555435665466665444665
111112133332114432444332454432555522556526666666
122222113224133234133334115444155554656554666666
111111211333223333222344252644556664566664555544
111112111222333224332244533444536664555664555666
122222123333123343124443115446155466155466555666
111223122223145223145553145333145366445566446666
112222111112314552344522344555334456366456336666
111222133422113442133422135444635545635555666666
111111122221332222333444533344555664555644566666
112222111332411322441332444333454556555566566666
111122131222131242533244553344553344556664566666
111111222131224433225443255443555643556643666663
111112134422134442134422334552633552636555666665
122222111222131144533144533364553364566664555664
112223122423124423144433145436155536156636555666
111112131122333322344322445352455555466566446666
111111233141234444235554235564235564233566226666
111122133142113342333542355542556642655642666644
112222111233111223445523445533455563456663446666
111111233331244431254333254446255466225566255666
111222113322111322433332435555455456444456666666
111112122222112233455553444533464533465536466666
111233111233112223442233444235445555645565666666
111112313212313222333224355554555444566664666644
111111123313222333242233444255466665446555466655
111222111112333322334224334444566664565564555566
111112344112334122344422344522335566355666555666
112222113332143222143355143356145556445566446666
122222123324133424113444133554135554166555666666
111222131222331112344552334455334455644655666666
111111222133224133224435244435646635646535666555
122222112324513324511334551334551364566664566644
111122131332133322133222445555466665464665444655
111111112222332442322445334445334555636555666666
122222112333112333112443155643555644556664566644
111222111322141332544432544332564433566666555566
111111211233222234233334255344655544655544666666
111222312224311224351144355544355546333546666666
112222122233112333111343544443546666544566555566
111222314442314552314452316452316452336655366665
111222122232114332114433555443554463554663566666
112333122334112234122334112444555554566664556666
112222133222133332144533145555144455164456666666
111111222231222331442333455553455563444566466666
122222123332133132111133444556455556446556446666
122222122334123344155344155346155346156346156666
122222113222133333114443144543166545666545666555
122222111233111223415533445553455653446663446666
111112133222133332133222444455464555466665466655
111112131222431255433225463325463355466655444666
111112314112354422355422335422365444365556366666
111122111322133322333442355542556544556444666666
122222112112311142333345634345634445666645665555
111122113222133322134325334455444655466665466655
111111211334233334223534225554255554266644666664
111111123331223333244443224455622445665555666665
112233122333122233111243155444556644556644556666
122222122332143355144335143355146665146655144666
111111122231442235644235642235643335644355666655
111111122233124223554233544243554443655563666666
122222112112311142333344533444553564555564666666
111222311122341142344442333442355556355666556666
122333112233122443122433154446154466155566555666
112222113322113322114333554434554444655556666666
111111122221322224355444355564335564333564666664
112223112333112233122334155544655554665444666664
111111122222132244533244553334655534655634666664
122222111332111132443332455636445636455666445556
122333112223111233141253444253466655466655446655
111112341112344222334222344445355555356566366666
122223122333122433144443144553145556155566166666
123333123443124443122243122445115555166565666665
111112133122133222334522344555346655444655466666
122222123322133333134555164445166455164445166665
111122313112333122343222344444545566545666555666
111111213333213343255543254446255446255646226666
111112333112433312443322445552445522455566666666
111111122222132324332354533354555554666644666644
112222122234112334511344513344556334566664555666
111111213313224333244433224444255566255666555666
122233112223111123445123455633455663455566444666
122222122233111134133334135544555664555664666644
111111222211344222334525334555334445364665666665
111111221133233333234444244445255555265665266666
112222111112333312433332445552466555446556446666
111112133132143332443222443562445562455566556666
111222112232122333143333145555644445644555666666
122333122223124233144433115444515646515666555666
111122313122333122443152433452444455666555666665
111222111122333122333442355444356664556644555666
122223124423124433124335144355146355166665166655
112233122233112234111234566334556664556664555444
112222111222111332443333444355445356455556666666
111122112222113442333442333444553546555556666666
111111122221223324555324565334566334566344566644
111111233141233344223334224444225555665655666665
111111222211223334253344256334556344556644556666
111122113112333332445322455326455526446556446666
112222133332133442134422134555114665644655666655
111233112233122233124233144555444555464565666666
111111112222322245332445334455334455364556666666
111112311122333442333542535542555642656642666644
111122111123222223444433543336544436555566556666
111111212213222223445333455533445553446656466666
111112131122333322443322443552455556456656446666
112222112232415233415553411533446533446556466666
112222111332441332411332444332445555555566666666
111111221331224333224355624335624455664445666655
111112131122333222433252433455444455646555666666
111222111123444123454223455233455336456366556666
111122113122143332445332445332455662456666455566
111222122234122334155334153334155664556644566664
111111233311234333244553244555244555246666226666
112223122333142233144233145555144455146556666666
111222111122341222345556345556344556344466333666
111112314422314552314552334552334552364462666666
122222122323111333114433514436544666544566555566
123334125344125334125534125534126544126566126666
111111223331423231422233455236445556455566446666
111111222311222333243353243555444456445556666666
112222111322441332411332444533454536555556666666
111122113112333222443332444532455555445665666666
111112111222333222344442344544335555635655666666
111111222131442233422333442353455555456656466666
112222122332113332114433155434555444555664666666
122222133332111322144333114445666445665545666555
122223123333122234155534166534166554165544166644
111112112222122324553334533364553664555644666644
111111221313224333244353224553244455646665666655
111112122222113332453332455533455566454666444666
112222112222311144333144333344555546556546566666
111111223131233334233444254444255556256656256666
111111122223122233425333455533455666455666444466
111112133312134322534332544422555442565646566666
111111221331244333244343254443256666256556255566
111111122213223333223443526643566644555644555664
111112311312333332344522445552445622455666456666
111111222121332222433555433335444555644465666666
111112113222313332333222444444555464555566566666
111222112232112332133334554434555444565664566666
111222113332113432133432554422555466554446566666
112222111332413332413352413552444555466556466666
111111222113224443224343244333564366566666555555
111111221133223333222433525466555466544466554466
111112333112443122543322544332554662554666554666
111111112222332444322254335554633354665554666664
122222122332111333113344153444555544556646566666
122223122423124443154433154533154536155566166666
111111123331223333422223425556455556444566446666
122223111123111223444233443335455555456656466666
111111122334123344222334253364255664555644556666
122222122333112343511344513344516446556646555666
122222111332441132411332443335445555465565666666
111111213331223345623345622345622445644455666655
111111221133233334232534222554655544666554666644
122223122233121443111433551443554443566666555666
122333124443124453122453124453126553166655166665
111111223311233444223344225346255346556646555666
122222111212331112333455333445664455666455666445
122333122333123344122244111144555564555564666666
111112122222133224133334566334556644556644555664
122333112223112433122453144453146455646665666555
111111213331233333224444224555264555264465666665
122222112232133333114433156444156664556664555564
111111123334123334222234255534255554656664666644
112222122132111132433333445535444555465566466666
111112111222334442344542345542333552635556666666
111111112222333324553324533224554444556664566666
111223112223112423144423544333554663554666555666
112233122233111223114233444443555546555646566666
112222111222133332134335144435644455666455666655
111222113222133324113324555334555544665444666666
111111231331233344234444235445255555222665666666
122222123332113332113444113445664445666555666555
111122111132333332443322444522455566445666555666
112222122344122344133334133444155555155656666666
111111122213222333442233445336455666445666455556
111111222213242213244533445553455633456636456666
111111221331223344233344225354255554666554666664
111111211333222233243335244555244556444556666666
111123111123222223442333444533465555465655466666
112222132222133333111133444444566464556666555556
122223112223114423155433155443155443655463666666
111223114223144233142223144443555553565653666666
111111122213223223423333443555446655444655666665
111223411223412233412333412355444555465556666666
111111222331223331233434255444255554656654666664
111222131112333312344442354442355452665555666666
111111222112342222344445344545366555366655333666
122222133232113332113444153444155446556666555666
111111122231442233444233454233455236555566566666
111122111132333332344432444222544566555556566666
111122133112133322443332445522444555646665666655
111112311312333342533442554422544462566662555666
111112133122133222333342444442545646555666555666
111222112232122334153344155334555364556664666644
111112113122443332443222443552453356455556666666
111122133112132222333245343445644455646665666555
111122333112433122443152443352444652666655666555
111111223331233441233444234445222655666665665555
111222111234122234152334555534665334655634666644
111222112233122443125443155543555443656463666663
111111213331222333422533422555444555644465666666
111112314422314422314222334455334655366655666655
111122131222133242133244335644535664555664556664
111112134442133422133442334452366652666652655555
122333122223112233111433551444556644555644566666
111111121222222233444443445553455533666553666663
111112113312444332444332543362545662555662556662
111222111123412223444423443333543556555556666666
111233112223122333124343124444555544565556666666
111112131212333222333442553442555544556446666666
122222111233112233144335144355644355644555666666
111111223113223333222343244444546466556666555556
111112131442331442355442354422355226365556366666
111122331112344412334422344522345555355665666666
122223111223144223114443144333546636555666555566
111111213331233433222434254444255545266555666666
122233121223111223114533444553445553466655466666
111122112222112324333344355544335554666654666654
111111211333243335243355244455226445226455666666
111111213331222344256334256334256644255664555664
111111233411223444233334253544255554256666256666
111222111232411232433332444433555446555566566666
111122133222113322143352443555443565446665466665
111223112233411233415223455263445563455666445666
122222111332144432145432145433155433655556666666
111112133112433332444332452222455556456556466666
123333122344123334122224155644156644156666155556
122333124443124433122433122455166455165555166666
122222112123111123444433445633455663455663555666
111123112123412223442233455536445336455556466666
111111122223142553442553422533446553446563666663
122223144233142223144333144435116665166555666555
111111121223422223444233443335646535646555666655
111111121233222233243333244455446655466665466555
111122111122322224335554355554366564336664366444
111222311122331122333324535444555544655664666664
