111111213314223334223344223544266544665555666655
112222111322113324153624553664533664536664555444
111112111222332224333244533344555446556466556666
111222111322141322444332454433455536555536666666
122223122233121334111344513344555554655644666666
111112112222122332444335466335446635466535466555
111122331122344122344122334455366455366455666655
111111221313223333223344526444526644555664555666
111222113322111322333324553664566644556664555444
111123144423114223154423554223564233566636555666
111112311122333425344425334225344625646665666555
111122331122331122333442355542655544655444666666
111112112222314422335462335466335446355446555666
111122313112333312435352455552444562464562466666
112222312442311422331444331454331655666655666555
111123141223441123444423455223555233555636666666
111122331222311224331524336554366544666544665554
122223122223114333114435164335164455664455666655
111122133322113222133342535544555544665444666666
111112132222132322133344533444544466555666555666
112233122223112233411553461553466653464655444665
111111122222133322334425334455634455644555666666
112233122333112223144253145553145455644465666666
122222123232133334113444153444155554155656666666
122233122223112333411133441556445556445666455666
111111213333213443223344225554225644555664566666
122222112223133333111134556634555664566664554444
111122111223441223444223433333455566455666555666
111111112344222344223345233345263445666665665555
111112331112432222433322443555443665466665466555
112222311222311244331444351446355546355666355666
111111212133222333222443444433455466555566556666
112222112232413332411333414453444555666655666655
111111223113233333224435244455246665244655666655
111112133412134422334222534426533446566666555556
111111122222122324533344556334556334556664566644
111222111233144223144223444453655553656553666663
111111122133442233442533422533462555466555466666
111111121222322244333244334445336545666555666655
111112311312333332344222554262554666554446554666
111111121333222443252243254443555463556463566666
123333122223122333124445144465114465166665665555
122222121332111432141433444443555553566553666666
111112113412333442344422334222354666555566555666
122222111322411332411355433335445555466656446666
112222111222331112333334535544555554666644666644
111111112333442333442233452226455266455666455566
111111222231222331233334535544555446554446666666
111122133332111322444332455352445552465656466666
122222123322143333145335145555144455116446666666
111111222221233321233344334444555664566664555566
111122311442351442351442354422355662355566336666
111111222221223321433333444553445556455666456666
111222331122333122334112344444545566545666555666
111233122233122233114253414553444655446655666665
122222123322113333114443155443154446555556666666
122233112333112223111233444455645445645555666666
111112113222133222333342355544555544566644666664
112222111112331222433333434555444565466665466655
122222122233111433514443514433516443556666555666
111122133122113224533244533244535664555564666664
122223122223133333144355144555114445164655666666
122222123242133544133544133544135546155666156666
111222311242311142344442335542335646355666555666
122222122233111133144133444433555466555466556666
111111122222123244533246533446533466535446555666
111122131112334222344242334444536666535556555666
122222112322413335411335411335444655464665666655
111222311124311224333224553334655554665654666644
111122113124313224333224533244555554565644666666
112222132422134442134444135555136555136566336666
111111233131223334253434255444255544225566666666
122223122233124443144433111433155466556666555566
112333122233122233124435114445616445666545666555
112222122333112233411133444553446655466665466555
111112133332143332144432444452666652666552655552
111222111232112234552334556634556334556634666444
112333112333412323412225416625416555446565446665
111112113312333222432225433555444455466465666665
111222312242311442331142333445663445666655665555
122222112223111333411536455536445336445556446666
111112133332134432144432444532655552655562666662
111222122222113444153444153334555534566336566666
111223122233122333142335144455164455666445666655
111222111322311322333324553444555544655446666666
122222122233144443144453145553155563116563666663
111112133112333222334252344652446655444655666655
111111121233222223444523444533445553555663666666
111122133122333112443332455562445562455566446666
112333122333112243112443122544555554666554666664
111112131222431522435552433552443556433666446666
123333122333112223114525114525444555446566466666
111111122122342222344444334555334556355566366666
112222311122311422315444355554335544365646366666
111123112223112333442233444235464465666665655555
123333123333122444112224152554155554166544666666
122222111123111223455533445533444563465563466666
112222111232111332444332543336544666544666555556
111111222221233321243335444335466555446665466655
111123111223412223452523455553455633446636446666
122233122233124233114433115466155466554466555466
122222122332114433516433516443516643515644555666
111122331122341122344452344552334555634556666666
112222111222131142333444353334655554655544666666
122222133222133344111334551134555554566644666664
122222121122111134553334553444553446553346666666
111222113322113425133425663425633455666455664445
122333123333122234122444155554155544156664166666
122222122324113334113444513346513446556666555566
111111231314233334233444222455224455655556666666
111111213333213344223344254444256666255566255566
111233112223112423144423445523466553466653666555
111112313212313222333324555524665544655444666664
111122311122331322333322445666455566445556444566
112222111233411233441223445333455555455666466666
111233122233122234123334114444555544566555666666
112222111122131224333554633354665354665554666444
111223111123142223444523444523664553655553666663
111122131112333452336452336452666452644452664555
111112112212332222433335466635444635466655446555
123333122233142233145225145555146665144465146666
112222311112331142533442533442553446555646566666
112222112232133233113334155554555644665644666644
112222111222331142333144533344556664555644556666
111112111222333224333224355544354444555566666666
111111221133222333244443255433255444655556666666
122222111223145523144553144533145533445663666666
112223112223111423144423445443555533555663666666
111112311122333322444332445532455662455566456666
112222122332113332411333441555444555464565666666
112222311122311122333445334445344455666655666655
111222122232113332114333444535644555644665666655
122233112223411223415553411553444453664553666666
111111112223222233424433444553445533665555666666
111112113312333332435222445266445266445556455666
122223142243142243144443155333156636156666155556
122222111222111133443333455533466555446655446666
112223111233112243122543555543656543656643666444
111111222213422213442433544433555436555536666666
111122133122113222433332455355465555466666444466
112333112233144223144423144523154526555566566666
112222111322113322133334535444555544565664666664
111223111223142233142233444553466653466555466655
111112111222333232343332544442555544555664666666
111111223141223344223344523346523546555546566666
122222122233133333113455144445164555164455666666
111111223131243333244435246435226455266455666655
112222132224133324135334135544155664156664556664
111122113322114322444322433355445356455556666666
122222113222113344133344153364156664555664555664
111222131222133242113344333544555544556564666666
111111233331222231244433224535444555664555666666
111112113322144332443322433225455555445656666666
111111222211222333233334534444555554556644666666
111122132222132234133334153444555544556546666666
111122112222132342133344533344556664555644556666
111122131422133442134442333342555542665555666666
111112122222133322143333444443556646555646555666
112222134255134225134255134665134655134666334466
111112131212433222433225443355466365466665446555
112222112232412333411553441533444553645556666666
111111121333422233444233444253642255655555666666
111111211334223344223444223334256664555666555566
111112131132333332445632455662455662445562445662
111122311122313222333324535444555564655664666644
112222311224311524316524316544336544366554366655
111122311222311224333524365544365554365654666644
123334123344123334122554112254616254616654666555
111222112222111233433333444355455555444566666666
111112133122133222333224536644566664555644555644
122222112122111133444333444433456663556566555566
123333122233124223124553144455145556144656166666
111222131142131542335542335442335442555646666666
122222111122111332445533445563445663455633456666
111111112222333324355324335224655544656544666664
111112344112334122344222344255345555336556666666
111112131132433332443322444552446552666552666655
111112133112333332344422445426445526555526566666
111222133222143322143333144455144555646565666665
122222112322111333144443155543555543566443666666
123333122323122223144443144544111555666655666655
112222122233123334133344144444115555655565666666
111111112234222334522344523334556344556664556666
111111213133223333244443225444525646525666555666
112222111232142233145553145553445563446663466663
111122122222133233133334155544555444565446666666
122222112334152234155334153344155344165546666666
111222111122133322443325433555443555446665466666
111111122133222223444253445553455553466633466666
122222121233111234151334553334566644556664556644
122223122443112443112443114453666653655653665553
112222112222113333411553455533455563446666444666
111112111222332224335244355544355446356466356666
111222112222112344515344555344665334665534666633
111222113222133322133444135444535664555664556666
122223112233114223144443144333154556555556666666
122222133224113324511334516334516664555664556644
122222111122133323114333444443454566555566556666
122222121232111333113343563444566664566644555554
112222122223111433115443555433566433566444556666
122222113222113444113334516334556634556644555666
112223112333112233142233144455444655466655666655
111222311122311452334452333452364455664455666665
111111122222123425333425336445366455366445666455
111112311122334222534442533442533446555666556666
111123112223122443152243554443555433565436666666
111122131112334422333422353442556444556666555666
111111122221223244253334555334555634566634666644
112222111222131442531344533344566334556664555666
111111233311222333223345244445245555644665666665
112233111233141223144233444223445555665555666666
112222122322111333133344153544555564566664566644
111111233331234331224355244555264555264446266666
111111112222332244322554336544366554366554366654
111111123133223333422536422566425556455566444466
111112132222132224134444334455355456365556366666
111122133332144332144322144322544666566666555555
122333112333112433122455122455144445664665666655
122223111223144223144433144563154563555563566666
122222122234113334111334515534555534656644666664
111222111122344122334525334555334465634465666665
122222122213111113444333444353455553466655666665
111111121333422223444253445253465253465553666666
111111211344233344222354222354666354666354665555
122222132244132444133334155534115534155566666666
111122313112333122344442345422355446555666556666
111111123331422333442353422255444255645556666666
111111123133423333422553422255425556466656444666
111111221333221333422355442355442556466556446666
111122314112334412344552345522346552346655366666
111111122223123323423333424455444555455566666666
111111222121232224333334533544555544665544666666
111222111223144223154423654443654553655533666663
111122111223122233423335443355644555664445666665
111111222231222231444435444335643355666355666655
111112333112453312455332455532444552466662466662
112333112223112423122433144443566644566666555555
123333122323122223144443111444155564555666556666
111111123331222433224443522443555543566646556666
122222111232133332143555143556143556444656446666
111112311122322222334444344555334455366655666665
111122333122333124331124566224566644565664555544
122222111123411123444423455533456553456563666663
112222122223114333114333514346554446554666555666
112222112322113332143555143365444365446665466655
111123411123414223444233544223556233566666555566
111112112212332222333344335554555444565446666666
111222311244311244312244352544355566335556366666
111112331112333332444322445552444652666652666555
122222122123111133441335433355444445666655666655
122222121332111332114355644355664335664445666455
111122133112433132453332455662455622445666445566
111111112333222333452223455253445555444466666666
111222122233112234133334153444555664556644556666
111111212133222223244553446553466653466553446653
111122131112333222443332444352455556456556466666
111222111222133332134442533344555446555546666666
123333122233112233144225114455614555664445666665
122222111232133332111433544443545546555546666666
111222111122132224335544355444335554633564666666
111222112232412532411533455553456653446633446666
111111221221322223333333444444555554556654666666
111111121222222234533334533344555554656644666664
112222111222311142344444335446335666335566555566
122223122223113333111133444566455556445666445566
111111222211332222333344356664355664555644556644
111112132222132442132444333455335445665555666666
111122133322113322413352466352466655466655444455
112222113332133322111332455555466665444665444665
112222113322111322441335444335445355465556666666
122222111112314422315446355546335446335646355666
122223112223111123444133554333554666554466554666
111111213331243335244335224555224445626455666666
112222111122113332444332433355446555446555666666
111111211333223344222345226345666345664445665555
111111222231222231443333444536455536456556456666
111112112222313222333444334445364545666555666655
111111112222222323444333445553445533465556666666
111111121334223334233354255554225544265644666666
123333123343122344122244125554115654616654666655
111222112233122333112345443345644445666555666655
122333123343123443122244155254165554165654166666
112223122223111233145533144533446555466565446666
111222111223144223144423544333546363566666555556
111111213133233334222234525254555554664444666666
111222331222341112341442344455364655366665366555
122222123332133432111433115444555464565564566666
122222111122133142333144356644355664355664555664
111112112122332222344555344455334556364456366666
111111112222222324333334353444555466554466556666
111112313122333142334442534422554462555566566666
111111223114233444234454233455223355626665666655
122222123332113332411335415555416665444465466665
112222113342113342113342553342566644555644556666
111112133122133324553324553224655524654444666666
112222112322411332413333415563445566455566445666
111122122222111342333344355544335544555646666666
112222122233113234133334115544665544666544666555
111112113312443332433222453252455555444656666666
112222122322111333113343444443555446555666556666
112222111112133322333324356664556444566664555544
111112113132333332444432445442555222565566566666
112222122344122344133344153364155364155566556666
112222311222331112334155334555344566446556446666
111222111122333124333224355554356554656644666644
122222111223411233415553415663455563456663444663
111122113112433322443325433525444525664555666666
111112133112443332444332445322455562556662556666
111111122213222243255543655443655433656443666643
122222123324133324133444135454165554166555166666
122223122233124443144433144533115555166655666665
111122113132413332433552435552465552466662444666
112222112232111132433333455553444555664445666666
111112122222123244133444333334555554565654666666
111111112223444223422233445663445663555633555666
122333122333112233122445144455114445666555666665
112344122334122234112334112334555564565564566666
111111211333223333224443222455666455644455666655
122333112333112433112444122244555664566664555566
111222311122331122435525433555436656434656444666
111112132212133222443255433335444555445566666666
111111212221222233333334555634566644556444556664
111112111222334222344425344445366665336555366655
111111221331222233244435264335664355664445666555
122334122234122334125334115354155554165644666666
112222312124311124333124353354555554665644666664
112222112222311144315554336654336554336554666644
122223122223144333144333144555144565115565666666
122233123333122433122455144445144555116556666666
111222111123142223444423545443555533655663666663
112222111222133234113334555334566664556664556444
122222112223133333114535114535444555446665466666
122222111332111132333332445555455565466666444466
122222112322133344134445134455136455136655666665
111122131122333122334522344555344455644665666665
122222112233411233411133444335455555445656666666
112222111322111332443332433555465555466665444666
112222111223412233413333413555444665446665666555
122222113222133333113344115544666544666554665554
122223122223111333144533145535144555444566666666
111222131124132224133244553364553364566664555664
112222112233114233114233554433566444556646555666
112222311142314442314522314555334455366655366666
111112331222331442331422334442555546556546566666
111223114423144423114423555423655523665523666663
122222111233142233145533145533144555446665466666
122222112322133333114433144445166545666545666555
111111122222122233433333435566444566444566555566
112222113224133224133334135554155554656664666644
111223141223144223114423544423555533566536566666
112222112332411332411532466533446553446655466655
111122131142133442333422355426355426554466556666
111111122212333222334255334455364445666445666655
122222122333112333415553411553416556446656444666
111122132222133322113333444444555544555666566666
111122112222311224333444333455344455655556666666
111222111132414332444322433332455556456666555666
112222111233112223133333444555464555466665446665
111111222121332222334444534664534466533566555566
111122311222311442344442345542335555633665666665
111112333312333412553412544422554422555466666666
112222133322134322144355144335144555164665666665
122222112332114332114433154443556643555646556666
111222312244311244312244315546335546355556366666
111112133312134322334442354422556442566666555566
111112331112342222344422344555345556346556366666
111122331122331142335442335442555442566466556666
111122133332134322134322144442554455655556666666
122222111122311442315544355644355664335564336666
111112111322333322343422344452644555645555666666
111112111222332242334442334555344655364665666655
111111212231222233423333455536455556446656444666
112333112234122334112334512244555446556646556666
111122314122344152344152344452333552636655666665
111112113332133432554432555432655442656442666662
111222111223141223444233554433544633566666555566
111222111222133322134333544366554466554466555466
111111222113244553224553244553244553646333666666
123333122233144235144235164255164255164465166665
111122113222113242533442533444533544555566666666
111111123334123334223444223546255546255646556666
111111122213223333223453244453664555664445666655
111222111322133332143432444432455555466665666655
123333122333112344122245112445164445665555666665
111122113122333122433325444325446655446555666665
111111212313222333224335244355445555644465666666
111111122133222443252243555443555443665643666663
111111122221223223443333453366455666445666445555
122222111233411223411333444335464555466665666555
111122133122133332133442555442544442555666566666
111112314412314442344422355222335555336655666666
111222331122333112343312445552644455644655666665
111111213331223433222433224444555554556664566666
122222122333123344113444133454115554555666566666
111111213314233334233444222445265455265555666666
122222122332114333144553114533144555644556666666
111111223311423355423335422635442655442655466666
111222112223411233441233444553446553666553666655
111122122222123333144333144563444566545566555666
122222111222131114333344355346555346554446566666
111111112233442333422533425553426655426665446665
112223411233412223411233414335444555555566666666
111111123331223333224443224445264455666555666655
112222134442134442133422133455113655663655666655
111112131332133322334222444255445555644556666666
111111222213222313233333444455464555465565466666
111112313122333142433342444442555522556556666666
111111112222222324333344335554355444556466566666
112222113222133244133334155534155554656664666644
111111122314222344222334555334566334566664555664
112222112322112333144443144433555453665555666666
111223122223122433114443154463554463555663556666
111111222211233222334555364445364455366445366665
112222312422311442331444311544365555365556366666
111112311412334442344452333452635552666652666552
111223122233124223144433154443156643555666555666
112222132244132244135544135554135654136656336666
122222111222133334133534113544555564565664666644
122222133224113324511334551134556634556664566644
111111212221222334233344333544666554666654655554
111222122233142233144443114443566663555563555666
111222131222331122344155346555346655344656344666
111222111112344442344422333425335555635655666666
111122113122443122433325463325466355446655466655
112222111232111234555234565534566334566344666344
111122112223112333422333444553444555466555666666
111111222211322455322455366445336645336445366645
111122133122113222433552443355463555466665444666
112222111222133332134335134555444555464465666666
112222312122311112344444333455363455666455666655
122223121123111223441553445553445333445566666666
122222121234111234155334153334555534566644666664
122222112233111233441133455636455636445666445556
122222113322113442153444153466153446553366555666
111111122221333324353224553244553664556664566644
111222112222111233333333445566445556445566445666
111222111122314222334445334455334665364655666655
122222122332111433111443554443564463566663555566
122333122343123343122444125454115554615556666666
111112311312333342555342555342566642566642664442
111111112333442235422335442635422635466665466555
111111122221333222334244334445365445665555666665
122222111122311142355444355444355646355666333666
111122331222331142344142344442355555366655666665
111222131244331224331224331544355546556546566666
122222121122111133443335444635446635466635665555
122233112223111123444123454443455663555663556666
111111223131223333224435224435444555664665666655
111122331112333122433222443566455566455566444566
112222113442133442133422133456134456555556566666
111222131112134222334425366445366445336545666555
111111223341222341222344553344533546555546666666
111111222213224213554233554443554643655643666663
122222132232133333131445111455444455646655666665
111222111222331422331444355444335664535666555666
112222111112313442333422354466355466355446555666
111111122133442223422233455633456636455666445556
111122113322113422553424553424553444533666566666
112222111232413332411332444335466555446655666655
111111222211232444233354263354663554663554666554
111112311122333222343325643425644445646555666655
122222113232133332134435144445144555166565666665
111112133222113322333322444555444566455556466666
111111123444123444223344223555223355666355666665
111111211233222223442333444435654435655555666666
122222111222131114333334553434556444566664555666
111122133322111332445332455322445566455566446666
112222111322144332154432154433556443556663556666
111222311244311224331224333444356664555566555666
112333122233111223114423544423544666554666555566
111111122213422333442223546633546663544466555556
111222112233112333412253444453444653666655666555
111111223331222331422533442535444555664465666665
111111221213422223443233443335466555466665466555
122333122333122334112444152464155664156664555566
111112112222133332333322455555444565444665466666
111111122314223344222334523344553664566664555566
111112133212132222333342535544555644565664666644
111111122222123333223433553466554446544466555666
112222311222311124331444334454355554355566666666
122333122223122333111434151444555546566446556666
122233122443124433122433114435116455666665665555
111122122123112223333333455556445666445566444566
122222111222134444134454135554133355666335666665
122223112223111243114443555433555443556463666666
122333122443124433124453124653124655166665166555
111222311244311224312244333554366654365554666655
111122112222113244333245334445366445366665665555
112222112232111132443333443555463555466565446666
122222133222113333113443514444514546555566566666
122222113222113444513364511364553364555364566664
122333122343124443122243115443155466155666555666
112333412223411223411123455623445663455566455666
111111112222333324335324355224665544665554666644
111222112233411233441233444233554466566666555556
122223112333122333112344511544555546564446566666
112222112324122344115344155344553346566336556666
111112134422134422134422333452355455365556666666
122222133222113333411553441553441555644465666666
112222111112333122343525344555334565444465666666
111111112333442233544223554223554263544666556666
111122133112433312434332444452466552665552666655
122234122334112234112334513344515564555664566666
111122131122133332333442566442556442556644555666
111111122333122223224333554436544466545466555666
122222111122131442331544355564356564356564336664
111222111112333222333332445555466655446655444666
111111122223144423444523644523666523655553666533
111222111222331422331444533334555544656554666666
111222311112313222333424353444556464556664555666
112233144223144223114223114443555553665553666666
111222131124331224331224334444354666555566555666
111123141223141223444223444523666553665553666553
112233112233111233142223544443546666544566555566
111112131222133442334442344422356666356566555556
111122111122333332334322444452455555465566466666
111222311224311224331244355554365544366554366666
111111223411223444233334233444255555256655666666
111112133312134332444332454422555422565566566666
112222122333112333112433156444556664555644556664
111222131122133442133422334445344555666665666555
111111112222222333233333444555464455466555466666
112223112323112333112234555634565644565644566644
111111212133222223444423455333465553466655466665
112233111223112233122433444443445566555566556666
111111222113222233243333443555444565466665466655
122222111122344152344155344155346655346665333666
122222122233111134155334155334555634566664666444
112222112122311124333344353554653544655564666664
111112111222322224355544356664355664355664333644
111112113322313222333442354442556644555664556666
111233122223114223114233444453464553666655666555
111112311122333224355224355244355444355466666666
112222311112333112345522344555345566344566446666
111122112123142223445523455553465533466663446663
122222132232133333134444114455116445666555666655
111111223114233444223334225534265534666554666655
111122112223412323415323455333445555444656666666
111111122222123342533342533344555554656664666644
111111221314233334225534265534266534266554666544
111123121223122223144553446553446553466553466663
111123112223122243142443544433546663555663555666
112222112223112333114533664533644555644445666655
111222311122311422333424344444355555366655666665
111222311112312222334444356464356664356664355555
111111223113223333222233445555444455464556666666
111233122223124223144433145443145663555666555666
111111213331233334225534266554266554226554666444
111112133332144332143322442225445555645565666666
111111211334222344223334523634525664555644556666
111122311122314422344552334452364455366665366655
123334123334125534122534112564122564155564666664
122222122333124433114443111443555543655556666666
111122112223114223444523444533664533666553666555
111111221331222333423335422555444455644556666666
111122311112333222343352444352664455666445666555
111222112233122433112443554443654453655553666666
122222123332123333113444511444515446555566566666
111111213331233334253444255664255644255664225666
111112311222331322333322445555455665444665446666
122222121232111133413335463355466655446665444655
112334122334112334112334512664522664566664555554
111111222113222233243335443355444665466665466555
112222133322113322143355144355164455666445666645
111111122233124233224533424553444453655556666666
112222311122313142333142353544655554665544666664
122222123322113444133334113554155564555664666664
111111223331222431222433555436554436554666544666
111222131222131224331444355554335554636564666664
111111213331233233222243552544555544566444666666
111111123334122334222344255334255664556644556666
111112131442134442334222344252355556335556666666
122333124433124433122443125544125566155556166666
111111223114233334235554235654235654266654266644
122222112334122334115534155334155634655644666664
122222111222311114334444334545366545366555366665
122222112333122433144433154463154466155566555666
112222122232111334115344555334555344656344666666
111222331222311122341556345556344566334566444566
111222111112333222343352343555445556445666446666
111222111222311322333344555334555444564466566666
112223122333122343112343115544555644555644666666
122233112223144223143333144445114655666665665555
111111122221223425233445334445344555365566366666
122222111232131132133334535544555444655464666666
111112113222133342533442533422555444655564666666
122222111222131144333144356444356646355666355556
111111112223422233422443444453655553666553666653
111233111223112223445523455523444533464556666666
112222112223114233144435143335443555646665666655
122234111234112234122534166534665534655534666534
111112113132443332443522433552455552456662466666
111112133222113222443332455533445555644456666666
111111122313223333224343224445444555655556666666
111111122223124433522443526643556643556443556663
112223122443124453122453144453115553666553666663
111222133232133332113422144455644455646555666665
122222112122311114334444334544336555366665666555
111112122112332222333344355444355454665554666666
111122331112333312344222344552664455644555666665
111112122222132424134444333445663335666665655555
111111121222322245332445333445336445666645666555
122222134442133422133444153364156366156666155555
112222122322111333411353455353445555446666446666
111112131222134422334422333444536664566666555555
122222111232133332143335144555144455664465666665
112222112322112333113333444566445556455666445566
111122314122334112334222334455634445666555666655
111222112222111323433333445536445666455566445566
111111222113442533422553422533444533455566666666
111111222211334222334442333444355664555566556666
111111122231224333244443255643256643555643556666
111112111222332242333342553346555446544466556666
112222111232114232154333554633554663544466554666
122222111122133332114333444563454566455566455666
112222112232111233413333444435465555466555466666
111112133332133322143222444552454556455566466666
111112133122133222334225334455444665466655466655
122222122233114443114553114533444563555563666666
122233112333112433512434512444512664555664556666
111111223311233333222435626455626455666445644455
111222112232112233144443444433555663556663555666
112222113222113332415533415336455566455666444466
111222311242311242314442335444335555636555666666
122222111232411332411333455366445366445556455666
111222111322133322134325444335664445666545666555
111222113332113322413552443352444455664655666665
123333122223122453124453144553145556146656146666
122222112223111133144533445533445553445566666666
111111223341233441235544235644235664235566255666
111111122133224443254443255543265543265533666666
122223111233111223144233554633554666554666554446
112222111132411532444532454532455533456336666666
111122111222122233433333435666445556444566455566
122222121332111332113344533444555446565546566666
111112311222331222433332444535444555645565666666
122222112233142333143343144444155666155556556666
111112311122332222333342536644555644566644555664
111223112233142333142553142253444556455566466666
111111211334233334253534255554255664226644266664
111111222331222331242355446355446355446355466666
112222122223111333413353415553446555446665446666
111122113224513224513244553244533334555664666666
112233122333112223112443514443556644555664556666
122222111123114223414533444533645533646555666665
111111122213223333222443444443566643556666555556
111112131222132242333342354444355554556664566666
112222111322114332144532664533664553664453664555
111111122223142223445523455533456553466633446666
111222112222133442135544135544333544366555666666
122233122233111233441235411535466555446665446665
122222122324133344133344135554155554165664166666
111123122223144223114423554433554436556636556666
111111223411223444233334235534225544666555666665
122222111232113332133435166435664455664555664445
111111122233122334223344255344665344665554666655
122222123324123344111334551334551544655546666666
111111112233422233422533452533455566444556466666
111123111223451223455223445233445636455636456666
111111233311233334225344225544225664555644566666
111122111222132242533444553444553334556636566666
122222133332113332415362415666415656415556444456
122333123334125534122534122544115544615546666666
112222122233112333133344115554655654655644666644
111222122223111233441333445533445555445566666666
111123142223144523145523145523444523665533666666
111222311222311224331444333445366445666555666555
112222112322111332133344555334555644565664666644
111111123444123544223544233554263355266365266665
111111223141523344523444523334523664522666555666
111112111222333332344442345542345642555666556666
111112131222431552433552433562435562435666444666
111111122333122343552243522443555443554466666666
111112111222333442354442355642355642355646356666
122222123332123333144435144455146555146565166666
111233111233412223412523445523444553466555666666
111111233114234444233344232354222555655565666666
112222112222314445314455314455314665336655336666
111111213331222333442253444253446255466665666555
112222111122133122443333444353455555465656466666
111222111222113332433332434555444655644655666665
112222122322113333133443144455166455666445666555
122222111222111133333333444444545646555666555666
111111213331223333223444222544555554566654666664
111112113122433332435332455662445622455666445566
111122133112133222334425334425444555465565666666
122222112323112333411133444453644555645555666666
111122112222112324533344553444553346556346566666
111112112222313222333333455666445656455556444466
111122112123142223445523444553664553664553666633
111223122233145223145263145663145633445666445556
111222122232113332114333444536455566445666455566
112222122223144443111143555443665543665553666633
122222113322133324153444153446153466155466555666
112223111223112223143333445663455666445656445556
111233111234122234123334522354555554656664666644
111111122221223324233344553344555344566664556666
112222111122311322333334555344566664555644566644
111111213313243333244535245555245665244666224666
112222122323123333113444113455664455664455666655
111112132222132244135244335554335654636654666654
122222133244133224134444133345166665116555666555
111111213333213455223455233455266455226444666664
111112113132333332434422444442555552566652566666
111233411233411223414233444223455525656555666666
122222111122133323113333444444555546556546566666
111222111222112233444433455633455633445666555666
122222122333124443144333144435116555616655666655
111111212133222334252234555534555334666644666644
122222112322143333144443145443115563555566566666
111122133332133432134422144442554662556666555566
111223112223144233114235444235464335666655666555
111222111342133342134342334442555542556566566666
111112331122333122334222344444445666555566555666
122222123334125334125334155434115444615556666666
122223123333122343124443155444115554616655666665
111122311122314225334425344425334555364565666666
111112131222133324332224356664356644555664555644
111122113122133322433332445552445655444655666666
111122341122344112334452344452333552666655666655
111112311312333332443522455526455526444526466666
122222113332111332145332145366445666455566444556
111111223311222333442335442235444665646655666555
111112131122333322344332444442546662566566555556
111112311412344422354442354222355555366665336666
122222112344122334133344115334155554656554666666
111223111223122233124333544436555466554466554666
111111222131422233445223455553445653445633666666
111111222213224213244433554436544336555636556666
112222133222133332144335114445144555645565666666
111111231133233334244344224445265555265556266666
111111122233142223444423545423555433566663556666
122222111222331111344444345554366654336655366655
111122111332414432444332554332554632556662556666
111112111342333342553442553442553422655462666666
111122133222133322113332445555444555464656466666
111111213134223334222234552334554444655556666666
122222121332111332113334555344555444655464666666
111111123334123334223434522444526646525666555566
122222121223111443541143544443555533666553666663
122333122333122443112443112444155554656655666665
111122131112334452334452334552634552644552666666
111111212213222233243333443555466565466665444655
111112333312444312444312445332555552656562666662
111111223314522314522334552334552634655644666664
111122331112333312343222444452466655465555466665
111222112223111223433333443555444456455556666666
111122311142355142335442355442354422355666366666
122233112233111223415233415535445555444666466666
112222311122311224331444355466335446355646555666
111111123331222344222334552334655544666554666654
111112333122334142334142344442555552656552666666
111222131112331322333322444444554564555566566666
111233122233122443122433115434665444655555666665
111122111332143322443332443552444552555566666666
111112113332413222443352443352466552466555466665
112222311222311112333344555334554444555664666666
111222311122311332333322455555445455444466666666
122233124333124333124445126445126455116665666555
111222122223111323144333444553446653466555666655
122233112223112233111334555634556664566464556444
122222111324133324153324156334156664556644555664
111112111222322242333344335544635554665554666664
111112112212332222333333444444554564555566566666
111111122341222344232354233354635554665554666664
122334122334152234152234155334155644155646166666
122223142223144423143333144535164555165556166666
111111212213222433244443244333554636555666555666
112333122433124433122443125544125646155666555666
111122133122331122333224355554555444656464666664
111223112223112233142333444443445555665665666655
112223122233112433112443515443555543556446666666
111111221133244433245553246553246653246553246666
111111112223422333423355422335444665466665466555
111111121333422223442223544433546663545666555566
122234122334122334112344115334515564555564666666
111122111122333222334255334445364455664455666665
111112112222312444322444335466335466355566355566
111122111222134422334525334555334445366455666666
122222111322111324133334335544555554666544666664
122222111232111132444333454336454536455566556666
123333122333112234115244155224155444556664566666
112222112233412235411335413355446355446655466666
112333112333122343124444125544122546555566566666
111122111322441322444332455332453356455556666666
111222133332113322113324566624556444556664555644
111122311222331124333224355554356654666554666444
112222122232144333145663145633145663145666445555
122223122233112333114443115543555644566664556664
111112331122333122342224344444355554655655666666
111112133132133332443222444442455552655556666666
122222123332124433114533144553164455164665666655
122222133322113332415335415555415665414666444666
111111122223142233445223455333455553466566446666
111122133322145332145322145332445555466566446666
111111122122332224352444355554333354666654666654
122223142523145523145523145563146563146663144663
111222331222331112333312455555444455446665466666
112223111233122243154243154443556443556663556666
111233112223412233412335412435444455666655666655
111111222133222134252334553344553664556644566664
122223111223114223144453146553446653646553666553
112233122333112333112224154444555554655664666664
111111122334122334225344225334555344565546666666
122222132324133324135444135554135554166564166666
111122311224311224333244333244566664565564555566
111122311122331442344442333422355455655556666666
111122112222112233443335433355466655446665446655
111222132244133224113244133445635455635555666666
111122311224311244333244352244356664356566555566
111111122233124235224335244335644435666455666655
122222121332111132413335444335446665446565666555
122223111223112233415333415553444555446665466666
111111213344213344233344223445622555626655666655
111222111222134422134445333445333455666665666555
123334123334122334112444122244155555166655666665
111111222221332421334425334455364445365555666666
123333122333112223111425614425644555664445666655
112222122322111334113334555334554444555646666666
111123112223112223444253445553446553646553666663
111112113132333332344442445542645552665552666662
122222111222111133445533466553446653466653446553
122223122333112233111433514446555546554446566666
111122113112433322443322443325445555645556666666
112333412223411123451223451263455663445566455666
112222112342122344111334333354666654655654665554
111122131222131222433333444435464665466655665555
111111222221333321343522443555443555466656446666
111112331112433222433325443225446555466555466666
111111221313223333425533422555424665444665466665
122333142253142253142253144453116453616455666665
111111222311223333233455263445264455666445666455
122223111123114223414423444553645553665653666653
111111213314223334223344255344265544266555666665
111222131122333112344442335542355544556664566666
111123122223114223144423544333544636566666555556
122223122333122334111344151344554446555566566666
111222132222133324153334155344156444556646556666
111222311112344142344442355542356552356656336666
111222331122344112344412334442536666536556555566
122222112122111133433333444553464555465556466666
112222312222311111333455633455663445644445666655
111233122233112333142253144255644445664655666655
111111233331223341222344252344555554655644666666
112223111223111233452233455336455666455566444466
112222311222331245311445314445366445365555366666
111111122133442233422233444233546666545556555666
122222112332111132413333444563445566455666455566
111233141223144233114223544223546663545666555566
111222131222331112333442553644563644566664555564
111222111232114233444223456663455633445663555566
111111122222133442333342553442553544655546666666
122222112324111324153344153334555364566664556664
111111222331222331233334256644555644566664555644
122222112212311114333544355554355544336446666666
111111223331223331223455223455444445666455666665
111222111232142233144233444333544666555556556666
111122112222311422333444334445366455366555666655
122222122233111133144443145543645533645555666666
122223122233123333113444511144554446555666556666
111222311242311242331244533344553644555666556666
111112333122331122433222443445644455666655666555
122233112223122333144443145553145555144656666666
111222111232112232444435464435466635663335665555
112222133322133322134444134564144566155566555666
111111123333122333224535244555224445664455666666
111111123144523334523344523346522446522666555666
111111222211232233233334556634555644565644566644
122222111222111134333334355534555664566664566444
111112311122334422344425344225364555365565366666
122222112323112333411133444553464655466665466555
122222113322113332143536145536145556444556446666
111112311222313322333442354442556444556666555666
111111221231222233243333445553466555446565446666
111112113322413322433332445552466552466555446666
111122113332411322433332455552456552446566446666
122223122223144443145453145453165553165663166663
111222133442113442113442333542355542655556666666
111233111223112233442253452553455553466666444666
111112112222133442334442333542366544665555666655
111111122231224233554223554333544636554666544666
112333112333142323142225144255144555445566666666
111122333112333112334422444522444555666665666555
111111122221322422333444333554355564556564666664
122222113232113332111433444443456666456556555566
111233112223411233412235462535466535446555446666
111122331112333312344322554422544466545666555666
111111223311222334233344224345654445655555666666
111222111122133332433352463552466655444665446655
122222111223411233441133444563544563555563566666
111122113222133322143332443566445556455556446666
111112113312433352433352445552466522446552466666
111112133312133222433522435552444655464665466665
111123122223123333124353124555444455466556466666
112333122233111223141233444255445556445556666666
122223112233144233114253144453145553645655666666
111112131442133422334422333442555542555566666666
111222131122133342133342553442556644566644555666
123333123334124434122444122455112555615565666666
122222112332111332441433541433544466555566556666
111111222221332421334424356444356664355566355566
111112333122334122344152344552364452666455666655
111222113322111332444432554432556436556436556666
122222111232111233144533444553644533645555666666
111233111233411233422233422555444455666455666665
111122113122433125433225463325466355466665444655
111111231341233344223544233544255564256666255666
111222122232112334511344553344533644556646556666
112223122333122234111334551434555444565564666666
111112131312433332445332445622455622455666455666
111222111122133222433335433555446556446556446666
112223122423122433114433144433145555555666566666
112222122333112433112453144453446653646655666555
112233112233411233411233445226455566445566455666
111112112222133224333244553644533664556644555666
111222112222311124335444355546355446355646336666
111222111112334422533442533642533644555646556666
111112311122333324353224355524665524666544666544
111122133112132222333442335544555564556664666644
111123441223441233411223442233455536555666556666
111222331212341112345522344555334445366455666666
122222112332144332114433511463555463554466556666
111111222211223444233334233444536466556666555556
111111122333123333222344522444555544566546566666
111123122223123333123344125444555544556564666666
111111233113233333222445222455444455465556666666
111112344122334112334422344522345555365665666665
112334122234122334122344113354165554666654666555
111111221123422223455523444553444533666553666663
112222122333122333114433115444555446555646566666
111112311222312245322445333455344465346665666655
111111231144233544233544233544235566255566226666
111112111322445332445532455332445332465562666666
122222112233112333133344155444155564555664666664
122222122342113344113444113554633354655555666666
122233122433122443125543111543155543655446666666
111112311212333222344425334425366445666645665555
111111112233422253425553422653466653466653444653
111111122233122333422233455553445666455566444666
111112312122312224333324566344556344566664555564
122233112333112443122433125444155664555564566666
111223122233112233112333444555464665464655466655
111111122333123343223444223444255546556666555666
112222311222331112344415344455334455366665666655
111112311412354442354642356642355642335622355666
111122111223144233445223465523466533466553466655
111111231144233344233344235545222545266555666666
111112331112333322332224552664555644555644666644
111112122222133232133334555634555664566664564444
111112111322443332433322435226445666455556455666
111111222113442223444523445523645553665533666663
111122131132133332445532444532445552645652666666
112222311222331124331144355544335446555466566666
111222133322113224133254163554663544655554666644
112222113322113322113444333454655554655544666666
111222112232114233514233544443554643556663556666
111111222113222333442233455553445663455566446666
111112111332444332444432455332555532656562666662
122222122323133333113444111554666654665554665544
111112112222132224334444334566344566355566355566
122222123242113344111344155334555634556634566666
122222111222131144331334533344555554666654666654
111122133112334122334422355442355544556664566666
112223112333112433122443125543555446565446566666
112222112222111334551344553344533344556664566666
111222122232111132445333445353445553465566466666
111223122223112233114333554636554666544446555466
111111233314223314233344255446254466255566255666
111112122212133222334445344555364455364556366666
112333112223122433122443155443155544556546666666
111111213331224333224433224444526646556666555556
112222111112314222334444355544355664355566336666
111222112222113332413533455533456556446656444666
111223122223112243144443145443555553666653666653
111222133222132244133444113454633455666555666655
111222331112331312433322445552455655466665444666
111112133312143322444332444532545552555662666666
112222112222111134533334555344655334655664666644
111112133312432312432222435566435666445566445556
111222111322131332333342555542566544556444666664
111111222113223333224353244553444555644556666666
111111211334223334223344223444255545665555666666
111111122222122234553334553644533644553664566664
112222122332113332113444133445664445666665655555
122222112232113334113354153354655554665644666644
111122133222113232413332445355445555466656446666
122222112332112344113344155344553346555646566666
112233112223112333412353412555444555466665446666
123333122334122334122254155554166554116544666664
112222111332411332414322444333445555655556666666
111111213334213434233434255444255556255666226666
122222111112333112344442354644355664355666355566
111222133244133224113324515324555344565664566666
112222122223113333113444133455666455664445666555
111122331112345122345522344552344455334656666666
122222113322133332113344144445145545666555666665
111233122233124433124335124445124655664655666655
111111122133222433224433244553446653466655666555
112222122322133333144433154444154566155566556666
111222312222311244311444355454335554633556666666
