112233312224431122443155543316654476655577688889768889976999977
111222311223331224333144444566647756887755688977568899756899995
111223312222331425333145555514546667444866778888677788967999999
122233314422231444423145555311556537188666778886677788697999999
111222211122234415533444453366645336665557688877788987978999997
122222212113341115534555533467753446788344677899966788896678999
111111234455123345552334552263442276347777666667788888889999999
112222211113224441333444553346555537666859776888977689897768999
112222314422231144433155466315746635576663587779958877998888999
111111123444552336455233644523366452227665777768878888897999999
122222211123341555344153333415554446666667889969788999978887777
111112234441223345122344555234556673885667388667788896779999997
111122341222234114523444453366775386675538677558867788896999999
112223311223331122344156738455677845667884567784456788995699999
122233311122231412553641553364445776445577688997766889976888999
111122314112334445263445526347752637785263788566677859998889999
111222231124223114444333445536367756666675889777588997558889999
111112213444421334222334425536777553667755666675899997889998888
111112213144423344542333455235555226677777688888766688976999999
123333312233441222254155555416656641166674899997488899778889777
111122311422231442533444255364677536667753868775986897598889999
111111213322224333255444325544436758996675889967588966778899677
111122213412521344252334555634475563347776888776688897668999999
111112233131223333222455555546666654447766448877799888879999987
111222213111223333332444455546666654476655777788599778889999988
111111122223442252334555333455534446666788677777869788886999999
111233341123354112355442235544422567778856788866679988967799996
111112211334423333422553442256664775586477588667758996978889999
111222231111223444425344455533335556666788666778899997889997778
111122211133245533224533324455566445776648777666879998887999988
111111233341223334442356444255666627588862755886975798897779999
122233312223431213344111555455556446666647889677788999778889997
111111234444123455552344555236666623667772377788237988889999998
111222211332421134442533464453366675666887555888799598779999877
111111231334423333442556444256666625768892577899255788997778899
122222311212334111333445566344566674856767485577788599798889999
112233311233445122344512234651777465578646577866657889998889999
111122211322421333245333444566644556667855967788597777889999988
111112211333245333324555522467752446775844677889967888996668999
111122211322441333224333544466655476685777668599788855978899997
122344412334551223445122364511336551666665778888877999887779999
111222234112223441156344555634455663337576877777688889968899999
111122211312423333442355546235444667558666758886978889997777999
112222211113245551324555533466633446777348677794866799889999888
111222231122243114444335544633555667388556778866677889997789999
111233311124431522443552444352266635556666778899978888897777999
111122234111223444442345555233567583666758369778866977789999988
112222314422231144443154663315666335576688577888955789897779999
111123312222431252443155544365554736666473688777768999978888999
111222213324441132244153334455536678555677888966788896679999977
111222213111245367224536744453677445366778533678855969889999988
111111213333224343222444352674455567755566877766687899998888999
111222213322241133444156337485663748567774856667985559798889999
122333311223331122245611444566745556674558667488897777889999998
112223311123331122443552444356666475866647588888755899979999777
122222213334421335644173564417356641755688175568877796889999998
111122213144421335442333544263755526778855677988867798896669999
111223311222234115233445533645577664558776488879648977968899996
111112211344225534442533642253364775536777586667988869798889999
111222211112334442233544633354666665467777588887755898875999999
111122233111245332224553366455536447756644788966977899997788889
112222213342251344455133446513346651666655777888879778887999999
122222212113331114333544463654476665487776558997658899775888999
122223311122231113333444444564777556677855667888569799856999988
122223311222331111443566443356664445556777558679788877998889999
122222312244331114433516644351666435555667888577789997778889999
112222311223231145333144556344455664775568779966877999687998888
122222211233331114443551443365547786654788655778869977986699998
111111123334442333344225556422566642755566877779688779998888999
122222211113324155333415667344556734856677485967748896798889999
111111233331425336442553644256664425766882577988257999887779998
112223314423331442235144423516677751677785967888596668859999985
122233311222331442553144455314466551776665777768899976889999888
122222311444231444423155633315563771556777856669788869978889999
111111233331224333222444555266475556447775668887768899796889999
111222233124443312244351664435166673556677885557788889978999997
112222211112234441333444335346665576685557968587796888879999977
111222211112324444332546433356647735567778566788855678989999998
112233412223341223344111354677885467889546778955678895567999966
111111122222332443333254463755486675448667588866758989775999997
112223312222331114443156643355664775886477586647958887795899999
111122213314221355442633544263354476685777668557768899798889999
123333312444431222543122654416665551676558167888877798987799999
112223312223331112343551444455677445667778566677856998889999988
111122213114223344452364755236477553647855367788866978986999998
122222311422331444443115664351556635556663778888877999887779999
111111123444452344455233333522665557266688727668877799887999998
122233412233441223334111554416675846677588677558869775986999998
111111213444225343442533334255666225576888577668877996887799999
111222311122331422533446557346655734465577846669788899978889997
112333311222234122553411556344556664456667477777788888998899999
111123311222334125233442555346655774668577468887746688879999999
111111233331223445522334555244455624666666777888877789887999999
112222213242551334445133445513647551367777886697988869798866999
111222312223331112333445555544445657477666777668679998889999888
111223312222341253334115344455564475566677889667788996978889997
112233311123331142536444256644225664777556887775688997598889999
111122233122425311246533344657738465577846577784658888669999999
111122213114223334442353344255666475566667588887759988879999977
111111122233332233435624445562474556747755677788866688989999998
122333411233341122344122544416557776655557688877766889996889999
122222211123341333344135554415556447765688776666879998887799998
111233311123331222243566624456767745677744567884855988885999999
112223314442231444523146552316655331677558669777896977889999888
111222314442231444223114533366557386665788665578899597789999778
111111233331423534442355544266554226758829677789967788896678999
111111233132224333255443225544465557466666776899977788997888899
112223311223334112253415555344665578446677849967788996678889997
122223314225331424553144456311145637888566778859678899967779996
122233311122234112333415555544455664776666477768897788889999998
111233341223534112253441225344655578466597866669789999978888777
112333311243431124443512464652226665577776577899657889995888899
122233312233441233444125546411556671855677885666788997778899999
111111231445523444522344552633552267336666778869978888897779999
123333312244331222444125554415565661566667188877798988879999977
111123311412234444233545423355522675886667586677788677998899999
112233311222331142233144555644557764557766488776688897698899999
111222231144223114552344455536647553666777336687788888879999999
122223314442231455233144556311455631777566778666978888897899999
111122312222231444443145455365555336666637687777788879998889999
112222211324421334445113345566374586637958677795867999586799888
111122211222231445333645555364455736644873688887769887776999999
111122311222234125333455555344665734467777466787866888889999999
112233311123334412235461225546666554677775468997548889778889999
111111233333124445332644555264455526666622777778897997889999888
111223311222341225334155534466553446657774687797768999996888889
111223311222334115233455526345556664776668477788847788984999999
111122213144523314452334455233645527766588766888876698997779999
111122233312423351242335144675544467855566788886677778869999999
111222213334221133442153544675358467555846777986697798669999888
122222211112331413333445555346657584665778446667899977789999888
111122312222331124443556644355664435566673588887799898879999777
112222211133221413335444335564455556647888667778866797789999998
122223314222431444443115666315576631557663885777988597798889999
111222231222443111444333555436365547666855776988877698987799998
111223312222231444443115445365555536666663788888877799987779999
111122233111243355524365522436655443666447886777788889778999999
122223311112234411233445555364455536647888677777866678889999999
112222211132445113244555344456537775663887663388796698879999987
112222231114423331142553334675554467755466877776688888968999999
111222211112324553332455336645736664576678457777844988889999998
122222212334441333354111365417666547766654778855579988887999998
112233314423231442223114455361645556666755688777988879998877999
112222231124423311144533344455536675856667586677788887978999999
111112213312243332224563364456666645555784957778499977889997888
111122211312224433332443553644755564777556878766688876998899999
111222211133321443332444553245555664576666877769987877998888999
122333314222331444253116425517645551764885776888976668897799999
111112213342221334442533647253664775566477588667958899795888999
112233412223341122344516633451667745668794568879958877995588799
111111233314423354442365422236542776657777655788866599889999988
111222231142253144255314445533674553367778666977869697889999888
122223311233331223444114444516655556666755688777799888879999987
111222213124223314445331445563345556666675889967789999778888977
112222211123234114333444435566473586677758669755869977589999888
111123341222234112233444453366645556777775678788568888956999999
112233311222331112433555244657444465777766588976658897968889999
111222231111423333342355554266655446666544777778899997789998888
112222211113324156332455633345566664557776444787799988879999888
122233412222341133334511144455556647585666778669978888897779999
112223312223331112343516444456677745866774586677958888895599999
112233311224335112436517243657724465788846579984657998865799986
111111233344123355422335546255544627784862778886679998867799996
111233311123331442223544442255546665756688579966877799887799988
111233311223331422223144455564445576688557669888769998876999777
122222212133441113444551364455336667553668757986877798887999998
111112213333321433222444445266554576685557668888768899979999777
111112213142223344225367444536774753667775368895566889958889999
122222311242431444443155333315566661756886775888677588997799999
111122341122234415233445523345567734556777866679786869998888999
111123311122332222333445555546655774466777446778899668889999988
111112213312243333224553624456666445566774558777788887998899999
112222212234441133344153334415566667758866775588679958887799999
112223311243331124443152644355264675556667885886798887779999997
111222314442231444233145523315556378895667889566788996678999777
112222211223441115344555533466533746653774688877768897996889999
111112211222223333344354444435666667558869775886975588897779999
111122231112223444255364444536667553336775886687598888779999997
111111122222223333444333555465555446677774667879968789996888899
111223311122341222334555533456778445677849567784966788996688999
122223312443331224443114455311675556667755866677788887998899999
111222341152234115223455555344673334467777866667988869798889999
123333312234531224455124466512446651177655888769987776998887999
111222211112223333344356666435776645577684955778495978849999888
112333312223441112334512244455678845567788566677856677989999998
111111122222223333333445555546565774666887468887746898974999997
122222211233341113544133354455555446666667888677788887779999999
111111233314223444425346622534677253667555867775986887998889999
111122231222243144444314566633555663755866377588877799887999998
122333312222431111243514444355666475586677588867758886979999997
111222213333321114332444455246655774665577668599768888978899997
122333311244431124433122445516255576687557688777766888896999999
122222314424231144443511163357776635777663578886958898695589999
122222312243331444553166455316447531667758196675899977789998888
111123311422234142523444552346555337665899776889977668897768899
111222314122331415223444533346755884677588667755867799986699998
112223341252634125263411556341556634456673488877788777998899999
111222211332241133524633355466555446757748677774869888886999999
111112233311223332224553444456674885667478569777856978885699999
112334411223341523344152234415266675555867888886798996679999777
122222211111123334445336645573664557366485777648597799889999888
123333312223341152224115544415567745566874666887768888979999997
111112233112224333322444355546677554467755666777869988889999988
111122213312221333324535664455566645778664578889477899947788999
122333311234351224435162244516664451677885966778597778859999988
122222311123234415333411535644555564477766887999688779668887999
111222213111423333342556344255666475866447586777758879998889999
111222211332221333344135444677545468755566877596687799698888999
122222311122334513333451156645555764487776488776648897968899999
122222213334421335544163554416355541667777186677988867998889999
122222212333331334455116445516664451666455788889978778897779999
111222314442231442233114433355566785666778566977859997785999888
112333311234441223345112244566277456887775668779568889956899995
111112233341125534442553444255366625738662777886977889697889999
111222211132243313524633355467755446678554677888467798886999999
111122211322221334455663444566344556733855677889967888997778999
112222211332241333444135446413556667755686775588679998887799998
111122213322241132554663554463354446355777666888799998879998877
111223312224431122433154443655774365778666578889657898965789999
111112213332241332244533266455666645768994577899457888995777889
112233311233441523344152244415266785566778566977856997789999888
122222312443331244433111544316555576658757966877796688879999988
111111233344123334222553466255444625777668597768859776889999988
122233412223341233344155666415666741555674188597788999978889977
112222231144223144455314555531465773666677386999738689778888999
112222211123324411333455663344566678455567845876788887779999999
122222211342441134445113345533366557888655788866977896697779999
122222211111234441333444433566673556777755667785568888889999999
112234411223451222345163334516634456678885667788577778859999999
111123314122351442235442233544666357768895766899576888957778999
111111233142223444222345556634557763455876388887688999769999776
112222213323241333344155567411556748559674888967488996778999667
111222312223331142333154444455555645666667888677798888779999997
111222314222231445333164555316447536647755668879968877998887999
111122233311123433222444356674445667785556778559678899967888999
122222311223331444433111445366647558667755866795987779598888999
111111234412223445222334555634457563385776888776688776698999999
111122213322241133524333555467558546778894677889467788946669999
111223311442231144423554422355556735888673888667798666779999997
111111122344442334454233355523655572666677268677988897798889999
112222311242231444443145555316555736666673869997388889778899977
122222213334251133455113345516444576666457688877768897798899999
122222211344241133444133335416677556667885696788599978859997785
111123311222331224433552446375544667555466778889678889967789999
111111234144423444562355556233566623757662377778297999889998888
111222312224431124433515444355555336667777668899768889976889997
111223311122234122333444555346775584677758466775866998886999998
112222211133224411333544436355446665776688557688857788997799999
111111233144223444422333342567777256775555678888566698886999999
111222211333221133342555534655574468877446877994688799668879996
122233311222334115233441555544156664475666887777688888779999999
111222211122231445553445553344533367488886777888697779669999966
122222212334551134445113344561334556677758677788866679889999998
111112341122234442233445255346555336657778669778869977886999988
111222211123221433333443556645556674485567488866788977778999999
122333411223441122334152534415555647777566887966687799698888999
111122234112253414255344425533645573368887996888799668779996677
111122213122421332444333555436755446675588677788867799886699999
111111233122223344224333444455566665556667588777788897798899999
122233311224431112243514444355556635577666877766987799998888899
111222211333221443325144355544635554667888667788967778896799999
111222211122341556234555633456663345766384977888499777849999788
112222211333245111324556634456663345576674857777488889798899999
111111233312224333522444352544665557466665777786879978889999988
122233312233341225344155544411555467178886777788699978669999866
111112213142223334422344455533455567777586997778699988869988666
112223311112334142233444253647555664775566777756689999998888889
112222211123321413333444435544666657668865799985577798857799988
122223311224431124433114453366455556675775667778869799889999888
111111233122224333522443555674358567448856774888677986667999999
122233312222431114443516644351666435577668955778895977789999888
111122231412553341255334422563344756888475668777768899796689999
112222213444221334444135555513366551376688777666879999987799888
112223312233331224443155664415666441577668559778859977789999888
112223311222331442333114455544455567775666778888677999869999886
111222211324441332444133245533555556667888667778867799886799999
111123312222341152234555333465774446578994657889966778996678889
111122211313324433322453555245556664477776847997688899768889996
123333312334451222245124444511666651766655777888579799887999988
111122211132224443332455333644555564775866777786699798689999888
112222213334221113445133344566666456777645778999577899958888895
112222211113321443332544363655466665544776855977788897798889999
111223314442231442223114553366455537668855766899976888897777999
111233312223341225334125544416554746665577866997786889778889999
122333312444331244453122465512666551667655187799988777998888799
111233311223331422223145555544657774665788469777846999886699988
111111122223332443353224445366475556647558697788869977786999988
111112213331223344422534444253556665557776888877688999768999976
111222312223331142353614455366444556664557688887799888779999977
122222314442231444433115553361175386667588966755899677789999788
112222211122331144335644337566473756447775688887569998856999985
111112231122223344424335544463355576888557666888796689779999977
111111231332223334222355444655544667755466877779688897968889999
111222231124223315444331546437555643785566778886678889697799999
122233312122231111433554444365447886557788657778965798896669999
112233411223441123344122334455566667755686775568897778889999998
111111213342223334452366645237644527768455766885978889597789999
112233311222331142233514467754446675548867588886759899675999967
111222233111123344442536644253366475566777555677899999789988888
112222211112324441533446655347655534766533777668879798889999988
122333411233441125344112534462255556788859677899966788896677799
111111122222342233334566733456677445677884566798459979885599988
111122213311423334442355444235666625567777566788859977889999988
111123312222231142533444453366445556777758669975869997786998888
112222211111324556332455663345567334566778496778849779884999988
111122213311223333322444555564445556477778667997866798886999988
122233312423531242553144555311456661446666777888877989987799998
112223311112334441223444526345557635588766588777688977668999999
111122341122234415223445553364755336477588677888866798996679999
111222233112443115244335524637554463775866777588679998869999886
111222311223331422553146555344665534776899476689947768997788889
112222211223331143333154466655477665447768547776855988889999998
111122312222331123334566643456764445677884567888857789995579999
112233341122334415223441552344155567777566877966687999968888899
112333312233441123444152667415226745566677588967758999975888899
111222213111223333342555534466554476895447689999768889976688777
111222231112243315424333544463555746666577868657788899778899999
111112231444423144422355552235556663666677387777938888798899999
111222231144423514462351546235554673566667338777788888879999999
123444412333341223544112355516225551666777666879788887978899999
122222314242331444333114455316666551677755667888577788889999999
122222311223331444533114555314455567746666778668978888897799999
112222231112423551144335444633557468357796885799688779668879996
111122311122334422533442556374555637488566748896677889967789999
122222212333341333444111155455555446667788996778896667889999778
111111231344223334222344425534655576668557688888769999876999777
111122231412223144452344645733665573666557368995788889978899977
122222213424441344456133355613375561177556877799688879668889999
111122211322241333524336554436655746665574689997488897778889997
111112211222234555523445567344566734666673488777388879938899999
111111122222223333455366344537664457766645788884579988857799999
112234411233441123444122356672335567775566788859677895968889999
111122233311123334552344455244645728665579886777986667798889999
111112233312223331242354444455466678566777855667988597798889999
122222211113321433335146773544675558467775846667584896998889999
122222211332441113444155334466553776657378655777869999886999888
111123311422334142223444423356666665677777587888758889995559999
111222233112243311244335444435556665578669577866977789997888899
111222211333221133332444456674845667489556778955677899567888999
122223312233331245553144445514667551467788166678899967889999778
111222211324421135542633354463755846375584667788867779886999999
112333311233341222444125254617555467777546788859678999968889966
112222211123421555344155534466653446633377689999768889778889977
112222211123324115336477533644755364477556847785688888669999999
111233411223341222334125534467755446777588677558866688896999999
111122312222231144443544433355666635577768577776859998689999888
122223311212234111333445555346577554688799468879946687996688779
122223311123334412235411663546667754687775468887548898759999995
111234412223441252344125336417553689775368977556897766689999888
122222312124431111443554443356667385677738566677855999789999888
112223311142235144423514542355554336666778966678899977789997888
122222211123334115533414555344456537466668776698879999987779888
111222314125331422533144253364555776458777648889766899976688999
122222211112331413335643375564477556477785644978566999886999888
111123314412331422223444523345555556677888677798866799986679998
111122213333321344322144552644557664855776885777688889769999996
112333311233441122344155222466555446677558966778896777889999988
123333312244431222443155254415555661177666777786699978889999888
111112211322224332555433335544667554466777846679788699978888999
111112233131223333442554444255647728566799855677988667998886799
111112234112223444422354546635555763337576887777688999968889996
111111231344423334222335426275544667755556877779688888968999996
122233412233441223554111355461635546667584699778869777889999788
111111233312223442252344455536445553666677888667789889978999977
112222211122334411335444333544665556667585677778867979889999988
122233311222231444433115444316555556678885667778866797789999998
111111212222223334445634454563345556378588677888867779996679999
111112234411223444552344555236665723336577866699788999778888997
111222231442223114455316445733646578366657838695788899578999977
111122231312443331224356662435666445576849557888975788997778999
122222211111321433333444455366645776664577886555788999778889999
111112213442221354442335644233566773859667885967788596978859997
112222231111123334452333455566445578664457886777788699798869999
111122233112243351224355544433655546667774668887769898879999987
112223312222331114333144455564745886477588677755866799986699998
111222314112334415233444523345552665578886777886677889667999999
112222211132425113444553346453336645556666777777899999789988888
122222213323341133344115555461557546777784669978466997886999888
112222211111223444445333334536785456678555677888866777896999999
111111122233342233334225444455556647558666788866978789997778999
111122211122234442333544436355546635666677588877758877998899999
122233311223331142235114445566477756447885677788566688859999999
112233312244431244333122445611777568877756888975689895569999566
122222211113245511364755536475333647538664788886478989647799999
111111233333123444222345452244555667778556797886679788869999986
111111231442223344222334445533667758867755866775588697998869999
111222311112334444223445423355555635777766887977688999668889996
112222311142231514233555444355544336666677688867788989978999977
111222211113223333342355544675544467755486799988679998867798866
112233312222231144433155466315544675554667888867798886779999997
111223312222231114443555444355646637566663758888877789987799999
111112312222231243333444355647445668755566877596988779698887999
112223314422231444233144566311756637775666787555578889998889999
111112213144423333422335544265555426788599677889967778896667899
111122314112334442223444552367785536788853677885966798596679999
111222234111123445552364445236475553677778367978836998886699998
111111233333123445322444522264555776455777666887769998886999988
122223412552341255534115333411534446677777668887768898996689999
122222211233331143355114365544446758846675889667588969778999977
111222314112331442253644255366447536687753668775588887798999999
122222213333241333444115446471556687155688755666877778889999999
122334412233441222334155534411156667755686777568697798889999988
111122233311123333422544444255556465775666877799687799968888899
111233311223334125553412555542266664777768477766844998889999988
111112233112224332255463377546637754467775466885546988889999998
111222211113224433332444443355556775856667586667788897798899999
111233314122231412253444255344555637758866788899678899967779966
122333411233441123344152266415266645576888557677895777889999998
112222211123241533334155334465777486577448657999865799886669988
123333312444431222543112254416655551666775888697788869778999997
122222211344421333345111344566734556778855679985867798886679999
112222341112334112233444433546677556667758966775899975589998888
112233311123331422553142255564445756644777866667988887798899999
111111231444223444522334552233355556777778677998869999986666888
111222211223421133344553444455336775566667566888798889879999977
111222311223234112333444435545555564666666777888877779889999998
111223311422231144223554444365577336555777688887768898996669999
111122233111223334225334445544465576666657886995788899778899977
122222212133441113344561634456663345566777558997785889778889999
111233311122334155223445552364557286447778694777869998886669998
112223311224331122433514446355746665774688577766859979885999988
112222314442231554423115546315564637576663777868378888897999999
112222231124253144445311445533655573666677386677788889978899999
111222233111123444452336455237645553764588776988877698987669999
111111213332223332244553624457766645776844576689957888995788999
122222211333421113344153364455776489577648955766895776689999888
111122213332421132244553344655344665557766899977688899768889977
111122211222334124433444433566677356777775688555568999996888899
112233341222334111235461723546677754677785466888546998859999985
111122233411123544662355446235446623556677358889788899978999777
122222211334241113444153333455666745566778956778895697789999888
111122213145523314452333455263644526664757668877788899778899999
112233311222341125334612534465554476585847688887768977796699999
111222211122334414233544463355476635777766558779685889968889999
123333312222331114225144444516477756677775666888568889859999995
111122233122243115244333555466354446675588677777866979889999988
111112213332221333224536666455567645856774885877498887749999994
112233311422331142223144445366754586675558967775896697789999888
111222233112243331124553344455554647578866777788699788869999966
112233314222231452333145555514466571466677848966788899978899977
122222311123231443333145555514666654476765477776897888889999998
111111122223334225333425536645576684557668447776894977889999988
111122233311243555124335622435564447566664778869977888897789999
111122213333221144322544433655748865774866577888655778669999999
111122211122223444455334644533365553666775667777788999998888899
111122311222234125333445563345556664457766477786977888998889999
112222311122231444333154443355647775568779556877966688996888999
122223311223331124353144445514645576665577866677788887998899999
111111122222234425663455556344556634778663478893377889997788999
122223312442331244333144555614557661157776885779688879968899996
122223312442231444333114435516655551667775866797786899978888999
111222312223331424533144455316748556674885667778596677889999998
122233311223431225344111534455554467756666877777688889968899999
122233312422331144235116443516664457776665887775588897598899999
111111122344445234446523336652273665827366587777958887995889999
111112211222223334444334445533655556667775686897768889778899999
112222312224331444433144553315556661575666777778699978889999888
112222211123331142355444333546447556687775688787566888796999999
111222213224441324444133335513666557667655777765897998889999888
122222211111123334444353366435566645566774558887799998779998887
111222211132221433333544443657446665777776558876658899995888999
111111213333324335222444526647452684775568775566879999687999888
112233412233341125344122534416655547668859766885976789997778899
112233312222231114443154443355647775668897566899756889975688997
112222341123334112233415666345576684557768445776899597789999888
111122234112223441255334555533446573848667988866799886779999677
112222212234441113344551367455336745553677886669788699978889997
111112213332221333342444444255556665577666577768877888889999999
112222211322441133444153666455336645573866577888857889997779999
111111233332123343222554466254476665447766555877799988789999888
122222311242431444443155555311565337776663788866977899697888999
111112212222231444333445666344566335556677885577788877998899999
111122233311224331522435555543657774667777466888846689884999999
112222211112234551333465557346655734467773446879986687998888999
111222211223441132354633335467788546778554678855467788996699999
111111231442223344442335545263555526378888667898967789996677799
111122211333221443322444435674853567785556778586679888967999996
111122211333241335224335552466665447766584777658477999889999888
122222311223331143343514444651477765577866955788699578869999886
111122233311223341422334444455667775668777566887855698885999999
122233311244431522433155243611544667758666755869977789997888899
111111231334223333442566642257664425776648577799857999885599888
111112233341123544422355542635774263577466858776688887698999999
111111233333123344222544426655742665774666557777858888889999999
111122314122234412233445553364457836655788665777869979786999988
111223311223341223334125664475556447566684755968877998887799998
111233311123331222434552244455555446666777668877769988879999988
111111231444423334442353322265557286599778659978865997886669778
122223311233341123344112554467775546755584677798866699886999988
111223312222431152443155544366544336655788677777867998886999998
111111123333342355534222544426655542677774667787896688889999998
112233312233441222334111544466555547688559766888976688997777999
111123311222331425263445526344557634755766477776899999689988888
111222211132321443332543366654666675448777548888755988975999997
111122211134223333422335546678554467855446788596678889697779999
111111122223332423353246655344655574665777486677748888998899999
111122311442331445223444552366555236777583699778869977886699988
123333312223341122244115444671546667758886775888677555869999999
111222213333321143322144555544456657475668777668879968887999998
112222341122234153333415555341566774856997488699748869978866977
122233311222234111533415553644455664475776887777688899968899996
111122314122231442553644253366455736845573687777768899996888999
122223412322341533334155554415654471866677188866788999678999977
111222341222234153333415366641555674558867449866799988779998877
111112314421234442223544233356666375686997568997758899975588877
122222211113234413333441536644457668555766855776988777998889999
111112213444421345552634455263375226377588637788866779886999999
122344412233441123334152366415276661577676558777955889998888999
122222212333331134434111444455556665575668777766897798889999988
111111213333324344432444222255556665755666777777688889998889999
122222211133231113333444444566655456777555678777869888886999999
112222311222435111643566664356764435577843557884377798889999998
111123311442335142233544223654427665577766577886957889698889999
122222211112331143335444443566475358667555866777788679998889999
112222211324421133444133544633556667775566778559677899998888899
122222211111123344444354666635467663557777385599738599978888899
111223311442231144233444522355556637556668777686879988887799999
112222213224441354444135555513566771366677833677788869998889999
112222312223331111433566444355666445667748597777859799885999888
122222211133321445533114555344445536667888966777896697789999788
111222314125231445523164452376645537664853769988376999887779988
111111122344442233544223556472335667835556788888677778969999996
122223312233341123354115555416777546678854667884469778886999999
112222341225534125533411533344155664788669477866977888697789999
112222211133245166324516634457663445776334578888857799885799999
122222211332341133334115444455554665758866777788697978869999986
111233311222431555243156724355672435867744886774988679998866999
112223312222331144553114555344465537746688779966877996687999888
111112213144223333422553342675544467758666775866977589998888999
111111122333332244443224554362465556666557688999788997978889777
122222211233341113344513344655577465857746588777688899668999996
111222213113321333322455555544665774886667488886744998679999977
111123341222334125223415553344566664556676488777788879798899999
111111122233334423533422657742665774665557446587799698889999888
112222312244231115433155544355544336677777668897766689998888999
111112311422234445223444523366655336777558667775869978889999988
111111233412223344522334455234455667789556788996678889967778996
111111123333342332554222254466555446675748667778867798889999998
111111233312224333322445552645555664447668999768899976889777788
122233311233441123344112244566666457886655778555978889997778999
122333311223331122444112554465554476558877668889766889976999977
112222231142523114555331444563748856374885637778866799896679999
111222213442551342255134665513466753346677834699788999978888977
111112213331224335222433555647758864795586479888647999864779966
112222211332421333444113345566644556777775678887568888956999999
122222312114231114443544466357666635788863577788355778895999999
111122311222331224335444443546777356667775686675588889598899999
122223411233341122334516634451564475556777566677788888998899999
111222211133221333324534444455546665578966577899677789967888899
112233311224331225433112544466557486657748665577869997789999888
111111234412223344225334625537465553746658776668897779889999988
122222213245551344655133466511346651334667888477788899978999977
111222213122241335444135554463355546377899667889966778996778889
111112233114223354422335444235556478585667888967789996678999677
111222211223345112364555536457533647777364877666489999948888899
111122314222331452236145533644455364755886777888679779869999986
111222211333324135362413566244756684475668477558877795889999998
111122213112223333442356444435647775566677556877859688889999998
111122231122423314442355664435667483566788355677895997789999788
122233411223441123344112335466777546687755668877568899958899995
111223311222331122333444455644555664777556777888697999869998886
122333312233431124444512644751266675166877599688759998775599888
111112344412234441223546722356677735666673558887355899798889999
111122344122234411223445555346578836657883665788367777896999999
111111123333342353444255555422665742666674286997788899978889977
111112231122223334552333445567744456677455666777896999889998888
122222312423331144443111455366647536777755667885569788889999998
111222213323241533324155366415566447556884777668477998887999998
123333312222431152443155246611544768557476858777688889769999996
112222312244231114333551443675546367754666755888679998887799998
112223311122334511263455526345566634457766488799948777998888799
122233314253331425563142256614455561744886178888677778967999999
111122213312423351442335444236554776657777865599786669998888899
111233311122231222433444445367774556687775688887568989956699995
112222312244331244433114433516655556665775868777786897998889999
111111231222223425666345556634455763444576377777839988889999988
111112233112223444425336642533644557666658777995877998587999888
112222311224231115433555544356654436666743687777788888978999999
122222211111324413333544444355666635667788576798857779885999998
112222213332441113244516344755638475563887566668759998879999877
111111213332223332224553444456677485666748596977859697785999888
123444512333451233345122264511126456666655777778877999989998888
122233312422231144553144555316447531677758666778896679889999988
112222231244423111144333344536777558676775866667589999958888995
122222211123441155344615333465533746855774688887766889776999999
111122213314223331422533444655554665777466578888677988867999999
111111233333123432222444444255666665777768557776859888885999999
111122233144223115442355554233355446666667889967788899978899777
112233411233441123345122634572666457668845776895577889597889999
112222341122534152553415553341663374466677846969788999978888977
112333312244331122443155224416555546657777688997768889796688999
111112211344425534422553344256337725663877569987766998876999888
111112314422231442223445553346555736666573688677788997978889999
111123341152234155233455622344562738456677848966788899678999977
111222211324241132444333554433665578866657888655789967778999997
111223314442231114223544423355566375666677588867758988879999997
111122234411123344422344562735556773855677389567788996668889999
111222211223341123334555343455554446667777666879768889978889999
111112231444223144442333555263555526377777668877869988886699999
122222211133231144333144444355666675556667858777785899978889999
111222213144221334425133455533446556666675688887798898779999977
122223311243331224443155544315654771565887666888766988779999997
122223311223331124335114455567744456788455677888866798996679999
111222211132221433333445366645557664455776488577688877998899999
112222211322441335544133355413555446667777668888796699879999887
112233341122234122333411555544455567466666776888877778989999998
111222231112223314444355544435566663356667885777788877998899999
122344412333441233345122264516666551778665178885577988897799999
112222312232331453335145555514666661477667448777794888889999998
122233311422231142333114556644456664755686777558897779889999988
111112314412234442223455523346555336675888667999867779986779988
111123314412231442253444625376662537886653788865977885597799999
111111233331423544442354422235666625577666855777988879798889999
111111213342223334242334444256666775666778555578899957889999788
111222311122234414233544463355546375855677886666788889779999997
112333312244351224435122463517446651788865778996578896657789999
122233312422231144433511443651547765557776858877688889969999966
111112233331124443322444352245555567778566788896678889967799996
111111234415223444552333452236345276688557668977766899978889997
122233311122234411123544446355774635577668557666897798889999988
111112311442235542233544223354466635776688557768897776889999998
111222211344221134442533364655536467753666775588897779889999988
111223311422231442233144555364555536477888666788867778996799999
112223311142331144233544426354762685576668557776857799989999888
111112231314223334452344455234555627788566778886677788669999999
111122213333221344425136642563644456667755888777589887758999999
111122211333221333224555364457776445557648977764899966689998888
111222314112334412233445526345566634755566777777688888889999999
111122231122423154442355664435566643356777835677788888978999999
112222312244331244435144333511665556667557688777768889978899999
112222213233321333444114444516777756666755688875568897958899999
112233312222231144433511466355546778854667855466789999978889977
122333312223431124443112454671745567775586775588699988669999886
112222211233241333344134444516675556687555668777768897998889999
111222233124223111444333345466755546775558677998867799986699888
111222234111123444422355544633356667735566777588677999889999888
112222231111223331444533446453746685777688557666855779989999988
111223311222334112233444445346555576658587668888766999879999777
111122312222231133333445556644455567844956788899678788967779996
111122311442235142233544266354466335666777588887758999775889999
123333412222341155234615523461577746157784665778466998889999988
111222233111223341525334555543467574446777889667788996668889999
111122211122234445263454556345556634776663887773388779998889999
111222211133221444332544463355466635766888577688855777789999999
122233412333441253344125554412556771856677188697788669798869999
111222231111223344442333344455566675566667855897788889978999977
111222211123321333332444555544666654467865999786597778889997788
111122341112334422223544633357466685746968577698857779985599988
112222211132321133334555543456664445676664577788877999987999888
111112231142253344425634472563347256377755666778596998889999888
122333311233341122544112254455555446667788696777869997786999888
111111213222224333325435555543667754866677488866748899774899999
111222233111425314442533446253774665387766558779658897968889999
111112211333425533342555534256667426666742888774988779498879999
111122311442231444233445522355555336666788966677899777789999888
111111231222223333442553364455556647775664887796488779698889999
111122211134423333542635554263575426677548667784867788889999999
112222212233331114333154444655464667586669758889975588897777999
111111233441423554442335542233655726667572667777896888889999998
122223312223331111133444556644755664775566477586899778889999988
122333311222231444253111455366445556664775866777988779998888999
111111122333332223443254444425555556667777668797966889798888999
111112231441223334422553444253366775556677588966788999678889997
111112233114423344442354662235556623755566777886897778889999998
112222211233321443555143356514435654466666788888877777987999999
122223312223341113334151644455666475568647558867788877798999999
111122211332241553624553362455736448573664877766488877998899999
111112233331223334122566447256644775644887568888756989975599997
122222212333441133354113555416666547668554776888477888997799999
111233311222231444233145523674458867455886779588679959867799966
111112314412234444233456223355672835667888556777856697789999998
123333312223431552444115224411555546666677668777788887998899999
122222211234441113334515553455563347666884766988877698897779999
111111122233332233344256677425667748566774855697488559948889999
111222212223441333344133444516666557668885767898577799857999985
112222341122234411133455663345566374455667888567789888779999997
122223312244531244453114555311456738865673866667988777798899999
111111213332223344422334555244456557666685776968879998887779998
111122211312223333244556334455666475866447586977758899978889997
111112234412253441225344425533336557786665788666977899997788899
112333311222231112233456666645667774555577445887749998884999988
112222211234421113444553364653376465387666588777758899795889999
111122212222331144333444553344555667758586799888677988667799996
122233311123331112243555524466554476665477866847788888779999999
111222213112241333424333544467755546777755678885966888896699999
111122231122243312554355555433666443666647888874788997778999997
111122341112234422233544433655547365557776888766688877698999999
111122211122334442253446555344665536666533777777788888998899999
112222211113221333344555334455666745666874569987499988779988877
111111122233332222334555534456656445666644778888877889997779999
122222312443231114333151443655744665777766555776688888889999999
111112213334221353442335446277546627554668775966879599887999888
111122213132221333424534444453666675588667588996758899775899977
111222213332221333444113544466654776865557689955768999778888997
123333412233341124444152677415267771526787555698856669889999988
112233311122331144235444223564455556665777886777786699998888999
111111122222234444233544333354677785566788955677895666789999988
111112213442221334252634455563344576839557688999766889776889977
112233312223331142235144455514445556777788666799866779886999988
111111234555123444552334552234466223366666777777879998889999888
112233314223331442235114266571466657746555774658897798889999988
111122211132443333224355326455566647556884777668497779889999988
111122233112423331242553444455346665777766578779658888968899999
122222211334251113445163334566634456667745888877589988759999977
111112341512234555233444522346452736665773688877768897996889999
122333312222331114253161455576644457664485766988577798887999998
123333312222431111243516724455674445567777566788856688989999998
111122211222231444433554443365555376887537668777766888896999999
122222211324551134445163444516333356677755688777966879998888999
111222213322421534444153333415555546666667888776788997778899999
122222213324441333444113555416355771655877668887766898876999999
111122213122245313424533344453664775556687596688799688779999887
111222211123224153336475333647558664755866475886947789994788999
111222211223321144333444556374456637885669778556978859697788999
111123311122234555523446552344665234667773466887788887798999999
122233311223441223344111344566788456778555678889567789956679999
111122231142223314442333445673545567755586788888677989667999996
111223311222231452333145536674455567448566747886677798889999998
111112233341223534126355442635444267555666777786899778889999988
111222312222331444335114635544463557776558777668897966889999988
111223311112234455223445552364445336667588967788896677789999978
111112231412223344425344642533667558369775886977588697758869999
111123311222231223333444445546666554766655877779588779998888999
111122213411223344225334444533666756666775888997588897758999975
111112213331423344442354422235567778856677885966785596678899999
111111231222223332444355566433556447775648977568899776889999688
122223311422331444233111443566647556677758669755899975889997888
112222231112243131444333444563777556778755676899566689958888999
111111122333442253334225344462557476657777655887866998886999998
111222341112334415223444523364555536677578666777896998789999888
112222311122231444433144453355555637788566778886677988967999996
112223311222331112333444444566667456887775668997588897758999955
111111213344223354462335746253574625557462888796687779968889999
112222211233341123444133345467774556677775668885566899958889999
122223311222331114333155466755446778554667895446789999678888997
112234412233441122334112534466653786955778699578869557886999778
122222311243231114333144445366745556777775688997566889956888999
112222311223331124353144455344655554666778669677899977789998888
111111231444223344422533346257378625777866578886957886695599999
111123311122234445233466522346655534665577468888798887779999997
111122213122221344455633475563447556334785666678899977789999888
111111213322223334225363455566444456677845667889577789997888999
111222314123331452236145523644455367747556877776689999968888899
122222311112234411333455553344455567466666777786879978889999988
122222311122331414333144455364478556777855678888567789996669999
112234415233341522334152263415666641566774855779988777998888999
122222211132341133334155534455654445766888777666879996887799998
111112344122235412223544333355467775546788599677899966789966888
122233312233341122534155554411665446667584676798877779889999988
111112233114253444425333422536642556678855677788869977786999998
122222311132231413333144455677744567877456789955688999568889966
122222213444251333445133445513666551166675899697788999778888977
112223311122331122453677445367444536774555667785866988889999998
112234412233441522344152336415536661556677858867788889979999977
122223311123331112243555644375566447556448777666879988887999998
112222211123421133345663344566377456677845677784588888559999999
111222231124453112245333344563744856777885677998566799856699988
111123344112234441233445522366655236555777668777768888889999999
122222211134425133444513334451366775556777885679788666998889999
122233412233441233344125555416665541166657888869788999978997777
111122231112223333442534446653446665557686577778857799889999988
111233312222331442233114445564455576855777688888768999776669999
111222233124423312445311444536655553666675868997788889778999977
111122213332221133332444445546755554677589667888966789896778999
111222231112243315524335566435566443576884777688479969887799998
111111122333442235344265534426653742655877966588796988879999877
122333311222231142533144455516445578664577866677788869798899999
111122213332441332244133524467555546775588677778866698886999999
122222314422331445553144565314756331175668777668899776889999988
112222311444231444223155433316555536677858667788867799986799998
111233311123345512334655222466555246666744877774987789998888999
111122311212334422233456666345557634575768457776849788889999998
111222213322421333444133544416655776655557688887768889976999997
122222211133321133444516334756644475666887556888755887779999999
112233341222354126635412633541165554476665847777788897998889999
122222212345551134445133444513666551336667888886789997778999977
122223311123331422553144556314556664445666788888877999987777999
112222311142235114233555466354446335466677589969788899978889777
111122344122334112335442233564475556777885679798566979886699988
122222312233331445353144555514466561146666788899977789997778889
111222211324221333444133345466675546677555667885897778889999998
122334412233341123444152346615277761587976558997655889768889996
112233311222231114233564444356666445566777588888759988775999997
111111233331423534442355442255564227756899766688976688897778999
111222213332241355254133555416354446666747668877788888779999999
111122233111224333522443355546655574466677846697788889978899997
111123314112235422223544433355446775558677888866789899679999667
112344412234451223445123335512663551766685777668879799887999988
111223344122234415223411533346655774668577966855796988879999887
122223312223341113334561164456666745688874588977458897775599999
122223314422231546633154466315466731548677155888799598779999887
111112213342221334525633452563445556447778667788866778989999998
122233411223441122334155336415566645556664777777899998789998888
111111122333442333444235546422577668255776888597689859768999976
112222312233331244433144546715554671566667558996788889778899997
111222211332221333444133555466655547666854776988479998887779998
111222211112223444555333456573346657834465788886677988697799999
111233312222231142553144653344465554776658776668877988887999999
112233341123334112223451266645555564578866477899647889997778899
112223341112234441123554442355566335566677888667788899978999977
122222211111234555133455663345667334567777486979748699994888889
111233311122431222243554444356666435667788567777859999785999888
122333312222341111234516663455666645555774887779488779948889999
111111122344442234445233555523335652776666887777689999768888999
112222311122234155333415555344445634788669778669977866997788899
112334412233441122334112536475256647555568799666877998887799988
112222213322441133334115663455556445777664587766988877998889999
122233312244331124443112445361675556667775687775568888998899999
122223311233331224355111444566645556764458677998867799987799888
111122211333321433322445666245566774455677485567988897798889999
111122233111423554442335462233546778554677859666788999678889997
112333311244331222443152246615574865557486957778699977869998886
112223311222334112533441655374465557446885776668897776889999998
111122213144421335442663554267335426737588677755869799886999988
111122213332221333442135554466755446677554677899967888996788899
122233411233441223334112555416655547666584777688877769989999988
111122231312223331245633444566744456775555678888867999986779998
111112233112224333225443365574446587746658776695879699587999888
122222213342441134444113335516663556676555687777788899978889999
111122211312223333324555534466655446665447867777788889978899999
111222211332421135442333544436655547666855767688877779889999998
111222312224231115443655554365574436667473668777388899798889999
111233311122331422253442555364557776457777648888864889996669999
122222312233331113444515346651544465557766888879687777968899999
111111233331423553542355554266444426677782677998267999886799888
111111122233332224433254446375466667545866755588877798987999998
111122213311223333342555554265775486677748677444866998886999998
111122312222331452333145535644755564477866947786699778869999888
111222213324251333425134444513465557666665788996977889997778889
122222211123334411153444555346455336665788696978869997789977788
122222211111123334556374455637745663744566374858677988889999998
122222311112334115233455553644576364457666477778697998889999888
111122213122221333455334444563744556777755666778866888889999999
111222211123324142355444335546633574688857666885796998779999877
111222312224231155443165547366554736854473688887369889776999997
111122341112234445523465522346755534677883667778369979886999988
111111231322223334425634452563445556647758666778899977789999888
111112213331223342225344666537465557746585744698877769889999988
111123314112334422223444255364665536667555677777899978889999888
112223311122334155223415555346677534466777844699788869978886999
111111122222232333333444444456667885567788566677855977985999998
112222231114523114452334455534466553376888777666879796887999998
112222211233231453333145555514566667444688779468879996887779998
122222212113331114333444445364655556667755677788869779889999988
112222314222331444453111455366645536677553667777789999998888889
111233311223456123345612434562244456678855667788577788897999999
111122314442331142233444233566627556867775688977568999758889995
112233311122231142423554443365447776555777658887966888896699999
112233311122331422533142555544556667488869748866974788697779999
111111122333342233444253544425555662775866777786678888869999999
111112233131224333552444352244655576468857666688799998779998877
111112234441123445552345552234566273366677366777899997889998888
122223312442351444235144333516675551167578966777896678889999988
112222311122431155243555544356664336667483677748899977889999788
111112211333324435332445522244455567776566787666978999997888889
111122211222331423335444355544635556467777666878799688879999988
111122213132221333442335554455565447766884766668877998887799999
112222231122443311544333154463665546665557868897788889779999977
111223341112234512223455533344556664475688777668877968887999999
111222233111123333442355544265774486557748665777869988886699999
111112213122243322444333545463555546677758667777866998889999988
112222311112334441233444423355666678559667885969788599978859777
112233311223334112553414255644425664778556778866679988887799999
111112231331423334442355464275546227556688759966879996887779988
122223314442231144523144556315555631777763778796688899668889999
111112233411223344222344455633745568875566887576688777968999999
122333311224431222433115444416557776655787655888766889876999999
111122213332421133242566344456637745566674588897758889775899999
111111233331223334422556642255644445566677588677788997978889999
112223412222341113334551633457766445877649588766958879695887999
111222211222334115336445536644553664455366777888877988897799999
111111213322223332452334445566477556644775668777586899998888999
112233311233431122344515224455556645776684776668978888897799999
122333312222331214443111444455556667885556788889677899967779996
111233314122231442223144553366445556666557868877788889979999977
111112231122223444425334455536467553666775386679988777998888999
111122233111243355224355552435664443768894776899977688997766889
112233311223435112343551224455554446666666777788877998887999998
111222341222334115253415555346657334666777468877946899798888999
112222211233421113344556334475663447556668755986879998887779998
122222211233441153364155366415336445566647859997788889778899977
112222211122331443333145536644555564758886477888677778969999996
112223341112234155223415555346577734687773468789946888996668999
111233312223331224435124465517446657784655778866578888697999999
122222314444231454423115555311567536666733686877788887798999999
111223312222331144233144555344556774556667888666788887779999999
111112231422223142555334444536666453776655377688877888987999999
111222314422231455523144533314456637855666788886678789997779999
112233311222231124443516644355666435576648557888877779987999998
122222311244235114663514463351446335578699577869957886997778889
122222211133425113444551366455533647573664777886678889997889999
111223311222234115523444553344455536678899667888967778996677899
122344411233441122344112235566673556677385697778569798859999888
122333311233441122344122555416555546666664777888877989987799998
111112233341123334222344442564788856777785666788569979856999955
111111213344425333422533444256666225667777586887758889795899999
111122231122423312444533666453376445557666557777788889998889999
112233341123334112356414225644472567777556877995688999568888996
111111231222223344425633445563345576664557688877768899978899997
111222211122234413333444355564435556667775677778866999889999888
111122213333221134322444435566447556677775666787588888859999999
112223311222331442435164443516664357686555768889577888997779999
111111122223442233344233444567385556778595667889566789996778899
122222314452331445233144563611456361755666777588879998887799998
111122211122324553332455563344456374885667488666788999978999777
111222211223331142353444335544677754667775666878599688859999988
111222311224231544423155444367555336777538677788866999886699998
112223412233341223344115344415566775555677886666788899978899997
111122231122223144444356477435666773588677358866735888995599999
122333412233341223544112555461557746156774666687799988879999888
112222231112423115544366654436665543677554337788877799989999888
111222213145221334552133445533445567846666788886677788997799999
111222213112441333244533324455666645577766557877688888798999999
122223312442231114433511466355446635556677858677788877998899999
111122213322421332444134445533667756667775867755586899998888999
112222213332241113334155663455556645788864778886477998647799999
111122211132224443332454443355567735666777556687899968789999888
122333311234331124445112244566624556766558677775897788889999998
111122211342221334442333544435556665557668777766879788889999998
122333412553441225334122534411556647158866778888677899967799996
111112213341223334522336455266644556677445677778597998889999888
111112233441123334222335446255546665554676877777688888798999999
111111122233332333444225554462574476657777665578869999986998888
111122233111224333352443555244445556666666777777897888889999998
112333412223341252344155234411555467758886788866678996967779999
112333311223341122344516227455666745586674588697458899778899997
122233311223331224535144455516455781644778966677896967889999788
111123311142234444233445223355526667555666777886978888997789999
112222311112334145223444555364555736488773668877766897996889999
111111122344442233454233345522355556677788667798866779986999988
112234411233441223344122533416555576688857668895768899976999777
111123314422331422333145226644555564755666777788697978889999988
122222311224431114443156664355566435566773857777388888798999999
111111233142223334522344455234555567477666777886699788869999988
112222211113221333344553344455556447566688776688977688897799999
111111213333323342222544462654746665477776557879658888995889999
112222311112334441223456633345566774566887455687795988879999987
111111122233342222344556334755634475666487566888759998879999877
122233311233341123444112554466255746855577688877768899796689999
122222211112331144333444443355555567775886788889678999967799666
112233314222531446253146625314766531476558947675899777889999888
111112211333324443222454332645478865557786597788659778869999966
112333312224431224433124445511665578669557866957786999778888997
112222311242231444443115554365557336577773667899966788896888999
122333311223431112243551624755566475886447588694788669978999977
111111233144223354662355462233546627754866755488879998887779999
111222311223234112333455536644456674845667885596788889779999977
111111213222224333332444553644755564877956887995688799668877996
122233412223441123334511344451666675888677589966758897775589999
111112231341423334442335542255554625777766778666978899698888999
111111231444223544222355446235577663557766337776688899998888999
112233411223541123354162355476235447666554777668899778889999988
122233311222341152334115553466554446665477668888799898779999877
112222311123231142333444556374445667855556788889678998967779996
111233311423231142223554442355554467758966788899677899967788966
111122213322421334442135544463355556677578669777866998789999888
111112213342221344242533444653378865577786599778659978865999866
112222211333241334424153544415356778555677888666788669778999999
112222211112331444243555444355566637756863799688377968887799998
111122211222334125336444533645553764885776488577688897769999996
111234411123441552334555234456223375662777666879968887798889999
111122213332321443332144444256666675589667558997755899978888977
122222212334441133334113544415555567778586778888679998667999966
111233311223331222234156664455644475566747586977758999978888899
111112211334223334422553346255444667555666777788697788889999998
111111234441223344422355546235577623557666387777688999968888999
112222231111223333144566344756634775566487955648795988879999887
111111233312223332242356664455564445756664775888879998987779998
111111122333442223344223344566665457666555788899578888997777999
112222312224431555443155443311546637756663778886978898697789999
111111122222223444445346466533666657338885738888577999957779995
112333341223334112222411556644457764855576885777688889769999996
122222312123331114433154444355556467566666758888877798987799999
111223344112334112233444225364555556777785677978866999986699888
111112311222234444423546642356666635555783957778399978889997788
112223311122231455233144553674555367444886799998677988867799866
112222311124235511423566643355664437566443758888877777989999998
112333311223331122444152244465555476657777685787968888996689999
111123344412234441223554122355666635776883577668857999987799988
111122211334421536442553644253364625536667858997788897778899997
111111213442223344442333345266775526667558677755869978889999988
112223311242331124333152446655554667554466777789678888997889999
111123311412335444223544222355466735666777566897758889978889999
111222211122324133333444445366674586967758699755869775589997888
111222311142335144233554422355544637566666777869977789998888899
111123314222231442233144443355677775566777588666658888995899999
112333312224331244435122455511445556778888667778866997786699999
111111233122223442552334445536445573668857666888796988779999977
111111122223332244353266445366645537664458777755897798889999988
111123312222231145233444555344555634777766888777698888669999996
112222211113224551336457333645777364558796485879648887964899996
111223344122234411253441625347765537776653766685579888889999998
112222341225334112533411555344446537777658979768897966689996888
111112233144423514422355544233655523667788669978869997786997788
112222213344521334452134455513346651666675888867789987778999997
111222213122241314444333345436665556665575868897788899778999977
111222211223421533344153366475366647556844755689977888897789999
112222211233241333554113355467888546788554678899467779946667999
111222213112443312244533334455666645577666558777788889798899999
111122211222324143335444333546475556677755668779968887996888999
