111222211113245533324555332455634447666488776668877779989999988
122233312422331442535144453514665551666778196678899977789997888
111112212222231333333444445544555567777856788888679866667999999
111111234144423444552366555236655223677882367888936798897779999
112233311423331442253114225544466557886655788666977889997778999
122222311122331411533444556345556634757666477776897999889998888
112222231144423511442355164435566673586867358886739889779999977
111123311122334222333442555546655754677777468887946899996688899
112333311222231124233144444455555665758866777888679999867799986
112233312224331224433144455511455657886665788886677998967779999
122222211111234444133456663345556374855637888566788977778999999
112223311222334125533415563641556664758699477868947788894778999
111223314423331142223144256374855667489556778955678899967788996
111112233331123443322546662254776665447678594777859999985598888
111222311122234142533444553346557734655778666777896698889999988
111122211222231445553445555346633334466666777788877798889999998
112222231111423331542355554633554467774486977788699978669998886
111111233314223444442335642235566275566677586999758889778889997
122333312443331224444125664712568771156877555687795668889999998
112222311242231444443154633315566738855677885666788599778999997
111222211112324443332444433355666665566777555877788888879999999
122333312234531222453144445511145567889956778966677899967788896
112333311234331222455126444512677458866745866777588679958899999
112222212233331114433144443564775556777588679755866988886699999
111123314122231452233645253364555576488777644899766889976889997
122223311112334411233445523644555564785666778668977888897799999
112223311242231114423555443355644375668887596888799666879999777
122222212344441133345111334566673458677755866799588677958889999
122222211111123444444345556635556663375866377988837799887799998
111122213113425333342536444256667425668749568879955877798887999
111123344412335411233544622354662275666877555687788888779999999
122222211133421133544613354766355476685447688557768897798899999
122222311122331144443155444355555336666666778888879999987777998
111223455122345112234551233456633445677884667788869977786999998
112223311442331544233155422315446775566667589996788889678899977
111122213142223314425633347563444756777775666888569999859998885
111222211223445112334555534456633445663788667777896779889999988
111233311123331222223445555544456654666667488777788779998889999
111223314422331422335144236517446657777865997786599998659888865
111233314123331412223444526644552567775556787766678899998888999
111111233441523345552334456234455627666662777788278888997899999
111122233311123433522344455264455776488597688859766899976689977
111122231122453312445366245533644553667485969778896977889997788
122333412223341152234155663417564441756668775688877598987999998
122223311233341223344115554415556748856674866667788997778899999
112233312223441552344115233415566447556688776698877769987999988
111222311122334122335444435546643576666857998685799888579998777
111122213112223344442333354466665546677588677958877995587999988
111222311144231544223554442355666337558639778869977786997888699
122222211333421335344113544615554465577866777986697798869999888
111112234441123454222345555234565673666667388999738899978889777
111222211323221433333144445566664457666555778859978889997778899
122333411222345112234551133465555446677849667889966788897778999
111222233112223341155344445533464758866675886667588899779999977
122222212333441135444113554413355678885667898566789896779999677
122222213333241553344115344611554467785566778886978896697789999
122223311142231544233155443615544367558886777888677789669999996
122222311445231145523114453364455336665777688877966877998889999
112222211112321333334555534455666645667764877779488897948889999
111122211122223445555344455634475863377886933788697778869999966
111233311222231142423554443365554476658877665877968887796899999
112223311222431125443155564375886437588643758664977869997786999
111111233442125334222534444253666775388667599866755988879999877
123333312224331222444111564415556647558869775866977886997788999
111222213124221344444135556433355673885567889666789996778899977
111222211344425133462513346253344665555776888977688899768999977
111122311122334422233455553346657774465777466578866999989998888
111222311442231444223156443375666337555666777588877959889999988
112333312223431112443155224466557446558777659888766999876999887
112222213244451324555134456513345661337666877769987779998888899
122222312123331114355414435544463556666775886697788899778899997
111111234122223444422333546633754687775668755568877596889999998
112222231224443115554331655437165543766684379668877999887799988
112222312223331111433444443567477756777885666885569988856999995
111222231124423311442533444657336665777766555776859999889998888
122222211323341133344511344455556645576666887776988777998889999
122333312223341122534111554467775546887754688875468897996669999
122334411223441152334115234455523665777766577666897998889999888
111223311122231455233444523364455556647777866667789999978888899
122223311223331142443514444351666665788886577888657779995579999
111112233331124332222443555564475856447588666788867777986999999
111222211133221443332546663354467775466778546778855599989999888
122223311233331122344156644415564475566777556687799988789999888
122222312453331245663144563311456661445556777888877779989999988
111112213222241333244536664453366445566777588887759898875999997
112223312223331123344115555465577546888744668774968877996689999
111112213122243333224355544436554476665577886677988867798899999
111111233344125334422534446253666625567672577777859999989988888
111233312224331252433155244415544667558866788886677789967799999
111111233332124433222455362744566674556667455777788899998888999
122222211111324414333444433355566665577666577788857978889999998
112222311242435124443511443355553367588886777886679786667999999
112223341122534112253441555364777536487753648877966888896699999
122222211123334113333415666645567664457778455977849597889999888
122233312422331244533144455514655751666777188679788669978889999
112222213324241133444133445617355567788566778855678889667999999
111112233112223345252334555563445776644877668488766888979999997
122333314222231444423155544311655557166668766988877999987779988
111123412222341225334155553465573346667784667778469978889999988
111112213322241332254663775466375546837594688759468775948889999
122222211113321441355644733564473356487995668799568877956888799
111222211133245153324555532456663447668384766888477778897999999
111112231144223344422354642635666663557777355877795988889999988
122222314423231444333144555311555667158886777888679986667799999
111112311445236645523664552364455236647223888777388779798899999
111122231311223333322444445567774456678885677788566698859999995
111111122222334523336452353645555764477776477899648889968889996
111122213112245333244536326453666645776884577778457998885999998
112222311233331124433152544675554667775446777586699888869999988
112222341222534155553411153344665378446637889967788966778899997
111222213144223311452344445533666653777765887796588799658889999
122234412233441223344111133455566775566677588967758896798889999
111122234111223444422333544637755563775566877599688799668888999
111122311122234444223445533346655537666658777765879999887999888
111222211123231442333544466355544635756666578888977888997779999
122222213334421333344111144566774756687775688897568999956889955
122223312122331114335166443566645556784495678489577888997778999
112222311233331425533142657714665574465577486697948869798888999
111122233122223311444333444455556678859667855966788999678899777
123334412223441233344122555416677551667785169978566977889999888
111122213112223344442335464435556663577776855796688879998887999
111111233312224433332445552246575584677588467999866799886677998
111222311144231554223554462354466335776638577766897788889999998
122223311122334112333415556644456664775866477588877958987999998
112233311223331222344155544416655546677754867779986687998888999
111223311112334222233445553645577764857766485776948886698899999
112333311244331124435122245562664556666455777778978888897899999
123333312223441122344152644715564771586677558867758866998899999
112222341122234411133444533647555367755866775886678889697899999
122223311122431552443115443355544365777786779878699988869998666
112233312223331124344512444451567775556777566678866888889999999
112222211112324441533645553364557336485777648889766899976889997
111122213142251344625334462534466553766655377888877989987799998
122222211233331143335164444516477756647755688775568888896999999
111112233141223444422335462635546663555566788889978778897779999
111222233112223441156344455634755663475576387777688889968899999
111112344441234544123652222365555336777583679778869978886699998
111111122333442233554266355426635442765584776888877688997799999
122333312222431114243115444355564775666777566687759998889999888
112233411233341222234115663455564445666777589699758999978888877
112233411523441552334152236415723648577764857776688896698899999
111111122333332234553224445562445556747888677778869997886669999
111223311224431222433144445366777536778855677888569999856699985
122222211134421113344555344466533376658887655898766889779999977
111111233312223345552344652234465554466666778999977889897778889
112223311442231544233154423315546665557676887777688889768999999
111122233311224333122434555644445567775586799998679988867798866
111222231112243331524633555466355446665447868877788899778999997
111123311122234442333444223566477756677755666785588888859999999
122223311422231444333144453516655551667858666788899977889999777
111112211334223333422553444255666447568669756889975789997778889
122233312222341153334115555461775546677784966778496688849999988
111111231442223344526334552673455267345566788888677899967789999
111111233341223344222344526734456678555567888566798886779999997
112333314222231444423114542315556667588886759988675799867779996
111111233331223343222544442655474765777776558899658889968899966
122223312223331144343155444416555551677788667988866798896779999
111111122234552233445622345567334586773458677749866799986999888
111222213333241155324155332466544446557888666788899677789999977
123333312222431225443116547711654478865477886557986659798869999
112222211122331413335446633546677754467875946687599988759998885
122233312223431112343151444655574468557776858776688897668999999
111223312222431552443155446315446635566673899967788999978888777
112222231124443312444331154533655556666758696778899997889977788
112223311122341152334665233466557746857774685799468579948888999
122222311123331412553144555364777536447858664788869977886699999
111111213222223344552344555534456673466677386687788888779999999
112233311123334112355467222546777554668759446875946687998888999
112333311223431222344125544617754467755566778858697988869999986
112222211112231455553446653346655334667773468879948877798889999
111122211222321445333664555376445537684453768888976689897779999
112222211223345111344553333455664447556888766689876799987779998
112222312242331444533144453615555361757666777786678888998899999
111123314122331442233445622345566774556877556688799968879999887
111233311122234122553442556345556634446667889697789999778888977
122223311233341224334115444415555665577766777866697988889999988
122333412333441222344112564415556661556677858867788887779999999
122334411223341223334112544416657776655778669577869955889999888
111222213332221343555144365514436557746668774668897779889999988
111122211222231455553444555346477334666773668879386877998889999
111222211112334442233444533645557368555776888776688997768999996
111122314442231144233554422355666335556667888677788977798899999
112222211223331444335146663514766354476655777885578888897999999
111112213312243355224633527466355748666574886957489999748889977
111111213322223344225334455536647756644775866779588679998888999
111112213331243322224335666455566748855674885967488899749999777
111122211322241333244335564435556445566667888867789899778999977
111122211122324433332443536644557664555776888577688977968899999
111122233314223311422335444655554465578866777866978888697799999
112233311222234152553415553341456664446676888997688897778999977
122334412333341222344115266411556748555677859666788997778889999
112222211322331133334155556455665647786664788888477789947999994
123344412233341223444125356612555671156667885996788997778889997
112222213324241135444113555466375546337757668977768899996888899
111112211333324334322444445266555527655888766999876699987777988
122233312244331225443115554311654476665587699988769988876998777
111222213112241333244335444436577776655577666658799995889998888
112223312223331124335114444564455556675788667777896699789999888
111123311222231442333444253677445667775556877556688899698889999
111112231142223334242335444635556467775666778569978859997888899
112222211223331443333144455514455556667788699777866997786999888
122222311123331412355441336544446657776655788669577888997889999
122233311222231144333514444651777465888776555887659988769999966
111112213314423344422333445266655526655788665778899997889997778
112222213333221134344113444455556667555686777768678888897999999
111122213113324333322445566245555674588867488966748899679999777
122222312444231445553145533314655371166777886697786699798888999
112222311122234415553441555364447536666773688877368997798889999
111222233124223311444533146653774465576666577888857799885999998
123333312223341112244516624451674485667888567777856997985599998
112233312233331122444512444451667775556667585667788999798888999
112222312233331243535144555514446571466677888677788966978899999
111223341552234115223441523345556734666677486697788899978889997
122222211111123444444333546637356663755886775598679959887799988
122223311242231444433111433567748556677895677889567889956689995
111222211123224415333465533746588374658887465887746599776699999
111233344122334112233415522544655557466666776888877788897999999
111122213311423335542366574236657426655744685779488877998889999
111112211332223333452663445266645557664558777448877988887999999
111222314122234411233445663344566635557668597788859977889999778
111122233122443112544333255436555748666574866777786897998889999
111122231112223444425346644533366653776685778888577898557999999
111222314423331442223114445367888536778855667899567789556679999
111222231122243511664355564433356643755664877779487879998888999
122222312444231144433115433615553765587776858776688879668999999
111112213314423334422533446255746625777689576668957888895789999
111222231111223333424353644455666445667688597777859779885999988
112222211132234113333455555344446554778666777888679998867999986
111111234441223444422333522635555563777856778786678888669999999
111122311122334222333444435546646758866675899967589997758889775
122222211133321414433144443356777785666788556678855567889999999
112222211122334155663415566345556634444763888877388877779999999
112222311223331425536144453614555367448566778886677898997789999
111112213332241333244536622455766445776684577688855779989999988
112333312222331142243154444615554667588886758988675999667777999
112222211122331144533444453366745536775558677998866779886999988
111122231411523345552334555233466627744666784886978889997778999
123333312344441234544122255612775561177566877756688999698888999
111122211222334123333444555364555776445777688877966888996689999
112222211132425613444561337456633745568374566887759988879999987
112222312242331444333144556314555661556667888677788977978899999
111112233331123455522345552634775264477866447888697798869999986
111233311223334125553412255544625664766668478888847798997779999
122233311122231444423114445366778536678855667788569778859999995
111233344123334112553412265544226557488665778666977888997789999
123333412234441123344112225416665556675585967778896797889999788
112222211123231133333444455546645556674885677788867779986999998
112222212233441111334566633456666345777844577988857798885599999
111111213334425344442533422253666625567768957776895977889999888
112233312223331124443152464715446775566667588868759988875999997
111112213412253344225366442536644553667558367778877788889999999
122222213444421333345111334561777456667755667785569998889999888
111111233444123333442355446255566625786622578869977888997778999
122222312114231114433554433655743665774666578889657899997788899
111233311223441125344622533462555446665577668897788889978999977
111222213322241134444513466453366665377688577999855799885779988
111222211333321134432556643275564447556648757688877769889999998
112223312222341113334551534465555446777774688897766899996688899
111111233122223333224355664455666645776844577988457999887799988
111122233111223333224535444455555446666777868667988877798899999
112222311242231144433155544365574836577883657888967779896669999
111122213122445312444536244653666665337778537778855788889999999
111222231112223331444353666435556647555664788999477888997778899
111123341112234442233454233655427765877776588766658896995889999
122222311243231444333144553614556661755886775988679999867779988
122222211111123344445344555534657573366777366887966889798889999
112222213323421133345113644566664456677745777855579988889999988
111112211332243333244355522455666745886674589967488996778899977
111112311222234442253464455366455536777753678877369988886999998
111222314444231445423115522366657736655573688777368897998889999
111111213342225344222533446655334665577476588777688999768889999
122222211233441333334115666415566447556684795598879999987777888
111112213444221334225334425563645556367577666777788889998889999
122234411223441112344155233455666337568669756899975888897777899
111222211322241133334556634456663445556748959678899997889777788
111122213122425314442533334655773465577646577766688888889999999
112222211323241133334513666455666645777784557978459997849998888
111123345112334551223455552344442236677777667878869988886699999
122333412223341125334112555416554446657777866669788899978889997
111112213332221343322444535644555564777856777886699798669999888
111222233114225311442536664453666445377688537798857799885799998
112222341111234551223455533346578384657888467788946779996667999
111223344122334412333441255564125556677775666677788888889999999
122222311244231114553144453364555536777773666887768888996899999
122222211234441153444115366455533665533766889777688997778889999
111222211123331422353444555346555734688877468988766999876699977
122233311245331224533124455614445561777756877996687999968888896
122222311242431444443155555311655337766663766888877798887999999
112223311122331422553144553344665554776668476698877779889999988
112222312243331124433115544367758446675888677589867755986699999
111112213332241355244333524677552467758446775886697998669999888
111233311222331124433522444655544665777776588887658999768899996
111223341222534112253416665344667534468753996875599887779998887
112222211134241133424333344455666778555667855866788887779999999
122222211112345113334553334465557746577784667978469998886699988
123444412334441233355122235512666551176685777968877796889999988
122233311422531442253144555311456537746688777666897796889999988
111112211222234444253465555346565334666733868877788897978999997
111122233112423351242335444435554667575666777886678888897999999
111111213442223344522344556234775663375556777888699798669999888
112344451234445123334512233651226665177776577886657998889999988
112223314423331422253145555314455661747666777778699998869998888
111111212222223333344353644475566487756648775968875596887999998
111112341152234555223456523346652734466773466887799988779999888
111222211223445126334516634456663445673388557788857798987799999
111111123333332222443526264456666445678884577898857779895579999
112222211133221133444333445467745556777855666788566978889999998
111123314122331444223554442355556237566688796966879999887777988
112222311233334125533412556641756664775586447778694978889999988
122222212344441333455133446513666651167655877777588888798999999
112222341112334141223444556347756637785663788556677895998889999
111122233111423355542355444235564423766688777966879996887799988
112333311222231445233144526614555664477566777756879999989988888
111111233122223444225336445536647553664758996675899777789998888
122222212334441133344155334411555567756666778888677889867999999
122223311112231441233554444356664735566777566887759998789999888
112222311122331445233145553344567774456667885966788896778899999
112222311123331122334556637455667745866744588677458899748899999
111222344155234411523441552364557236666773668887399998779998887
112223311142331144223444423355566678556667885576789997778889999
111112231122223333425366345566444456774885667888577788957999999
111222211123224145333444563374456637775566879955687799968888899
111233312223331122243156444475666847555684755668879999987779988
111112233112223344422344445533666657668555776859977788997888999
122222211112345113334556344455634745563677886667788899778899999
112222211132241133544333355466555546667744886777988677998889999
122223314422231445533114556311455637745866777888677889869999996
122222212333341333544115555416665441678549667889967788897778999
111122213312421332244333554465557746557774666778896699889999888
111112314412235444233542223354567375556777888667788886669999999
111122231444223114526344452637555663757566377776839998889999888
122222211111231333333445566644557764455776488576688887798999999
111233312222331445223145556314456667475668747568877799989999888
111233311122234152233455626345666674556777445877948889798889999
122223311122331412333144555566444456677755688779968877996888999
112222231111223144444355546433556673885667388566799888779999977
122222314442331445263145566314555631157663777768897978889999988
111111233331223334442555546255754627774462788666977886998889999
111112231122223344425333445566364557666485768888577899897779999
111111122334552336455236644523666452376445277888877789987999998
122223312245531424553144453314655371666777166887796998789999888
111222213322321133334155555467775546887774668897466899946889994
122222312442331554633155463715446371554677186667788888798999999
122222312243331144433514446351666665177786555778895778889999998
111222213124421312444335544633555563775666778966977899997888889
111112211333324434322444432256677775668777568888956688995559999
112223314222351442335164435516443571666557667777788889998889999
111123312222231442333145555344665554467777886667788699798889999
112333412233441122344112235465555546775888667789866798986779999
111122211133224553332455363245786664578886457778644778869999999
122223312245531244453144455311165738666573886777786699978889999
112223311112334441223454626345466635557866995788899578789997778
111122213322221344444133335466555546557889667789967778996788899
112222231122443111444333345566374758667775866977586899958889995
122233312333341222554155555411644447166888776688977698897769999
111122213113223333322455666644566764557778445788894577889999998
111222211133221453326445333645555664775886478886647788997799999
111123314412231442233544263355426665778666577899957788995788899
112223411123341122344552333456666645557664857799988877998887799
112233411233341123344122255467775446777555678888568899896669999
111111233312224332256433255644775564478556477866677889998889999
111233412223441223334112354466665456786555678899577889997778899
112222211323321333345144444514666557766655778699577888997888999
122222212333341135554613554461357446175748667778896697889999988
112333311223341122354122655466665446755544678889977788997788999
111111231322223334442354464235466775558667585866788887779999999
122222212333331111334566144455666445777684578768957888895799999
111112213331423333542665554266575428677542867774986799498888999
122222213244441355544133355416637551163778666678899977889999788
112222211132241133344555344465337486557788657788966778896699999
112222211333324135662413566641357764555576488777744889998889999
111233312222331112243556744355674485667448556777896697889999988
112233411233341222334115244465554776555777668888768899876699999
111222233111123345522344455534466553747666777776688888998899999
122222311233231111333444555564775586447588664777866699789999988
111122311222234155523455633345566634776869478689947888894777999
111112312222231444233544446355766635578663557868877788897999999
111112344112235444233544222356677335666777566887755988889999998
111112213122223332444533664457376445777668557968859796885999988
112222211112321443333554343675444667588886755589677788967999996
111112211334423333422553444255555426666777667778768888889999999
122222211233331111343555534465544476588847668999766897776889997
123333312322431222444155544411556771855667888666788969978999977
111233312223431152343155224465555446666747866877788887798999999
112222211111323333332444444566677456777775666888599988559999885
111112233122243315264355526433756647775644788566477889998889999
111122233114223331425634442563447556667755686775988779998888999
111122311422231444223545443355567335666777588667788996798889999
111123312222231124433544443355664778556667885566789999978889977
111122231122223314444335455433555647756666777869978886997888999
111222213144221314552333455563345756884477668777766889996889999
111112234114223444422333455233677558667755886677588697998869999
122333311224331224435112445561445556666665777788899977889999788
112222311242231144443514466357776635777763555896385889698889999
111122344411235444123554662356662235776683557778399797889999888
122222212333341133344111444455666775556777585699788869978886999
111222233124423311142333444566675456877555688759966877998887999
111111233122223344425334642573464557776555778666978886998889999
111122231144253144425366642533764253776685397768599977859998888
111223312222331124553166455376644537666458777445879888887999999
112222212233331114435166443566744356674855767988577799859999888
111222211332221133334553444456777745666784556678859697889999988
112222211122334411433544443355567375666777566897756889998888999
111122233311243335124535522455566446666744889677788997778889999
112233411223341223334125444415555665576666777788697799889999888
111112213144425334422533462253346775886667588996758889675999977
122222211333241133344115355466555547666664777777488888889999999
111122211222321433333445555344456574886657888666788996779999977
111123312222331243335124455544445556667788699978869977886699778
123333312244351244435122244516666751868675188867599887759999977
111112234141223444222334455635555563777776378997688899668889996
112233311122331444223144526344556665556676588887798889779999977
112222341123334112333441255564447756888755666877568889776999999
122223312243331214535111453564445556647888699787866977786999978
112222211123245113364533366455536445577664888769487777998889999
111112212222231444433544333655473668557776855777688899668899999
111122345511234551623455662345762234476683947688399777889999788
112333311223441112334522264455766445776668579996857798885799988
112222211333321333442115446655544465777766558766988879998887999
122223311122231415533145555344566634776688476698847799987799988
111111122233442225334662533467755346777554668775469888889999998
122233314422231142553144453314655571666577668777968887998889999
112333415223441526334152634415266641526677557777899999789988888
111222231224253114455314455533344563788866778866677988697799999
111233311222231122433555443655554467888446789999678889967777966
111223314112334412233444223564755556777558677798866999886699988
111123314112234442223454662355476635877663588776958897795889999
111111233322123344222534466753466675446877555688799598879999887
111111233331223344442356664255564427756662775588877888897999999
122333311222431552243155554311654446666477668997788889778899997
112233311223431123344122444455567775666787569668755999879998888
122223311222331144553114453366455576445887666887769988879999977
111222211332224113566443355643355564777756477876648888889999999
112223451233345122234511133456666445567784596778899677789999888
122233312333441222344155555415567741866674186967788896978899997
111122211222331442433554444365577736557883665798866779986999988
111222213114223313442533344655744665777776578888655988869999996
112222311112331442233544463354746885776668577768855976885999999
111122212222331144433554443355546365766666577788897779889999988
122222212334451113455161344566634556633475687777788889798899999
111112213331423355542365544236654427665842768889976789997778899
111122211312243334224333444455567775566677586869758886978899999
111111122334552223445263345526334456677475668777986899798888999
111222311422231442333154446375546637588866755896977589697788999
122222211123331113333444555566444456778855667988867799986779998
111122312222231444433145544365577336658777655887768888996699999
111123314112334422233546227354688775468897546899756689975568997
122222311444235114423514433351666635576866577788857998987799998
111222212223331113333445555544567754466678466977896997789998888
122333411233345122344512266451176645577764588776958879698889999
112333311234431122443152264455266645666777558879758889978899997
111111122222234255333455533345657884667778496677849669784999988
111222341112234451223455555344453336677788666677896997789999888
123333312223341112444152255415555647776664778686678888897999999
111123344412334441233554122365557226557788677788866978986699999
111111122233332244443224454366655736655877965888796588879999977
112233314422231445223114555314455637775668797766899766889999888
122222211133231411333444555344556674558667888867798896679999977
122222212334441333344115634411566775555667885967788996778889999
111122314122234412233455533645555364776666477788677888889999999
122222314242331444333114435617775561887556887755688979668999996
111111122344442333444233356722285678888567855556789966679999977
111112211332243333224555324456666475588647588864799886779999977
122222211233331444553114445316455537666588766998876799987779988
111112211332224443332443355244655556666665777888877779989999988
111111233334123533442556442255664425766662578899977889997778889
112222211133224411333445553344456778855677888566789896679999967
122223312223341153344115344415555647775666877796687899698888999
112222314423331422335144663517446551766658777655877988889999998
111234411223341123334522263455556445775666778999678888967788999
123333312243431124444122255415555661775886778886677788969999996
111112211333324533632455766244576224557668495776849977889999888
111122341222234112333444433567455556777558667778869988886699999
111122211333421333442535642255564775566487966848796888879999977
111222311122331422335444335544665554667758966788899677889999778
111222311122231444323546633354768885476698547699857769885577999
111222311223234112333444553546665554677785467788896677889999998
122222311422331444443145555315566531666783967778896997889997788
111112233112243335224353552465557446687744668877768888796999999
122333311233341222244155544615774461557776857796688889968899996
111222211123321433332444435546666754688775668777588879958999995
111222213112221334444536644453667775366777536888759999885599988
111111122223334233335426665542665554466758499978849977889977788
122233311233431225344112555461775546667544686777768888889999999
111222211123245513324655337465538746593874699887469998746698877
122333312224331224434111144455666665555766858777988877798899999
111122231114223344452334445263355556678859677789966788896778999
111222213124421312445333444567335556777855677888966788896699999
111111233332123433222444552644555664775566778886677798889999998
111222213112241335244333544436657476655777665778869588889999998
111223311223334122335412667544666754866775488777548899558899999
111222312224231114453444455366555736665773688997368899778889997
112333312233431222444112444561755556678855677888866777896999999
122333312222431244443115544361155576665577866977786899978888999
111112213344421333442335544266555728665572886777786679998889999
111222211342421134442553446653337865377786557788695788869999996
122222211111123444445366445537666553776558377688837888993799999
123333412234441123345112244561255556777588667788866977986999998
112233312222431255443155443315554661778466777888677998869999986
111112231222223144445334555533445563666666777888877778989999998
112233341222334125533412556641555664177766477876948789998888999
111222213124251312445334445563745556378888637899866799986677799
112222212234441153334155633415663445556777886667788999778889999
111222211222331445336144533644756364775666775588877959889999988
122222212133331113443551344456678845677784567888956778995669999
111111122233332422355244435566443556647775688879966877998887999
111112231314423334422344452236665556665575886777988879998877999
122222312425331144533144553314556661475676877777688999968888999
111122233122223114444333354466555546657777685999768998976888897
122233314222231444553114455361146536666655778888877889997779999
122222211113324113355443335546655574667777446787896688889999998
111112312222231244333444533546655554677588666778869977789999988
111112233112223333242553544655554467784466778996678899967788899
112222211333221113334556374456677745677744566888455699889999988
111233312222331124243144444356666665576888577788857779895599999
122222211111231444533644455364755336675883667578869777889999998
122222312233331133445111444566644557766665777888597798859999988
122222211113321455333144556344455637477566777866679988889999988
111233314222231442523164553316445556664577668899788889778999977
111111123334442355466235546623354462775886227588677799887999998
111122213332241133244553324675554467885546798886679998867779996
111233411223441222334152334455555546667888666777899697789999788
111233312222331124553412455344446557666665777768879988887999998
122222312244431144433115433361555556666785677778869977889999988
111112231444223144442355552233365557386669788666978888997777999
111222311442231144233544423355555637756666777889677889968889999
122333312333441222244155554415556641777766187999688779968888996
122222311223334111153444445346555537666588766888976789997778999
122223312223331114335114445566664456767845976785597778889999988
112222231242553114445311444533366557366885799668877996887779998
111112213222241324444333544566355556637577688777766899998888999
111111122222334444253444525366555536777783667778366888889999999
122223312223331455533145455614445761847776188766688877698999999
123333312222431124443112554617754467775556787895688889968999966
112223314442331114233144425366662556676755877777588888859999999
112333311223431222243114444566664557686555778659978889997778899
111112213322241322444533334455556745666677586977788699798888999
122223311423331142353614255561445776445577666777869998889999888
122233311233431123444112244455555667775866977588697788869999986
111222231142223114555333455633744567774456788888679889967999966
111122233411123444222354466635547663355766885577788888779999999
111112213144223334442335446237589627758966755899675589967788896
111123344412235541223544122354666635578663577886977888997789999
122222312442331444335114463517766351776555776685897968889999988
112223312222331455533144555314666571444667899967788896778889997
122333311222331111234567724456674445567488566778859697885999998
111122233311123333222455666645556674588867458877748899974499997
122222211123334115533441533644555564776666477869977788998888999
122222311122331411533644553364455576845777684899768889976689997
122233311222331442533114455561477586647558664777869978886999998
122222311242331154443155444316555536666663777777788899998888999
111122231112423444442345666233577663555776357778695888889999998
112233311222231112433555443675554467858446788896678899667779999
112233311122345112334552234455556647777644778666697888889999998
111111233312223433225444325544465557776665766688877788889999999
112222311222431155543155644355664337664438769988876799987779988
111222213332421153342165334766554476665447685577788899978889999
111111231222223345525334655533466654447766488776988779998887999
112222211232331443333114444456666665677777558889755899975888999
122233312233341225534116555416657541667744886677489999778888999
112234411223341223344123355416555547658888766689876699987777999
122333312222231445553144465314666551467665177778897798889999988
111222211112324455233445677345567734556773466678396988889999988
111222211123221333333455566744556674856677485677748888894999999
111122211342221334244533444653378865777886555778695978869999966
111123312222341123334552344456664745567778596678859697789999888
111112213132223333342566644255664778566447855949788599978889977
112222231114223351444355146433574663557766885799688779968887999
112333311244351224335122445512446557778665788886679988967799996
111123311222231442233444553344655776665557688877768999976888999
111223341112234122233445553344455556666667688999788997978889777
122222311224331556433156644315666431556447885977788899778899997
111112233114223444442333354266555726655577866699789999978888877
111122211222324153333455536344456667745586774888677788869999999
111111233412223442252344555637455863747586377788699978869999866
111122213444421355542135554233356423666667888886789997778999977
111122211122223444444333355436635556677855677889967889996778899
111122211332241335224336555437665447765584766888476998887799999
111122314212331422235444463547786357788635788669578966957899995
122233312244431244443125563311556667175568777566897799889999888
112333311222431124443122554366555446557888677778866977886999999
111112344112234444233554222365555536677783667778866799989999888
112222341112234441233456177345666734556673558697785889978889999
111111213222223333442556334455674489567748956678895667889999778
111122213122221333445633345566444556674858677785867778889999999
111223412223341123334152364455766485577648557766899977689999888
111222311222331442435144443566667356888735688875569987759999977
122333311222331224453144455514645571666577666777899988789999888
122222213333321111133444556645457764555766477776688899998888999
111122231142223314442533464453766665377668557888857789985799999
112333411233341522234152664415266745566674558997788899978889977
111112211332223334425663342566444556788455677888567789897799999
111122233311224431225643355564735856477588644777869978886699999
111111122234442223334523336455666645567764588777758888879999999
111222211322441332544133354466635547768855766985876998887779999
111112312222231233333445556644456664745886777598679759887999988
111123411212345522234555233465533446666774866897788889978999977
112333311234431122443122244566667456777755688775968895598889999
111222211133224513326453336645555664445768947776899978889997788
122222211133321444433114553366445576855577688889768989976699977
111222211123441522334555533465533746668874668887468877779999999
122223312223331113345161444566447456777785677888569998856999985
111222231112223134444333454467355556777585669778866979886999988
112222312233331124433115544465554746885577688999766899776688997
122222211344421134544133555416337556683757688877768899976689999
122222311112234141333444435546773556678855667888567778896999999
111222211222334115533455553344456364746666877776988879998887999
111122213114223335422635544463354476655577688999766889978889977
122222311422431144443154556315555637666663777788397978889999988
111111233333123345522444522244456778555667888866788996679999977
112222211344421533342155334415563478586777858666788869679999997
122222211111123334444344455533655753666775668697788889778899999
111112231142223344422355544433655553766688777766897799689999888
111111122233342333444235554422566745556677888677788966978899999
111123314522231452223145553344556734488677888966788996779999667
111222314122231415523445553344455336667778696777899667889999888
111111213322224335266435525643755564377666488777948879994888999
111122213132421333242553444465354776555877668888766988776999999
111233311122231444223555423356644475568887566987766998879999877
111112233312243351244335522466655446778554678888867999986777999
111122234112223415552346565534656773466678344977839997789998888
111222311112435522243555544356444336667839677788967888996778999
111222231144223311442533644753666475386997558699758869975888977
111112213133224333225436625544465554666657488899788999978897777
111122213333321443352164455266645726664577888455788999978899977
111222231111223334442333454455555467778566778886678898967999996
111222211222331133333444555546655784465778466778866997789999988
111111233312224432255443325564377556447775666887799668889999988
111111213442223344252334455233455556778889677889967778996666899
122223311423331142233144555617444567788856798985679998567799866
111112233144523314552633445263445526677852677888967889996778999
111111122223342333344253664425666645555564778888877788997799999
111122234122563412556341256634445663475586337998877799987799888
111112213331423353442535442255564425776666777668877998889999988
112222311233331122433514444455546775556667888966788896778999997
111112213331223332224355544465754486975548697777869997886669988
111222344112234115523444552364555736688873698987369998776699877
111123311412335544233544423654222665788869578666957888997777999
111222213112221333444335564435576648577664855776688887798999999
111112233114223334442533464255556425576666777776897998889999888
122223311142231114423444455365555336578888667999866777986779998
111112213333421333442555664277564427556642758966978899997788889
111111213333224353322455552244565774466777466888796698879999988
112222231142253114555361444536664453366775389697788999778888997
111222311423331142233564423756644475677777566888956889995588999
112233312223431112443551246355444667566668755988877799887799998
111112233331123433522644452264555556447888677778869977986699998
123333312222231244443114454561755556177775677888866699886999998
122222312424331144443114553316555537666658766888877799887799999
111111231222223332444553664453376445577688577768859976689999988
111222211322421133445633344566344756677775668778599888859999985
112222211332241333344115534455555446778889667788966788996677999
112233311123331142235444425564742556677755688877766888896999999
111112213342251334425336422536647556664775688479588777998889999
112233312222331245553114445316445576648857668877766888979999997
111233311222331142233544266657446865744686577988857798985579999
111112231142253344225366425537644553764885376688877699987799998
112222231144223111444333345466635556677855677889567889997788999
112233312223331224355111444566774456667455867777586899998888999
122222311442531114253661445366645536674553777788379999887999888
111222314222231455553145533314453667448866777886677788869999999
112222211122331133334555563455666645766884777884477888497999999
122333311223331142566114256674425667745556744588878888997799999
111112231142223334422333444566777456688775688875568897556999999
111111122223332422333445553644577668455796845779688877968899996
112222211333221143335144355544655654466667886997788999978889777
112222311442231544233155466317544637755663777566879888889999998
111233312222331422433144445514665556665577668777788897998889999
111222211223231433333144566644455564755856777788697799869999888
111112211334225334422534446253476665377666558777958899798888999
111112213333321443532644552266455276445777688579766899978888999
112223312224331125433116544366655446655574867777788897998889999
122222311123231144333414566344456667555566777859978888997788999
112222211132321143333444553674485567748556777856697888869999996
122333314222231444233114555511445667785566778896677899967888999
111112213331223334442553444265555426775888679998867779986667998
111122233311223444122344566634456663555776857777985887998889999
111123311422231442223444563377456638775566887556687795998889999
112222211123421513344555334466553346665774667777899988789999888
122222311124235144433514643751463375666777568888756898875999999
111222233124243111424333544435555675586667888667789967778899999
111233312124431222443152444365577836577888655778866579986699999
122333311222345112234551143455554446777788667977866998886699998
111222233144225311442533164453666475368677556897758889978899997
111112211333323332222444445566664556768495776889578889957778999
111112231344423134222333455266445776666577868859788855978999997
111222213113221333332444456644745668875556887759688795968779999
112222312223331144443516464351666435566788955778899577789999788
112222231111423315442633554463355546666574868997788897778899997
111222211223334112335466335546666654477855447888597777889999998
112333312244331222443125564411556467555666777778699997889998888
111122211322456132445663244566344556733855677388877888997799999
111111234555123444552364455236472223677778369977836988886699998
111222213112224313356433355644755564475666847777688888798999999
111123311412334442253642255364425536777755677788869999886699988
122222211111123444445366445533655553366667388899788899778999777
112222211233231114333444435644755568777566887956688795698879999
111111123333342335554225554426665642776664277899477889997888899
111122213333241355224135542463554446657778667777869999886999888
112222213455221345555134445613334661773466777886697798889999988
111223311224331224443152444355566635756688577966877999887799988
112222211333221134555133444563447756684775668997568889776889999
111112213313324533322455552245666674568867446887748887779999999
122334412223441112334151233455556647755866977788699978869997886
112222314423331422353144555311455667745886799888677988667799996
111122213311224433352444335246555574657777666879768689998888999
122223312244431244543114555311665537776583796668879969887799988
111111233444123335442633542266554726558772658877768887996899999
111222314442331422253144655317465537786553788699978866997788699
112222211113221444333444453366655536765588676598877799987799988
112222311244231124433144433356666665557886557778857779989999988
112222311223334112333415555546667554677778469997846998784699888
122222211332441334444133554617355661775566887566987779998888999
111122211344221335442333554236654478665557869977786699978888997
122233312423331142235114455516744456677775666778599698889999888
111112233311243355224336522466654446655547688888798999879997777
111111233444125334442533346257777625777662588866258999695888999
111122211333221433332444566274456687745668755596877759889999988
111111123333442335344255555422666542667884296778899677889999778
112222231111223331445633444566345456777555666777899997889998888
122333411253341125334122544412555546667777667778866999989998888
111112212222231333333456666645555764445576488777748899978889999
112222312223331443356144355617444561775556778999678888967889996
111233311224431122443555224355664435766688576688977888997779999
112222213334421333542136554416655541666574886997788889778999977
111222211333321133432554444255466665547776577787688888968999999
122222211111231333333444555546478554667885467788966788996779999
122223312224331114433144455316455576665877699588766998879998877
111111213332224433332544666257444625776668577788855578989999998
122234412523441552334115233411566347556666778699977888997788899
112222312223331113343516444457668445776899576688957768995578899
112233311233341225344122544415555546788888678999867777996666799
112223314522331455223145663314556661457668447788877788897999999
111233311123234512223455562345556674466667488887749988879999977
122222312142331114433154433655744665576668577786857788889999999
112222311233331422533144555514666657486695748869974888897777999
111222211222341133334566633455766645876444587777958887995889999
111111231222223345562344566633455673448567994856799888779998877
111122314122231422533644553364555536447777668779768899996888899
111223311223334112533444255546427584697758669975866997886997788
112222212233331444355114435561443556666657899967789999778888877
111111233312223333222444445546455576665577688877768897996889999
123333412233441223544122554411555667175886777788699978869999866
111111123333332324445222467524446756666675888997588999758899775
112233311233331222244115555467785546678854667894467789996788999
122222212344441135444113555516377756637775633878866688889999999
122222211233331144353144455316647556684755668777968879998887999
112333311244431224443112456372255667775556788885678899667899999
112233311122331222443144444355555667885566778889677788967999996
111111233144523344652334665234465527666552777888279999887799988
111122213112224333332444553644755668477556877759688879968899996
111111213333224334322444452267475556777755666678599968889999888
111122213311245333324555532465577246777894687789468888946669999
112223311233341125334162554466254447655588766999876999887777988
122233311233435123644512266451166645776744557778895788889999998
111111233144223344225333425566442556666775868897588889779999977
112222311224431124433155433677544367555666758886677988887999999
122233311233331122244511444455546778555677889967788996678899966
112333311223431122344122444455556675866677588697758869978899997
112222211233231114333544436655447665547776855797688999768888999
112222212233331114433144443566645556777785667888567799859999988
111233311122231442523644257364455736455778669578869997886999788
111111122345552234555233444523334662777486777888679889869999966
111112213341223344422344555233455556677788667777866998886999998
112223314425531442533144253311425556778888667889867779996667999
111222211132221333455634345563444576664557869999786999778888877
122233311122231412433144443567745556677585677988566799886999988
111111231222223334255333444566666457866445788888577998957779999
111122231122423135244333555435554446667777688779766888996889999
111112233311425344442536644253366625566772858997785899978889977
112222211223331144443156644355564337556668775688877999987799988
122223311242335114233514466351466665544776588977758899778889999
111111123333332224435662455562245576884577684477768888976999999
122223312232341153334155555415664441776648976668897777889999988
111222211342221334444133334456666675668887599988759998775559877
111111122222334223333444435546455576665887699587766998779998887
111111122334442335446233544623555662778556277896677889997888999
111222314422231142333144335644755567778856977885697888569999966
112222311242231144443155443355553367775666787999678789668888999
112222213332241333344155544415677741567877556688799666889999988
111123314122231452623445263344566634758866775888877599897759999
122222213245551334455133344511364451776888777686879966687999998
122333411223441522344155236415553641756666777778678888889999999
112233312222231455333144555511465778446777884667986669798889999
112223312223341112344551633455666645776864577788459778889999998
111111234155223445552364445236647523667772368797936889798888999
122222211332441133334511356455555647777664877966487899698888999
111112211222234552333455533647588364758886477788647979664999996
111112211222223333344335666477566447555684775968477598889999988
112234411233341123334122544455256678555677888666789969778899997
122222213334421134444113334561665556667585699758899977789977888
111111122223332433353245555524444456666677888667788889979999977
112223314422331422335144443511655556667775886997788669978889997
111122213322441133224553364455366745566774586977788699978888999
122222213333321435555143556614445671146667884969788999978889777
122222312444431244533155453311555631777766778899678889968899966
111112213122224333332455553647575664757886477788649999864999886
122223412122341113334513344455566745566677566877788888978999999
111222231224423111444333356437755648755666877556988779698889999
112222311222331444533145555314556637466668746888877799887799999
111122213142251334225634444563334756688975668997568897758899977
111233341122334411233455522246557784655788467778866997986699998
111222211123321442355644335566443556664357867777788999978888999
112223341122234112533415553344445556667788677788867799886699999
111122211133223333422354446655544667754886755888677778869999999
112233341123334112253461225546665574686557468887749998779999887
122222211134421333444113355467737546777755668888566888956999999
112333411223341223354122555415554446666677668777788888798999999
112222311122234411533466655346666534777553487795948779998888899
111111231342223334452366445236445526677558967758896777889999988
122334412223441233344125534615555561777776178887688896668999999
112223312244431255433125543315554461777766887766988876698899999
111223312123341222344156334455666445666778557777895978889999988
111111233312223432225443366544776554777655477866588889698899999
122222211233341113334515534455554446667777677788866888896999999
112222311223331112333444445564455576685857688888766999776999977
111111213332224343332444445266655526777558667775869997889999888
111111213333324355222435562245556674488867488886749996679999777
111111233314423533422553444255564227756888776688876669987799999
111111122344452234445223334526673356677555666777899978889999888
111222233124423111442333354677755468879546877955688795668899996
122233312222341113334115444466557476655777688599766859978888999
111122233122243311424355444435667773566887556888756698879999997
111222213124521314452334455533644553766688777668879969987799988
122233311224335112443511244355544678556667866677788897798899999
111223341222334115263415526344755638475566847777688879968899999
111122231142423314442335454233555667558866777986677998867999988
122233412222341113334151364475556647556664775869978888997788999
112333311234431122243512444655277468557666885769688579998877999
111112231122243333224355564435666478555647888964789996778899977
111111233344123554422355446233546627755662778996677889997888899
122333311232431122243114444566477756687975668797568899558889995
122223411523341152344115233455563748856774888667789666778999999
122222213333321113444551344456167485666778566778859977885999998
123333312344431224444112225516666751866675888777589877558999999
122222312233331114335161445566645578664557868497788849978999977
112222213234241333444153346415555661556667889697788999778889977
111233312224331222443115544355554465777766877876688888669999999
111222211113324444322445533345553667588666758896677889997778999
112222213324421133445133445516346657666655778888578889997779999
112223311122231412333444536644555664777586777558679999869998888
111112233112224335522443655744365574436657888666788997778899999
111222213322451332445163444516334756688875688777568979756899999
111233311123345512334552244455622445666667888867799988779999877
111112213331224355222435666643556764355677488877748999794888999
111222213322241533644153666415364447536688755588877777889999999
111112233331124453222445362647536664758886475558677988897799999
111112211334223333442553444256647725666778569977856999785998888
111222344122334111223455555344657334665777668887768898876999999
122223312242331144533144456317745661778566778855678899568899999
111111213342225344662534466253344625537766588777758899978889999
122233311233441123344512444651266665578866557788895777789999998
111122234112253441225364475536447583677758367975836999986699888
111112211322245532324533334456677745566774566677488888998899999
111111233444123333442555344267555526777772667888266689889999998
122223312223341113334151644455566647755564777866978789998888999
111111122222232455553445553364447736487773668897366899796888999
111111122333334255336425555642227564777766447766849999889998888
122233311122334111223444555366444556677558677788867979886999998
111222311222231143333544444354566775556677858667788896978899999
111112213341223334422354444235555667755666777888677999869999888
122223311112231144233444443355566665777686577778655988889999998
111222211333221134325433455544445567888596777899678889667799966
111123314222331456223145662344566634456788555778899977889999778
112223311233331223444152646415564645576668557798877799887999988
122222211111123333444553664455336445566667857777788899798889999
111112233331123445552334452266445526774858677988866799986779998
111123311122234442333554226354466665478866557988857799987779998
122334411233441222344125533416557771655577668877968899996688899
122233314233351426635142266514446651774865177888577889857999999
111233311223331122344552644475266447566668755598877799987999888
112222312244231114433514443355556635578866777888679778869999996
122222312112331113334555534456574445667774667788866978889999998
111122213332421332244153344655544665557766777778688888869999999
111222312224231144433156443355647735666877568687759888875999999
111222311423331442553144255344627538869755866977788699778866999
112222312243331124335114435544455567888856788986679999967777966
111111213444223342225334265537446853777685776668579996859999888
111222211333224133352413665544666654777765447877588888859999999
122233311122331411233546627754466775446667584888758889975599999
111111233444123344222335442236555776657777685599768888996688999
122222212333331445533114455561475886147588664788866777796999999
112222211113321444432445433366577736555877669587769958886999988
111112213331224335522443352644475564877556887966688799968877999
112222231114223114455333344566636457766645788899577889957788999
111111122233332223444256347455637745566784566978856997889999788
111233311122231442223444443355566678856667885967785599778899997
123334412334441223544122355512665551768888176668877776987999999
111222312224431112443555444365553336578889677789967778996668899
111112233311223444552334452234455556777788676788866678986999999
122222211332451333345136664511644457666485777988579798857999988
111122311222231445523445563347566334758666475869977889997788899
111222211333421135342633544266654446665555778888977888997779999
111222213332421333244135666417556447755684755668877999987999888
111111231222223344255336455733645778864579866457986647798889999
111222213323221133345613644566664756888475888447598997759999775
112222213333241335324111555466657548665744886677488997778899999
122333312222431524443155544311556467158666777888677788869999999
122222213345521344555133444511346651736666777768897978889999988
111112231414223344422334542635555663575668777668879999887799988
111122231114423444452345555233356523666666778899978888997777899
122223311122231414443144433355566775556677885666788889778999999
122222211113234155333415553344456667485966748999677888967778899
112333312222231114423155446355544667554666777786879888887999999
112222311222331144333144443566774556777755666675588889998889999
122222211123331411443544446355555635666663777777788899998888999
111112213314423344422334555263455526667757666777788899998888999
112223311123331422335142655574465587446588746666877999887799998
112233312222431124443511644356667435556788559677899967889997788
111222211332221134444333344455555678955667896666789999778888977
111111233344125534662533466255346227554628799468877998887779998
122223312244431244543115455316555331678888667779867779986699998
111123314122231422553446253374665537446558766688877888997799999
112333312223431224443112454461555576658777665877769988886999998
111122213114223333442533444255564665766668579888857999987777998
112233311224331112443555224366555476658847668884796998879999777
112222211323241333334155544415655447765888776666877799689999988
112222211223441333344113344455555667777566888759688977968899996
111122211312443332244533324455566647566866755888977788897799999
111111123333442223354226355426665446655547867777788897998889999
111111234152223445562344566234455623335768777776899997689998888
122222312214431111443556643355564437586663758996977889997778889
111222314111234452223455553345653374668777468899766889776889999
111111122333442335344255536425566642257664777776899997889998888
122222212333331111443155674355567448556774888677488666798999999
122223312444331224553144453311655551766888777666879769987999988
111122211132425333242533344455554465788666778866677889997789999
123333312245531224553122455611445761844776888776688776698999999
112233314422231422333144556614555661457886775788697779869999988
112233312233331222455166645511644456664745888977588997778899997
122222311244231144453116455376645537666853769985377998887799988
112222231112243115554366665436655543768844377884937889997778999
112222211123321144333444435367747556677785667998566998859998885
111112213442221344422334555533455657366668777766879999887999888
111112211322223332455633345566774456874445687777568999996888899
111222213124421333442134445533655557666885777688877966887999999
112333412223441222344115533461577746655577665877968888896899999
122233312243331244536124455611455667147556777786678888889999999
111222231142223114555364445736484573688557366887736698879999997
111123311442331554233555422354446275666627888669789999978889777
122333312223331244444124546617855961788596178559677859967788996
111112213122243322444355546435555643377766888877688987769999996
112223312223341123334115444465547776655577665887968889796889999
111112213122223334442335454463555546665777688877769888876999999
111111213333224433322544444255556625758666777886977889697889999
111122211133224555322453333645576664577688497766849977884999988
111123412222341252334155533455566346666644777777899997889998888
112222212233331453353145555514666771444677888467789996678889999
111122213313221433322443555564557576444777668888768899976689999
112333411233341122434512244456627885666778567778856798895599999
111112233311243533224356224455667445668774568879956877998887999
112233341225534125553412563341256774166677488866748999978889997
112223311122331142233444553546465554666785669778899978889997778
111223344112334112233444423566672558667755866755987779998888999
111112213341223334225343426574448657888865789866579999657779965
111122311222331224435644443564777356778735666875568888859999999
111233314122231455233145226344555667445886778888677998967799996
112344412233441223334112235416667558667775886679588977958899995
112222311122334112335466335546677554866755489677748999974888899
122222211234441133334155334415555546666677688867788877798999999
111122311122234442233455533344455556667777688888766688779999999
111111213222224333325436655543665574666577447777849988889999988
122222311444231144423114333356677885667888566789956778995557999
111111233444123442222344555233555663758866778899678889967779996
122334412223341225344111533416555546657788666788899677789999978
122223412223341333344115554671154467775666778569987856998888999
112222231142523114555314445533364453766688777666897779889999988
111112233312243531224355624435566647556884779688477968887799999
122222311112331441233445567345556734455677888866798886679999997
112222212233341153334155534415655478666447866697788999978889977
112222213244441324555134465513666571366857339688799998779988877
122234412233441223444113355516375551677758667799866799886999888
111112213442221344425334452536665553666578396777899977889997888
111222213332221333455134445516445556664777688779768999976888899
122233311123331452223145555514444456777788667798866979986699988
111111233312223432225443666547365554766588476958847999887779998
111112213122243333244536324455666447566899756888975588897777999
122223312122331111334566673456667745567744557784459998889999888
111122213314423331442355644235566425566677856977788897798889999
111111233441423344442335555235556226666662788888878799997777999
111111233144423555542333554236654427768822776888976689897769999
111122212222331444333155444366555436775889677588967788996678999
122223312423331245553144565314456671845677188666788889979999977
111122213112324333332444555245556664577766477776689999998888889
112333311222231444223154666315444665557776588797658779998888999
111122311122234444223444333355556667555686777668879999887799988
112233412222341155234155333415556647766644776688877999887999988
111111213442223334252344445233555567757666877776988886698899999
112222211112321333334555364456666445667744588977758899978889997
111222213122443315244631544463555556337777666687799988879999888
123333312223431252444125666415567741556784156678899977789999888
111112233311224433222445336644555667455666775899977788997888899
122223311422231144433154463315546675556677588966788999778889997
112222211234441523344155334415533667755668777668897768889999998
111112211322245332644533264455336445776688576699857799987799888
112233311223334122355411265544666554776665447777899998789998888
112222213233241333344156666415556641555644777778879788889999998
112233311222234112553441653346665554476665487779988877798889999
122223312242331554443155444315556731166677886866788887779999999
111123312222331142233544666354477665447776555877685889998889999
