111222213124451332245133344566344556678895677899567788996778899
111112213322221334442333455564447586777758679975869999586669888
111112231442223144422333344566355556655777688887769998876999987
122222311114231444423145543355553367566666778999677889997788889
112222211132421333445133445566374456687775688875568897796899999
111112314422231442233554233355446665777776578996657889968888999
122333311222341112334551244455554465666666777777897999889998888
122222311124435112443551444365557336588773688887766689976999997
111112213222221333334555344455564445666778667778869997889999788
122222211324441135544133354416335556666775688677988877798899999
111112213333221344422534442653547765557766859977688897968889996
111223312223331224335114455566645557664899766489977748897788899
112233411223441123334122553455556445776666778999678888967788999
122222211123331113333444555564445556477778666777869988886999998
111122211133324443222454333655476665547666577778857988889999998
112222311122231413333444435546666654777865779786599978859998885
122222314442331444235167433516777351688775168897566899956889995
111122311422331442333554266355426665744686579998857779887799988
111122233312224331152433555544455664766666477777788999998888899
122222211133231413333441555546557774665877468888746899976689999
112222211112231433333444455366645776664557688885799898579999877
122223411233341223444113344561777556678785667888569788956999995
111222211332245113324553344455637445667778566978896697789999888
122333412234441223445126334511666651766895777889577889957889995
112233312222431125543615544361544736655477668877768888879999999
111222231122423115544355544433356748835677889666789996678899977
122223314522331452333145666614555561444776188877688887779999999
122333312444331222443125564411556667155686777588679779889999988
112223311222231455553145556314447634477763887766988766998889999
122222311224431444433111433356677885567788556788856677995699999
112222211113324143332444443355555667588566777866678889997789999
111111212222223333334553644456666645776844577788857888995799999
122222211123331413333144444564788856677885666788567779959999955
111111122233334222335444263547446657766665877755588879998889999
111122213312221333442535344455554667885466788896677889967779999
111112233114223334422344445236655556665577688877768888979999997
112222312233331124335144445516647556684755688877768987976899999
112223311222331124335144443544666657866695788899577789957788995
111233311122341222334526643455564445556777886667788889778999999
111112233331243335124555522456572446667744688779966877998888999
111223311222331424253144445366455536665757886777788699798889999
122333311234331224445162245516674551667455667788897778889999998
112222211223331144533614453367745556774858677485866798886999999
111111122333334222553422555344556664776666447888877778889999999
111223311112334445223644552366445236677555688779968777998888999
111222213344221133442133544677355467555586777888697988869999966
122333411223341225334112555416665546677544688799968879998887779
112222231144223111455334444563777556387759638875966687996888999
112334412223441233354122365417766541877655888766588779658999999
111223311442231544223154423355546635776668577866877988887999999
111111213334423356442335664277566427756642775888275598889999998
122233314422331442233114455561455576188857688999766889776699977
111112213334221334442335446255554625776668577696877999987998888
111222211333324133322414556644455667748556788885678899967779999
111222213144223311442533344655374665577766558876988877698899999
122233311223331422355144444514665551666665788999977888897777899
122344411233441122334122533415556665575866977888699777869999788
111123341112334442233452223645555564758886779888677999867799966
111111123333442223334522244456667745667777556678855999889999888
112222211132324113335444355544435556678888677777866999786699998
122233412233341253534125554411165546666774689997768899778888997
111111122333334222233442455564445576665577886677788697998889999
111112213444221354426335542633554263775586777778699888869999986
111111122223442532334253334465555446567777666888769999879998887
111111233142223444522333455263744556677558677998867799886699988
122222312442331443333114455561145556777775667788968888996689999
111112231422223144442355544633555667388566737888677789867999999
111112233131223333442555644255666427566844756888977789997788999
112222212233441113444513333455555647566666777768899977889999888
112222341225334112533441153644555367458886777786679978869999986
122233412122341112534155553466655347766634776888479989887799998
122222311223331143353614455561444556777458699778866977886999988
111122231414423144422333452633785667778556788885677998569999956
111223311122331222433566644355666445556447589999788897778889977
112233311224431225433112544366555446557777688888766688979999997
122233314233531422553142455614445561777776187887688889669999996
112222231444223111444333156473855697385569778566977856697888999
111112213314423344422334455235555627886569778666977888697789999
122233311122231444233145466314547665557766558779688879998887999
122222311233331424353144445611754567775556788888677889669999996
111122231112243555224355664435766643576864377888437889897799999
122223311122231411533444553346445776665557686888768889979999977
111222211112234444233546443355667335666777558699785889978889997
111222213113321333342555644255566445766648776984877998887799998
111122233114223341425344442533555556666788699977869977886997788
111111234444123544422355552637775263778526378866637896998889999
111111231332223334222534446655466665544776588887759988879999977
112333311222341155234615223467555546777774678884468899996688999
111111233331224435522433555244677524867759486677988669798886999
111233314422331444233145526614522665556667588777788897978899999
111222211123224133333444556344456678555677859967788996678889997
112222213333321111342555634455564445666647888677788999778899997
111222231442223114444331546633355567555866779986677798887999988
122333311224331124443112254466665476665577888557788959778899999
112233311423331442355142226514777654487765888776588999658999966
111111233331425334442534422255647725667778566677859688889999998
111222213442221334444113354678335667885556788566677859997789999
122222312113231114333556443755647775564477586649788669998888999
122222212133441113444515334455563775666387566688799988879999877
111122231114223333452344445236664556677755688877568987798899999
122223312233331124345111444566744756677775688789568888956999995
111222211122231453333445567345556734588677488866748989679999967
112233311244431124553122455362447536777755666778869688889999998
111223311224331222443154444365555736557778669777869988886699998
112222211223331444443115443366555736558777658877768899996688999
122223311123331142235144553544445556777888677798866679986699998
122233311233431122443511264455556447566688756699879999987777888
111222211133321443522443355544637754666875966887596998779998887
112222211223341133334155366455666748567774856794485879998887999
111112213333221334222534444654477765777876555888659889869999966
111122233122243312444331445463755586677558697758869977886699998
112333412222341252334115553416665446666554788888877899997777999
112222212233331113343155554466555446777784666778496997889999888
112222211324251334445133465513446557377658777966879996689998888
111112231441223344422344556233556673555667888667788999778899997
112222212233341113444513344655377465577666857799685879968888999
111233311222331425553142265344666554446665777777899998789998888
122333311222341522334155544416657441655777668888796699879999887
122233411223341122534611553467555346778584677888466779886999999
111111122233452223345626334566634456774455678885977889997788999
111112213222221333334555364455666445566744899677788999978888977
122222211113421153344555364475336647553684779968877796689999888
122233311233331122444512446451777645778866577886655888965999999
112222312244431244553111445366655536775833667888867798897799999
122233415233341522634155263415556741166674886887498887779999997
112222211223441333344113344455566665756689775568977888897789999
111112213314423344442334555236655526667752667778899797889999888
112223312244331224533114455314455556677777687879968889996668899
112222312223331443353114555514456567748666784869678888997779999
122222311112231413333444455346788554677855667788569977886699999
122223311223331112433156644455667445566774556777899997889998888
122233312222341556634156633415564441576884157698877799987799988
111222341112334412235446263544666357786635778885578899597789999
111122213332441153224555332465553446677774667878869788886999999
112334411223345122234511233456666645576864577888857799887799999
111233344122234115223415523344456778555677888966788999678999667
122222211132341553334155553416665347776444777668897996889999888
112222312244231144443156643315673385567778566678859977885999998
111122213313221433322444435566447756667755866777588899958889999
111112231322223134425333444566674456687555688759968777798889999
122223312442231444433155543316655571666657168887799998879998877
111222341225234112533416655344665534466653777778879978889999988
111222211122234155333455553645777364877936487799648889964889966
122333312334341254444125555412266551176888777689876669987799998
123333312224431222453144445511166657777655777666588888889999999
111111122222332444333254443355466665777766578879657888995889999
122333412233441233544122554411155556677889667889967788996677899
122222212334441334444153336615555761557776188877688887969999996
112233311222231124443155543355544665774866777786699978689999888
111223311222331444233144523544555556777888677788966798896669999
112233312224431112243515554355544436667777866669788899978889997
122223311244331122433511443657744665877796588879658887965599996
111112213415523345522344552633475263447776888877689997668899996
111112213342221344252634555563447556334777688999768889976688997
111111233441223444422333452236555556677775666777869999989988888
122333311232331122244115556475566647758644775869478886997889999
111111122223334442233454266345666634557677557777859999989988888
111223312224431252443115544355556437777683796668879996687999888
112222213334421133442113344455566665758896577889657789967788999
122223312233331244553114455511444556778888667788967779896669999
111112233441223444122333452567345556777585677888966789996688999
122223411122341513234551333456674445567888566777866779889999998
111122231311423333342554444255546627755666877799687789968888999
111223311142231444523644452366655236767553677775897988889999988
111222213124521332455133346577734657884465788946578896667899999
122222213334251134455163344516344551666665778888877789897799999
112222311122231415333445536344566667455686747588877788987999999
111112341222234122533445553344556367456666777889678889997788999
111112213122223344525336455537644553766488776649877699987999888
111111233314423355422355442235554267788466778896677899967889996
111122213312421533342555334256644475564777866697786999978888899
111222211322421533444155333466557346655774866777988679998888999
111233412222341223334155553415556447766648766969879999987778888
111122213122423313442533364456666745869674588997758899975588977
112233311222331224433114444566677456777755667555896998889999888
111111213333224555332445536244576624857662487796988879698877999
111111234415523445522334552233456267346666788899677788997788999
122233311122234112333441555644455664778556777888678889967999996
111122314444231154423655542366652236675583677778377988889999998
112222311122231455333145336644555564477776849977688999768888996
111111234144223444222334525533555563788866777888679798667999996
122223311223334125335415555541166664466768447777899978789999888
122222211113321441333554463655546365544666777777899997889998888
111112341221234442223455566345776334557638957768897766889999988
111111122222234455233445553364475836477583667988866798896779999
111222213332221133444153444675386467558666775868975588897799999
122223311442231114253614445366475536677753688795568779998888999
111233411223441552334152233455526445766666777788677988889999998
122333312445361244536122453612445761855576188887688777769999999
122222211344251134455113455566344576633777663879786889978889999
112233312222331124433115444455554665775666777866987789998888999
112222231124423114444331545633355567778556797888679798869999866
112222341222334111153455555344465334666777867777986689998888999
111122231412223144425333444536375556667558666777899978789999888
111111233314423444422355546235555623777862777886679998869999886
112223312223341112334516634456644475567777586687958888795899999
111222311422231142533444553344555536667888677789966788896779999
111112314122234445223445552364557336665738669778896977889999788
111233311123331422223445266644566764455677888577788955978899999
112223314222231444443115433315556778559667885967788996678899967
111222211123334152253445555344666537446683779668877998887799998
122234411233441223445112334516635556677575668777968879998888999
111222233122443112444315545433555567388966777899677889967889966
111233311222331142223544467354446775586677558677985866998889999
122222211333321111334566634457664445776884557688857799885799999
111122213334221335422133544466754486675558667598867799987799988
111111233122223444442345546235566663356776885579988777798889999
111222344122234115233415563347756834755688477568897766689999998
111112233311245333224535624455562445666774868697788899778899997
111111122333332234445623444562245556678859667785967788997788999
112223311122341152334665253465555346666774877774488887998899999
122334411223341112334516234456627475666777588699755889975888999
111111233444123444222354566235555623756666378888877998987779999
111222211112234445523664533364455736648573698857769888879999977
111122211133324444322455433245663785566778596678859967789999788
111234412223441123334152633455266645566767558977788897978889999
111222312223331233344115444465555546675888677888966779896779999
111222211223341526334155663455766345776634578894477889997888999
111222311112234444223445553345555336666677668897788889778999997
112222213324421134455133444513365556666577886677788999778889999
111111233444123442222345266634566663555777358577988887798899999
112233314233531422553142556614255761477776844776688899698889999
111222211333221334442133544465555476685577668888769998876999977
122333311244331522463155246615524461557466777788677999889999888
123333312223431122244155444615555461577666777788697988869999988
111112211345526634552633455263745226374448637778867799989999888
122222312233331113443155564415666475556647888964788997778899997
122223311223331442355114435516647558864759866477988677798869999
111112213333321334222555442655547665444766888877689889769999977
111222314111234445223446523374658837765583766958876695987799998
111234411223445112334562223456663345567888566778859777789999998
111112213314223334422344445236666576665557888557788889779999997
111112234441123344442333322255666665577686577788857999885799998
122222211233341133334155555416667548667754866777488888749999999
112222231111243314424533344455536775556667866697788999978888997
122222211334241333444153366415566641755866775888877589987799999
112223311242231124443155444366557336557777665788766998889999988
111112233141223354422355544233554667775466777888679999869998886
123333312244331125446112546612254467775556788596677889997888999
112222211133324113352443355544455567488666777888697778869999996
111222233111243315224333544467555446775588667999867799986679888
123333412333441222224111544461555576558887668889766899976999777
112222231111423331542335554463554476665477666897788889778899999
122222212133341113334155344455677748566674856667985897798889999
111112341412234444233455223365552376558877688888766667779999999
111233311123435122243552244365554446657777688897766889976889999
122233312223431213344111554467755546775854677788866688896999999
111112314422231442333442235346775558667775886697588669758899999
111222213224241333444133345416665556667575677777588888998899999
111111123444442335554233355422236552788669778666977888697789999
111222211222331443333144435564477756668755669877569988759999888
111222213344421134422153644755368775336877555688799666879999988
122233312222341113334155544415564647556668777966879998887799988
111111122333442333344222564425556467575666777568879888887999999
111122213312241332254333655476665547666554778889477898947889999
112222311442235114233514433354466665777766588877658988795899999
111111213332223344242334444255555565788866777888679999867799966
111222213114421333442335554236575446657588677788866677989999998
111233312223331112243566244755664775668447568848755988879999997
122222311422331444435144333516666551776555777668877999889999888
111122211312224335552443335544635574466667899996788999678888777
111122233312243311224335555465577446657774668787469888886999999
112222312242331444335111433566445556667755686777988879998887999
111111123333342355664235564425556442276664277788877788989999998
122222312333331243555114455511466758446677846677788869798899999
111223411123341522334652233465557446557774688799968877996688899
122222314224331444433115543311655557666658776998877699987799888
111112233331423355142365544266544726655472668777988879998887999
111222234115523411522346655534466653446777388677738889978899999
112222213233421333445113445561445576688557666888769998779999877
112223314252231425533144533614455761485776888776688779668999999
111222231124423311452334445533645557768858776688877766689999999
122222211111231445333445553645573364577766477878699888869999986
112222213234441323455133344516674551667775666787599978889999888
122222211123331445533144553314655578467777846669788866978899999
112333312222231444253114445316645578866657888865789996579999777
111122211122234444233555444356557735688733668777966887996889999
111111233322123333222445667745556674558677458867948896794889999
111111213332224443222544336655443675588867958866795988679999777
111111122233345233334522644455266445666788569777859977889999788
111222211123321444432544643355563375586777588666788996778899999
111222213333421134442133544266654556675558667888877778897999999
122233311223334112253411655546666554467685477798847999987799888
112222211112231444433445433655577365577836577888699788869999966
122222212333331434356144455614745661177556777856679888889999998
122223411252341155234615553461533346677744668977768899798888999
112222211112234441333544466355646335566677855999788897778889997
122333311233441122354112555466257446885747668577768888976999999
112222341122334511236451333645555564447766888799688777968879999
122333311224331124453112455566244756684775668777568899798889999
111122312222231443333144355544655756465777666687788888798999999
111233311122334122536442253644555664455776888776687779998889999
111111233444125344422533346255736625576662577776899798889999888
111112213322241332444335246437556647775668797556879958689999888
111222314122231444253144455366665536678533677858977888897799999
111123341112534422253442255364775536477753667788866999986999888
122233311233331122244511444456664775667777566878859988885599999
122222212345661334566133456613345561774558179448877999887799988
112222211112345561234556333456633445566644777899977789997888889
111122344122334112335442233546665554667758667785877798889999998
111122312222331124443554443355664735666778569778856997889999788
111112231142223334425336442573664457786665778886578898957999995
111111233314423335442637544266754226675528667758897795889999988
122223312233341123444155344411555667885996778599677899967788866
112222231111123333452344445637445567755586777888699798869999866
122334411223341123334122554415556645577666777886677988889999998
122222211123334111333444455344655576666857699885769998779988877
112344411233451223445123334512655557268888766889877666997779999
111123311422231442223544463354666375886677588677755888795999999
122233412233341522334156444415666671566877158888755988779999997
122222211324451133445133644513666457368555766889977888997778999
112222211111223445556344576634457663455776388777638999993888899
111222213111223344425334446533664657776665778855577889998889999
122222213333321134444113455415555647588866788996678899667777999
111222211223321133344555334456557446657774866667788889798899999
112222311124331122443564444356666335567888576798857779885799999
112223312242231564473156647315644731564773556778895699889999888
111111122222232444333445433346557776665557866685788888979999997
122233312224331142433114444561667556667755868795988879598877999
111223312222341255334115533466544446557777668997768889976888999
111122213134221333442536344257666445777666557778855999989998888
112222231114223331444333155466655447665588776958877698887799999
122223312123331112334155444455647485567778566997866697789999888
123333312232341522264156666415556441155644777889977888897789999
111112213331245333224536624456672845667884567778457799885999998
111111231334223334442344455266655527766552777668879999987998888
111222211222331143333544663655446665447868555788877777889999999
112333312232431122243114444566465556666755777777588888898999999
111222213124243311424333544435555567777756788766688996698889999
111223314442331554223115442355554236677777866669786889978889999
111112233122243314224533444455366667566688755588877998987779999
111222311222234115553444455367475536747883677788366698886999999
122233311223341125334612544461555446755788677779866799986999888
122223415523341552234115333416557441677774668897768899996688899
111122233142253114225333444563445556666675867777788888978999999
111233311223331442253144225566445556774858677888867798996679999
111111213333223332222444555644475564877556888776689877668999999
111222312224431254443115544366657736885573688957368999776889997
111122213122241333244333444566777458669775886977588699958869955
122222311112234441333564133756448775648887569988756698775569999
123333312322431222445164445516664551776665177888577789889999998
112233311222431125443152544355556437776648777688876668989999998
111111231342223334442353644255664725866677589699758999975888877
122223311423331142233144444516665557776555778666877888889999999
111222213144221314452336645537764553776455376668877999889999888
112222312223331444333144456611745567777756899755688999568888996
111222213322241334444153334415666667555566777758879999987998888
111222211334221134425633345566634556677455677849977789998888899
112222211233421333445134444513655557765888766698877669887799999
112233312222331244443111454366555476665577686577788889798899999
112222311124331522443156444355646738566673855677789999778888999
111111233122223445552345555234446673346677889667788996778889999
122223312224331154443115443315564775566667589669788999978888977
111111122333332445663245567324566772455687245868794988879999987
112233311233334122225411555544665657446666748888877999887779999
111111212222223333444355554433564478856977885697786669778869999
111233311224431222443125543365554476665587688888766899979999777
122222311423331442335144463511466557666555777688879788887999999
111222211223321133344553364456666445677684577778857999985999888
111233311122234152223445555344666534786659478869977786997788899
111123314112235444423544222355666635667883556788899977889999777
111222211113324444332443335246655576665777668557988887798899999
111122213444421333442153342265537776655778699557866999786998888
122223311223334152336415556641155664447568497776899977889997888
111122312222431125443665547368854736855473689547368999776889997
122222311112331144233554443654478365557866995788699977869977886
111122213133221333422555346677554467885546788884677798469999996
111112211333323334422444455246555526677758667778869798886999998
111222231144423156642315664233556443756688375588977888997779999
111233312222331142233144555566475556447777664787869998886999988
122333312334531244455122445512647551167777666668799998879998888
111223314122334411233444522346555556666785967678899777889999788
123333312334441222444125246611555567158896785899678889967777996
111111233333124533222455662245556674566677488887748898774999999
111122213333321434352144445266645526768599676859977785997788889
123444412333441235554123355612255661127766887796687779998888999
111111212222223333333444455566444556777885667778569788886999999
111122311422335144223544442355566735566673866777788999978888999
122222211111234516633456633345566374456887445587799988779999887
122222312244331114443551643355164635556667888886788977779999997
122233411123441512334551233456626445566677859699788999778888977
112223412232341233334111554455556447566666778699977889997788889
112222211123421333344155334455554465786666778869677899997788899
122223311123334122353411665544667754467755466777588888898999999
111111122233332422353244555344465578846657888667788667779999999
111222231144223114452334445533666557368855776888976689897779999
111111123333342335444265555426655442266778296777899678789999888
111222211112324444432544663355663378566377856777985599798888999
111111122233334423533422555642556664758866477886947889997778999
111222213122243315564331556437756643775664777586488888948999999
111222213333421555342165534216553446667448699777869777889999888
112222213344251136425113645573364457366485777668577988889999998
111111122222232444333546463354666375456877555688799998779998887
112222211132421333445136644533677456667845699785599778589997888
111122213312224331255433355544677754466675846667788889978899999
111122213414221344442335646233566667358869775888977588997755999
111111122344442234454223335526663356667855776788597779889999988
112333312222431255243115554316556447666684799968479999887777888
111222213324421132444133566433556647555688775668877788897999999
111222211223331423355144365544436557477665777866699788889999988
111112213441223334422333444255566665758866575888677798897799999
122222212113331113333455555544666654444667899996789889978887777
111112231314223334442335442255554665775766877776688888869999999
112234412223341253334125563415566641577864757886677788889999999
111112344511234456623455562345566234776823777682379788889999998
111111122222332423335443365544466554776665877776587889998889999
122223312245331244553164455316445531666777168897786899778889999
111111123333342344444234556622756662775566277588897759889999988
111111233332124333222444442564675556667588677758869775889999998
111222211132241333244533344455666645556667858777788888979999997
123344412233441223344112536671256687195568799556879995687779888
111111122222232444553445553344665336667583677788967888897799999
111223312224431552243155644315664738556473866677788887798999999
111112231144223333422533644255566445556666788999977888997777889
112222211123321333344135544467555486775848677588866779896699999
111233311123334122355462255746625774665587446888749689879999987
122233311122331142335144255564477756648755684877968887996689999
112233311422331142253164425366644576668457988855799985779998877
111233311223331142223444526674558667458866745899677588997758999
111123314422231422233144443355566675666887556987759998879998877
112222311123331122443554444356664635556667858877788889979999977
111222231114223351442335546635554463577486777888679888967999996
122223412233341253634115563415566641556764887777487799998888999
112223341252334115233411523644555564777766478666877888889999999
122222311112231144333444553345456667555688777668879969887799998
111111122234442333444255346622536678553677855667788897798899999
112222213333221133444113445467755546777558677995866698886999988
111122233312223331124355566455756647775664778886479988849999984
111222211133224413332455533645777764578976455897648889668899996
111111231422223344422333444536666557666555777758899977889999888
122222212334441113554166354416335546663557688887798998779999877
122333311222231112453144445366474556777855677788569988886699999
111223312222341112334555334455544465777776879996687889668889996
122222312442331443335144663514665551766585177688877988897799999
122222311124235111443564444356666335567883556778899997889997778
111122211222231444553444553366457338655793866679986777798888999
111223311112234422233445553344455667775566877999687789968888996
111112344411234222223445533345553665577766877977688899668889999
112222211232331143333144444456666775656777555677859988889999988
111122211133224333225443555544356574466677888667789886778999999
122222213333241334444113445611775568887566877759688755968999996
111111213333224332222435555546557774667778446887846668889999999
111222211344221333425163345576634457666845777685577988889999998
111123311122234222533465553346557774657777468899946688994688899
122223311123341552334156263415666647558964758899477888947778999
111122344111234442223564472356667735677783567888356989885599999
112233312233331124555112455566244756444778667778866978889999998
111222311423331442253144525366455536745888677777866997886999998
111222233122425311644531666453336445577664557777788888889999999
111223314223331425353142555514256674488667488867798896679999977
112222213344421133342153354415555546666667886777789999778888999
123334412223341212334111244455566667756668775999875599887799888
112222211234421113444333334456667775567778556687895568889999998
111112213312224433325444332566455556645788669978896977789997788
122333312223331122444115444415556667556668759699879999887777888
111122231422223144455314446537666653767865377788539799859999888
111222231112423331442536644453666645377689577888955789995778899
111122213312221433552443555543366564776666477889947888997788999
111112234441123354422355442233555563776666778869677889997888999
111111122344442333334225663422566645555667859999788899978887777
122222211134241333444133344516755558677755866777988669998886999
111122213112223344424355544435655573666677367777896998889999888
111111213222224333325463365546666754886775488897548899754999977
111123314112334445233455523644522267755866777788699978669999888
112234412233441233344125534612577661555766857779688897968889999
111222311425231442523144455364775536777753676888366688889999999
111122211332421334242333444455566675556667885967788899778899997
112222211223341133334513644456666475566847599887755998879998877
122233312243431224443111455316645776655577865777986699998888899
111112211332224443225463333546677554667555466788897778889999998
122222212333331133444155555411655447766648777768879966889999988
112222211234441523434155333416553746655777668887769998876999988
111122213344221344225134555533445567377866777888679888669999996
122333412222341253334155544415554661177766888977689999768889976
112222211322331133334516777455677845667784566888459688445999999
111122213322441333244135324466555476558877685899768889976699977
111112211222234525333455533344455664766668479688877998887779999
111111233314423334442355422255642665566667588888799987879999777
111112211333324443222554336254477665747866577786655998889999988
111122213344421334542135554233556427885669788666977886997778999
112233311122231145233444523644455567775866777588697888869999996
111111123333342353664255566422566647255884729998479999847777888
111122231122443313245633324566777456777845667984569998559998888
112222312244231114433154433655543665556666788889978778897779999
122222211334421133445133444513666557788665788886577778659999999
112234411223441522364152336415733645577666558777688888798999999
111122213122243312444335544435555563786666778669978888897779999
122222311124431112433544443356667735666777586887758888995599999
112222213442241334444113556613355667735666777558879999887999888
112222213333221334445113455516644557766485777688879669987999988
122223311222435164443516643351164735556477586677788999978888999
112222231144223144455314555531467753666677338869788886978999997
111122211122223344445633455563344556737758677799866799886999888
111123311122334555233445523644552264777866477986697798689999888
111111231442223442225334666533446657378665777855597788889999998
111112213322221333244335444655574465877766588876658977968899999
111123311122334442233454422345566665566786557778899977889999788
122222211334421133544113555463355446665777686679988777998888999
112222211123321143333444555367445556748885677898866779986679999
111111213222223324444333454637755467755886775886697598869999986
112333312222431524443152444315666771556667885596789999778888997
122333311224331222443155544411655546666577888667788997778899999
111111213322223344252333445566644456777775668897586899758889999
111112231222243124444355464735666773566687359988735598879999887
112222211112324551333455555344667334486779488679988667998867799
111122231442223154442315564733566473555677388866799988679999887
111111122222334442533664253366445536664755887777588879798899999
111122213444421345422133546273555687355668736669877799987999888
112233312224431112433516244355666445666777558888758889979999977
111112231142223344442344567235556773356677885966788596978889999
111111122222332233333445556644566674555667488897748989978899977
111222211223324114433444453366555536665577688899768999778889977
111223311122334155223445523344566664556776488897688999778899977
111112314122234442223554443355553365777886779888677988669999966
122222213444251334455133344516377751677775168889566889996688999
111123311122334422333442555644275564877956887995687779668889996
111222211222334155553416555346666634677773488777344899998888999
111223311442231442233154263355446675566667588977758999778888999
111222213444421333342113344255555567777756889977688899968899666
111122233314423531442353144255564627566666758888877889997779999
122223311122331412335441663544466654766885777778579998859999885
122222312442431154443155643315666331567688956778895977789999788
111111123333442335344255554422256478825677866667788867798999999
111122213144223314552633475263347556844755687777968888996689999
111122213133321333442444445266555526666557888677789887978999997
111111123333332444435222246577244658777765888876599886659999965
111111213332223333222455555644556664776668477798847999884799988
111112314222231422533444555344555336667778966678896997889997788
111222213344421344422133345613755567777556888756688879968999996
111112213312223344255333425566645556664447688777788888979999997
112233311224431124433512446355246665766678577777859999985998888
123344412333451233445122224511155556667888677789867799986679998
122222213332441333344111144455556665557668999766897778889997788
111112213144223334222333444566674556677755687799568789958888999
111123312222231244433144553366445776655577666577788888898999999
111122213122441322445633444563337756668875668877588877959999995
122222311224331144453116645377644537766653877655988799598888999
111112231222243135244333554435555647776664877776688889968899999
111111122334442233354223355425555446777777678888866699986699998
111111233412223544422354544235556663375786777778699988869999886
122222213333321444433111455561744856778885667788566677859999999
111223311122234415223445553364555736489777648999766899976688887
112222213244521344555134445613337561387756888976688897769999976
122222213244441333445111334516635557666558777668877799889999988
111112231412253444255334422563345556378888677779866799986679998
123334412233341255344125566412556741285677188866788989679999977
111222212223331113334566634455664447556684755888877789987799999
122222211113324115333455553346655774666677468888744888979999997
111223311142235514423564422356446335666677588899758999978889777
122222211133321333445136444516666457678645777899578889557889999
111122213122441322444533333455555647858666788896678899697777999
111233341122334112233444422566647756866775886975589997758889995
112334411234441223344122533612555567557766777788688888669999999
122222211133421533444153366415536445578669757869977786997888899
122222211111324144333444335366467558666755867777588887958999999
122233312223331244553114445511465557846666788899677789967788999
111123312222231424433144453366455778665779866557988657798889999
111222211133224415332455553345657374666777466887946889798889999
111123314112334442235462233546277554677855667788566788889999999
112222211113324144432444553366755536777553677888866788986999999
112222311422231444433155446315556637755663777866977889998888999
122222211333321334435114445516644556666557868777788899978899997
111122231114423334452334445263777526778855667785568888996699999
111111213445223334552334455236445526667772688797766889978889999
111112213312223334422355544637544467756666775588677888889999999
122222211333321144433114544366554576685557668899768899978899777
122222211133425113444513346455533647556666788886978788997779999
111123311422335144223566442356447235667777566789758888995889999
112222211112231433333544463655546665754668775488879998987779998
112222311142334114223444433355555565777776888766688979968899996
111123314112334444233546222354666275888667559886755998879999777
122333311232435122243511644451664475886677586677758888795999999
111233311223331222453124445566445556647577667777869998889999888
111222311223231423333145555544445564788866779988677988667799996
111122211322241333254336655437655547766544876694987779998888899
112223312233331245553124445516445571684877668887769988776699999
112333312234431222543125554415565441666788667777896797889999988
111222314125231412563444256377455638745563877766388876998899999
111122211333221443225443335544666554766665777777588888998899999
111122211122223333444356344455637485566778556777896697889999988
111112231142223344522633455563344456777855667888866777889999999
122233312422231444333115444615555561576666777886978889997788999
122222211123441553344115534455533346777778677998869999886666988
111222314112331442223444433355555665566667889697789999978888777
111111233122223334255334426544477654777865978786599888659999866
111222211132221333444533366455766445576684597768859977889999788
112222211132245133344513533455554446666667688777788889778999999
111112231414223344442335664233566625555667858877788897978999997
112223311112334412223544443356647785666778556778859679985999988
122223311124331122443155444355554635777866779886677998869999886
122222212333341135444133556415556641785864778886677889967799999
111223344112234112253444255346555736665773688887768889976999997
111122211312423333442335554265574486577488657788966788996679999
122233311122231411233544463655446667554866758889975789997778899
111233311222234156263415626344566634557777445578799888879999988
111222211123221333334555663455776648557764889976488977648899994
111112231134423333452634445267784526778852677785566888596999999
111122233312223431255343155564445576447777667788866888986999999
112222211133221145333644557364457736455777645897968889996688899
122222311122331444433155443315546667588666755899677888997778999
111112213333221334325644442566744256678955667899577788957888999
111223311223331122433555244456554746665477688887768989776899999
112222231112243311544366555433675543667754866777488999798888999
111112233141223444442333452263665556667555677777788899998888999
111111123333442233344522666452277645777664588776958888995589999
111112212222231443333444435345555567586666788886977788697799999
111222312224331124433155433655544667554886799888679999867777986
111111231444223345422334556233455627855666788888679999867777999
111122213322241132544333354675555467788546778994677899668889996
111233311222331142253444525344455556666777666877988887798899999
122223312142331114253614455366444536788855677899567789996778899
122222211133245133334511634455666475556647888864788899979999777
122222213333241133344511644751666475555647888566788897778999999
112222311123334112553445253344555678446667888666788999978999777
111222211333224115332444553647755364475586977778699888869999866
112233311222331224433155444615544667555666777768877998889999988
111222213124441332244133555433655547765888776998877669987669998
111112233142223314225334455536745586674458667788869977786999998
112222231124423311144355444635555763357776888776688997968899996
111112213333221333224556624455566748556774886677488877948999999
111122213142223314452334455534455563778666777868679888867999999
112233312224331244435124553511445556677788666978896697789999788
122233311422331144223114444355566675556777588666788899778899999
111122213122421333244553364455366445776666557777788888898999999
112344512233451233445122344512636551766665776899977888897788999
111112211222234423333445336644556664775556887795688779998887999
112233312222231114433155544366555447666548776688877798987999998
112222311223331112343544444355466775666687558688759888779999997
111222233122243311444331554463655476665557688888769998779999877
122223311222334111335416663544786554778665478886547998857799999
122222311223331444333114455514455556666667868777788899778899999
111122314411234442223445662355556635566633777888978889997778999
123333312234431124444112225416675556677885677988567799856999988
112333411234441123354122635422666547786559788665978889597778999
111111122222332444253444455366775536677753677895366889998888999
111122344412334411233455522345562738556677886666798888779999997
112222212233441555344155334411553346678889667778966788896779999
111111233441223444422333422563775556667785667778568888859999999
112222211133221133333444566645557664555766448777788888879999999
111111234444123444552366652236665273365527388857788997778899999
111122213344421134442333455236675526677855677885866778889999999
111222213344221134452613445563345556637588699778866997789997788
111122344412335541233554122365442736588877658899766889776699997
122233311122334412233411555644557864557786477778699998869998866
111112213142223344422334545633455567788556788866677788967999999
111222311222431125543655554365677436667443677748397988889999988
111122231314223331422355444635778465578846597788659778869999966
111122233311123433522444355246466554666675888777588897778999999
111112231142223334522344455634745563775566887996687779698888999
111111233444125334222534442253366665766896577789957788995788899
122222312443231444333145553614566661155776888577689888779999997
112333311234351122435122244566664457676455767888577799889999988
122222211113234441333444135366455557666885769998576798887779998
111123312122331222334555643455564445766648776688877988987799999
122222211323331133345166644517764558766445877694588779958889999
122222213333421335444113555461157446655788967777896667889999988
111122213142221334442536644453366775536677558677785889998889999
111222211122324153333445553674585367448566748886677988697799999
112222211324421133445613444566337556683759688775968779598887999
122233312223441215344111534455553467785996778996678889967788966
112222231224453114445331644573165557336685799688877966887799998
111223314422231144223515433355544678856667885666788899979999777
122222211113324441135466333546635554466655788899978888997777799
111112233141223554422355544233655473668847666887769998779999887
111122314442231422253144655374765337776538797655899966689998888
111122314222331442233144443355567775856677885566788966978899999
122222213323441133334155544411554667558996788899678889967777966
122333312224431552243165554316655441766664177888877789987999998
111222231111223444442335464733566773558667558866758888979999997
122333312223331112244155564415576445577664777766899988689999888
122333312234331224444125456415555661156667899697788999978888777
111111231442223344422334545233655576665587698888769899876999777
112222211111234444423544633356663375686877568888755987775999999
112222311142335514233551423355546678444677889666788999678899977
122233311123431152344615234465527746655874669587796988779999888
111233341123334112253422255644455667745568777666899778889999988
122222311223331113345164344576444857668885768895576689957779999
111123312222231425553145555364444436667783666788877778989999998
111111122234442333354226355472635447665588776658879968887799999
122233311224431224453144465311766538877655887766587796958899999
112233311224431224443112543366654776665577865597788859798889999
111112213133324333222444455246455556667775866797786899978888999
122333312243351224355112455611445567744886778886677898667999999
111111233333124445332445552245556224766668776688877888997799999
111233312222331245253114555364444556647778667797866799889999888
111223311223341522334152673455567448556774888697486669778899999
112222213324421133444133344516665556666555777899978888997778899
122222312233331111133444445566664456677775688875588877958999999
111122211344421534442553342255633375566677666777899978889999888
111233311222231124333552444654446665778886557899657789967788999
111122233311223441552346665234666553477658944775899978889997788
111122211333221333342556444275666447555664758896978889997778899
122233312224331124435611143567774556777445667888596698859999988
111222213122241315544333544436655473687557668777768899996888999
111222212223331114333554443654477665547666587779658879998888999
111222344123334112553441253364425776665557886667789999778888999
111112213341223354222355446633554467855946788896678889967777999
111111213344225534222553444255346667533886777778699788869999986
111222211122234153333445533644557764557766488779688997968889996
112233312222331114233514466655444467588866755886975798897779999
112233312223331124355612455561444556674489677888966789897778999
111222213112221334444334455533466557777658977665897966889999888
112223412222341111334555333455564445666777666887799988879999887
111122231142223144442335546633554663557776885777688899768899999
122233312223331142563114456714455674455567888666789887778999999
112223311224331522433155544316654478665947866599788699778889977
111233311222331224533124455564455756487779648777968888896669999
111111122334442334444253666625377762537776255587699588889999988
111222211222331443335143366574666657444865779988577998557999888
111233344123354112335461277546627754622755466778596988889999988
122233412123441112344155234465553376585777668899766889976889997
111111233444123444422335522233566667556886758888675999897777999
122222211132441133344516733456673445677778566697855999885999888
111122213333421355442133544265554426578889667789967788996677899
111123311122334442233454422345555567888566787866677788967999999
122222312333331234555144456517446651774665177768899796889999888
122233312233341223444114445511666657668655788855978889997777999
111122213312221345255334555634475663477666847779684799998888899
111112213144223334552336445236644526667558967785899978889997778
122223311222431144443511464357666635776763587779958888895589999
111111233332123343222444425566447756688875699877566988759999875
111122311122234562233456663345666374588777458887745899974589999
122223312445331224533144455316646551666657188897788999778899977
122222311132231413333145555644456664455776877779687889968889999
111123341122234412333445236644526665557766557777899798889999888
112333312224331522434152444415555661777566778888677888669999999
111123411122342222334555534456783345678994567899966788896677789
111122233312223341152634445563745556774885677488867799886699999
111122231144223133442333445267748556677885677998567999856699885
123333412333441222445162244516666551776655177778597998889999888
111122213333221133322445556644456664455576888887698877779999997
112333312234431124443112554467225556778885677988566798896679999
112222213342241334444113345671355567885556778999678899667788996
112223312222331444333145446617545561755586779998679988867799886
112222311122334152663415563345556734856677489969748999974888877
111222211223331124433444433566748556778855678889567789956679999
111111213445223345552344552233445623777668779766897996689998888
111222314442231144223514333355466665766886577788857778895999999
112222231111223333144356644435564748556677855867788886979999997
112233341122534112553414253344425667777556778896678889968899996
111123341222334152233415526345566664576688457777849778889999998
111233312223331122234154444455566645566768956777897778889999988
123333312222231444423114455617455661755566877796988879698887999
111111233144423554222355444235556623376666777768877988889999998
111122231112423334242353444465377786557778665587866658889999999
111111122333342335554223544426654782655478966777896697889999788
112222211332241133544613354466355476665547886597789999778888997
111233312222231124433514463755466675544667558886788898779999997
111111123333332444553242455622245667774566777758688888869999999
111222213444421333342113544266357889665788996578899657789965577
112222231111423144442333354463555556666775868697788889978999977
111122231442223114425336455536644553366665777888877788897999999
112222211123241153344555344655533467778346799886677998867999886
111222213223421333344135554415565748566774866667788899978899997
111122211133323333422444442566674556877795687799568879956888995
112222312223331114335164443576644557764855766889576888997789999
122222211111321333334566634455666475886447588849758999975899777
112222311123331422553144655344765534776658476668877888897999999
112333311222331224434125544415554667855866788889678999967777996
112223312243351244355124335516445571664777668887769888876999999
111223314112234412223455555344656738465673886667788999978899977
112222211111223333345366644536444756664775888887589897759999975
112222314233331422335146666514676751467775844877588889958999995
122333311234431123444122254416665556676675877777589999958888899
111111123334452233455223345622444567888556787886677798967999996
111111233344123444442355666235567223556772856677788887998899999
111112341441234442223452233355667735566788955678899667889999778
112222211223441113344556633456633445766688577788957888995779999
111112231322243132544333255465555446666774686997788897778889999
112333311233441223554125555412656447266664786888978889997777999
122233412522341552534115553461173346777884667788469979886699998
112222211132324113335446377546637554668755468875946897798889999
111222233112223114555333444566344556774885677778866979886999998
122222211332441133444153346615354665555667888886799998879997777
112222211112324415333644553364445376655577688877966877998889999
111222312223331142353414635544466754666875999687599988759888777
111122344122234412233441563345556375586667958886799888679999777
122222211123331114433444443355555556667788996777899667889996788
111123314442331442233154422355555265777766887776688888669999999
111111233331223443322444522677455567745666778556678889998889999
112222211132321143333554443655474865547786577788699798669999886
111122314442231144223556442356663335667778596977859997785998888
122222211333324111533441553674455567445886799986677998667799888
111222213114256331425663342576344557634485766888577889997789999
112222211344421134452313465533346557666655768888879999987777998
111222213324421134452133455533445556666677686899788889778999977
122233311122234112553441556374555637466668744968877999887799988
112223314422231142433154443315567775566788556777896668889999998
112333411233441222334115224465557746558779665879968887796688999
122222312433331244453144545311155556678888667778966798896779999
111222213112441333224335544435564778566677856677785869998889999
111222213111223344442335464435556663555776899977688899768889977
111111213332224443222454366645336674556677857777985589998888999
122233312222331144533611455561444556778495677899967789996678888
111223341222334115233415526344555664475666887999687777998888799
111233341122334112223444425367477556777755668885566899996888999
111222233122423111444335545433655546666577668888788899979999777
123444512344551233445122366511236557123666777888677888897999999
111122231312243331244355524435655746665774866779988677998888999
122233312233441122334115664415566647556684775888977589997788999
111122231411223344552336445233644556666785999678599977889777888
111111233342123554222335466235546667554686799448879999887777988
112222211332231143333514444655555467777546789776688999668888999
111233314122331412233445522644455768555876888887699777769999966
112233311223341523344152264415556445577666777766879998889999888
111112231132243333244553224655554465778466777886678889697899999
111222211123221443355444435566473589667358996735899677789967888
111222213112423314442335644435567773586667558677785869998889999
112333311222331442235144425514465557766685776668879999887799988
111111213322223333244566324455667745867774586977458699995888899
112223312224331124433511443655544665788966578896657789997778899
112222231112443311244355555433556643776684777768897996889999688
111223311123341522334555223455644447566688766988877698897779999
122222213332441133344155534415566641755666777777688889998889999
112233311123234112223455555345665664446667847777788887998899999
111222231144223113442333354466655476655877655888769998879999877
112223312223341253334155544416577441655778666667899997789998888
122222213344421344455133455613355761188576888977689897669999776
111112211333224335332444552264455576488857688877766989976699997
112233312223331142243144444516666556678695777899578889557788999
111222213132421313542633354465555446577774667887769998886999988
111123312222431255543125554366544436677743668877769988879999988
112222211111234553323455533346557774668887466688749969874999987
111222314422531142553144253366445336667558699778869977789997888
111223311122341222334555334455566748858674988867498966779999677
122222213333421335444135545411655541667778669777866998789999888
111111233312224333352445555245566624476666847777788899978889999
111122234111223444552334455263345576838577688877968877996669999
111111122344442333444233556622355667255668775986879998887779998
122222212333331113443115546655554667885466778446977899997788899
111122213142251344225333444536377456677555667888869779986999988
111123314112335444223544426357722635777766557866985886998889999
122223312224331114433114456374475667777586795558699958869998886
122222212333341335554113555411666547776684977768499976849998888
111123311122234442223544433354667785566678955677895967789999888
111122211122334444233454423655573365777886557778699988869999866
122223312444331224433115644311566667758996755889675589997778889
111111122223334222533467755346678534677855466788549679884999998
111111122222223344555634445563334756838475688887766998776999997
111222213332321143332144444456667775566777588669755899995888899
111222341222334112533416555344657538465777846667788896978899999
112222231111243331424533344455555647885966788996677889667778999
112223312224431124443516447351667735566673855677785999998888899
111122233312223431552344155634445567747756877796688889968899996
111112233331223343122564444256474775667778556887859668885999999
111111213332224333222455355644555667448886748888677799967799996
111111233314223334422534446255554627755666777766897988889999988
122233311222231114533144455366444557666685776988579998887779998
112333311222435112243516624357764445766648576888857779885999999
111112213142253334255334425536442556664788966778896997789997788
111122233311223433122443555645556664577776488776648897998889999
111222211223241133334533444455555647777566788866678999697888999
111112213314223335426773542677354267755466788546988854698899999
111112231122223344255344555534667583467788346777866679989999988
111223311122331422533446253546655554466777466777899997889998888
123333312223431122444511246451777645777668599768855996685999888
112333312233341122444112254466555546677859677885967789996788899
111222211223441123344555534465553746663377688877768899976889999
111222311222334112335466635544663554466775489997588899778889977
112222231244423114444331156635555563788586378888677999667779999
122222211123334113355441335544467558846757866677788866798999999
111122211313425333342536444256664725886477588669758899975899977
122223311422231444433115544316657736685977688599768559776888999
111112213332221333322455666645555564444776477777688999998888899
111222211123224413335444355546336654666675888777588899778999997
111111122333332222443526444355664475866667588877755988879999997
112222211223331144433144443355566778566677855967785896978889999
112223312223331112433155544466555546677744667879986887798889999
122233312122231114433155443655544667755466778899677899967888899
122222312433331244533114455511645576664577668887769988879999987
122222213345251134555113444561334456737788677798866799986699988
111111122222332444433244533364555786557778657778866698886999999
111222211113224444323456333345666664567788559777859997785999888
112222211233331124333144455566445756664775866777588888798999999
111112231415223444552343455233345526677778677888867998896669999
122222213333321344345111444516666457678655767855977789998888999
111223311112234444423455542366655236666553777889977888897789999
112333311234435126443512644451266665227776555777899978889999888
122223311442531442253114555316445736666573888697788869978999977
122222211132441333444153364415536667855556788886678899997777999
111222233144423311142333554267558446755899677588966778996678899
122222311223331114333514444455546778566667856997785699978888997
112222211122331144453644555367445336777553667778868888896999999
122223412232341153334155534415566641756864777688877769889999998
112222312244431124443516433351666735886677558697758889975899997
112333311222231124443512644355766445776666577888857889895799999
112333311244431124443122245366625576689957688955768895778899977
112223314233351422235144443514655551666777869669789999978888877
111112341522234152223455566344566634457663888777388779798899999
111111122222223333444333566477556447775664775556899999689988888
111111122223332244353244335564445576889957688895766899976689777
112333411223341122534162553466255546677584667778497788889999998
111222314123331412355644237564423756488775688877568989756699999
111112233311223333422444445264665576665557688995788999778889977
111222231111223334442354464735566473566877556987759698879999888
111123314122335412233544226354476665547766577788659978889999988
111122233411123344522334555236447586664758696675899977789997888
111222211113223333342535544455554446666677888669788899978999777
122222211133321415366145533644577364555786497778649798869999888
111112233311223333442556444256647725664788566777859997885999988
111222345112234551223445163374556337445668779966877798689999888
111122211122223333344536666453566645557774885777488889748999999
112223311243331124433152444655246665557766885777688779998889999
111112231444423145442335555233665523766682779668877999987799888
122233312122331111243555444355554446666666777788879999887799988
111112211333224435326444532644553267755886779588679999867799886
112223311112234441233544423354666665766888577789857798985579999
111222233112243331124533664457666645777684577988457999885599988
122222211113324113355433365544466574846557886677788869778999999
112222311424231144423514643356666375568837556988795998779998877
111122311122334442233544623354766665477688577769857999985599888
111111213342223344442355464235576623577768557666897799889999888
111222211333324113322444535544455567788956778996677899967888966
122222213333241333544155554415657741668874168887766889776999999
111122311422231445223444553346555336675888677778967788896699999
111112344115234555523445522346662234667773866897388889778999997
111111212222223455556345656634566673488777348888734998773499999
112223311243331224353112445677745567744556778885699998669998886
111122231122443312254336655436665543667554888777488879778999999
122222211134251613455166345566334456634475883777988777998889999
111233312223331442235144425516745556674589677888967788996678999
111222211133224153662445366645536764853977485397748599978888997
112333312222231114253164455366644556664457888895788899779999777
112222312224331154443155443315546367586666758899677888997778999
122223311142331444223114445366677536688755688877568897759999995
111111231344223334552334455264455526666662778888877788997799999
111112213331223343225444352564475556477775677888868889996669999
111123312222341526634152633455566345756684777798479999847998888
123333312222231124443114455516447558666755866977786897798889999
111112213312223345262344556633455567445866748889677888997779999
111112211222234445523664553364453336475577667777896988889999988
122222311111234444123566443356664735568873596887759998875999877
112222211122331144443554464355566635777633578766988879998887999
122223314242231444333144553615556661755666177788897977889999988
112222212233341133444133566415556445575666777888697778889999998
111111213422223344422335444633555667757556877776688899968889999
111112211332224332255433355546665754666777446879948887798889999
122223311442231144233154443615577365577666577896957889698888999
111222314123331422553144253344455567788566788996677889967789996
112222341225334112553416555341656334466677486777788887998899999
112233312222331244443155444311556667755566778886677889997889999
122222311432231443333144555514667551468757666877768887998899999
111223312224331224435116433577644857664885766885577698857999999
111112211333223334442553442255544675588867988686798966679999777
123444412343441233335122255511125556777888677798866679986699998
122333312334441223445122664517766451788665178886597778859999995
112233341222334122553411155346555774668877466877746688889999999
111122344111234445523644552366652236655733688877788877798999999
111223311222331124235667443567774356877455688745968894596889999
112233312233431223444112567481856748885674855567785666779999999
111222212223331144333154463755846775584667588467758966978899999
122223314425531442253114555316445731667773668777968889996888999
111222341112334122233444433566747556877755688779566889956889999
111223312222331244433114445366455576666577868957788895778899999
112222211133324133552416335547666554778659477866947789994888899
111111233333124445332466552246552274685597468899766899978889777
111122231122243315524336654473685447368554766859976888997778999
111112213314425344442533346253776625777662578786958888695899999
111123312222231243333154444455567485966778596678859967789996788
111222311122231442333444435346555576688557668888769998776999977
111222233111423331442533444255666465788666577888857779985799999
122333412233441122334111244455555665777566778896678899967888999
112222212233331144435114633544466557766555788669977888997788999
111122213112224333325446633546667754446675888887589897759999975
112223311223331142536414253644455667845566788586977888997779999
122222311223334115333416555541665754446677884667788897798899999
111122231122423314244333444566378556677885667778569997859999885
122233311233331122445162444516774456678855667885567778889999999
122222311244231114443155544355556637888863778886379996667779999
112233311224331124443122544367555486795558679999867779986667888
111122211312423333242536344455666645555664777888879779887999998
111222211333321133322444456674555667445866775586879988887799999
112222312223331143343114444456677775666778569678855999985599888
111233314122331442233144522674856667485556778556678899997788999
111112211333324335552435556244576624887662488766948779998877999
111223311112334442253445225344555536677777677889966888996688999
112222213333421353442115344461555476558887666687796888779999997
123333312223431125544112544461255546665788966677899997889977788
111222231224423111444333554433555567788586777888697789669999966
111112211333423334442355464277566427755662877596687859998888999
112222312224431144443155554315663337556666778896977899997788889
111122213314256631425663442567334256738455678848577988897799999
111112234441123455222345662734566673456867355987739998879998887
112222212233331444443111554366665436675558677785877798889999998
111122213312221333245334444566777458666745886677588889759999995
111112341221234442223444563377556637756663755868875988887999999
111111122334442334444223555526355752637777668888768899876699999
122223311222331114333144445674485567888566788855677999567799996
111112233331223433122445552647885564778556478888647776669999999
111222211132221443555444335644333567788556977886697778869999986
111122211222231444453645555364578536477883677998366779836999988
111111122223445233334522336455666647586644758888975789997778999
111223314123331412253444225364465576666657888955789997778889997
122333311222231111233445556645566674556677444888788887779999999
122222212333341555634115563415566341776684777768497999849998888
123333312224331244444122554615555661156667889969788999978887777
112222211112234133333455555345666574866667488888749989774999977
122222314442231454433145333615555761857776187799688879668899996
111112312222231442433554443355664735668877556687799698779999888
122222213333321134435614444561747756177755667888566888859999999
