111222211123324515532455533345666374886777488699748866974899997
122233311233331224444124455411555556666777866679788887978899999
111222211334421333342153444255647785666678556677859997789999888
111112231331223334442534442255546665757686577768677998889999988
111122211133324333222443555644555564778966477896677789968888999
112222312223331111333445666645557684455768944576899777889999788
111222311122234512333455533645577664857776488877644888669999999
112222211332421134444133354467735556775558667888867788996699999
111122233114225314422533344655344665557766777776688888889999999
111111122233332224335642435564444756687775688877568899756899999
122222211123331114333444445366664557676655777785899978589999888
111222231112223314555366455536444453677747366877796888889999998
111112213331243322224335444455546665777688559766899977689997888
112222311244231444423145555316657538665773866779388677998889999
111123314122231422233546733754677775466788544668855969885999998
112223311224431152243155444365554336775888677799866779886699998
111233411222345122234515673455567348566734888677488966778999999
112223312242331124533164455316444576666557688885788899779999977
111222211332321143332554463654446665476688577778857988895799999
112233312223341122334155555415666547778664778866478899947889999
111122311412334442233442233564666556667885777785597978859999988
112233311233435123444512224651764465876666587777958899795888999
111233311122334142223444255346666554786665778995577899997788889
111111123333442253344225364425556472585667888667789886779999997
111222231124443112244333354436555557665888766999877669987779988
111233311222231224333154446655447765548776959877695988769998886
122333312223331242455144445516455571668877169987766998776999888
111222311442231142253644455364655536666753777777388889998889999
122333312222331144253164555516447551644788666778867779989999988
112222211113321433332444355566444576885557668777766888879999999
111111213422223344422344555533456667385699788566977888697778999
111222211223331124335664473564447356477775688799568899556888999
112333311224431112433566244756224475666777568879755899995888899
122223311223331142353114445566474458667755886775986677998889999
122222211111234413333444335546655554677578669777866999789998888
111122211322221333455336644573664457664455776885978888997789999
112222312233231144333114445566674456777885678888567989956799995
111122231114223444442335554233655776365887666587769998879999887
111112211322224335552436655543666754338677444867799988879999887
111233311124435122463552446355244635527768977766897798689999888
122233311123341122334152544455555647788864788686977866697799999
122222211134251333455133644513666457667645777784579988889999988
111222213113221333342555534455566646666774888777489887748999999
111122233112245312244533366453666445767648577788857798885999999
112333312222331142553144255516445576664477688887769888976999997
111223341112234441233445226345556635577668757866877788889999999
111233344122234111523446652344665236665578995577897777889999888
112222314422331442333114443515555556677788667777866699989999888
111122231122243152554335555433366446666447868777788889978999997
111222311224431526433152643355664735564477566877788888879999999
111122211342221334255633444566334457666555776888877989887799999
111111233312223442225334666573486657448665784895578889597779999
111112211222223345555344556633457763447766348876688897798899999
112222211133221145333444533644556667455688775966877998887799998
112222312233331244443144554311655556666665778999977888897778899
111222231144223144425314545533655573366777888666788896978999997
111112211333224444332444332256666675555667859997785889978889977
122222314425231445533146655314655731466673186877788889978999997
111233311223431552344152234455266445576666777786897978889999988
112333311222331224235166444516644456677775688977588997558889999
111122314442231442233145623754563375556677586697788699978888999
111222312222331113334555344456557486665748697774869779886999988
111122211222331442335444433566643556777855677785869798886999998
112222311422231144333144443356666665555576887577988777998889999
111222233111243331224334444455556665577776588887688987769999996
111123314122231444423554422356666635766883579998857979885777998
111233311122234412223546663354466665547788554777895997789999888
111122231122243152444335646473566647355566738599978889997778889
111111122233332223443524446355447668555776888577689977968899996
111122233111423344442356442235666663555567888959789999978887777
111112231341423334442533644255766225776899577689957668895788899
122222212344441134445113366513366657838665788885578799597779999
111122311422231442333544233654766665476688577788855778895999999
111122213312243331524635552463554446775748677778866999986999888
122223311442231114423144433356666665577886555778859997889999778
122222314244231444333115436311566678855677885669785599978899977
111233311222231122433554446354477685477668577768859996685999988
111223311222234112333444553644555567458896788889678999967777966
111222211132421333244533344655744665877966587799658779965888899
111122311122435522443555244356544736666673688777388889778999999
111222211122324414433544433355677385566778556778866697889999998
122222211133245113334513366455666445556647888994789997778889977
112233311423331142223514426655744465877666587999658777995888899
111223311222234115233446555344666537468655746888977888997779999
122222311112231441333445533644556667456686775598877999887799988
111122211222331425553444533346455376645877668887768898976999997
122222211334421333444113555461357546777755678799966899896688889
111222211122321444433554443355667735667773586697958869798888999
111233312222341255334125534415556447776684777668899766889999988
111233311124335212433522246655544667584669758496977889997778889
111223451123345112234552233456673445867749586779988667798886999
111122212222331133334556673455667445567744586674988877998889999
111122231415223441552344455233465778336577866667788996978889999
111223314112334441223445226345577638857669855769985776998887699
122223411233341223554113354461555546678884667998867779986779998
122223312122331114333514444655555465777846999788697778869998866
112222211122331144433554433655543667554886779888677999867799986
111222211222334156633415563344456637455688745969877999987779888
111223411122341222334566633455666345567744855799988777998888799
112222211233321443533114453566475556647785964788896677789999988
111122311422231444223544666355477638577663855776385879998889999
122222312244331444433111543316557786657788665578866577889999999
122233311123341522234155543415554446666777668877768897998889999
112222213344221344555134456613345561377856777888697788869999996
112333412233341222344115264451576645557768957766899776889999888
111122211133245333224536772453667445556774586667488999798888999
111222314112234412253644555367455336747538677788867998986699998
112233311222331122433514444655554467755886788886678996697779999
112222231111123444452333445536345576688857699885766998876999777
111111123333332345555224455622244567744666777869678889997888999
122222311233234111333441555674458567455886748888679999667779996
112222311112334145233444525344655536666657689977788899978889977
122222312233331113443115444465555546667758677788867978886999999
111123311122234444423546422356667335566777556778759888889999998
122222211113421133344555344456633475677777566678859699889999888
122222312444331243333144566611456661555786995578899777889997788
111222231444523144552311445233366557736658776698877699887999988
111222212223341333334155644415566447558669775886977789697888999
111222211222331143333554663655446665554767884477788997978889999
112223311122331415223445555346675534467777486697788869998886999
122223312224331115433166544316654446665577888577788859978999997
112222231112423131444333345466677546877555687775568999996888899
111222211123334142333444235564675556467885666788599977889999778
111111233142223544442355466233546627356688755688977788897799999
122222211112331133333455566644555664477566487777748899998888999
111222211223321444433156444355666735666873599887759988875999877
111222211122234413333445553344665778466577886655788699778899999
111111122222334225553455533344453667748886774866678889697799999
111222211133321433322544436655444765877776588779658889965899996
112222213332241133334511664456666745687774558777458888995899999
111122213222451366245133644577364457836455783665978888997789999
122222211233345113444511333455555446677777668997766899996888889
122222312142431114443155463355746335778699578869957866697788899
111112233441125334222533444255346665557886777778699997869998886
122333312233341222444115546411556647755568777966877999689998888
111122233122423112544355555433677543667744866677788869998889999
111222213332421134442153344655737465777776558899658899668889996
111111231333223334422444422564775556777785666678596988859999988
111222211333324113322444435564455556777885697778869997886669998
111222231114423144442355564233756663375586997758699978869977888
111123415512341555234652223465273346677344677788869788886999999
111122211322243134424333544466355576685577668577768897998889999
111222211112223333444335554673555467888546788894677899967799966
122233312233341223444111154466655547665888776598877659987799998
111112314222231444423555542355564337786693788869977886997786699
122222314442231143333514443651766665177776557887655888889999999
112222231124523111455336644533366457776645777684597998889999888
111111213222224333255444365547436557743665776668897788889999998
111222213322421134444133445533666756668775688877588877559999999
112222312243331124333511466655444665554667859999788897978889777
122222312444231111443516664356667435767733577788855599989999888
111222211332321143332444536644456665555676587777788899978889999
111111123334442233444222335462755556777588667758866679889999998
111112231314223334452336455266644526764555677889977789997888899
111222311422331144233444425366666537668555777858577988887999999
111123311442235144233555422356547235664788966677896977789999888
122223311223331442553144555316445771648577666899768889776889999
112223341122234411233441555345555634776668777688879668887999999
111111122222342523334655533466655347666584777778479998849999888
112333311234431522463152746615274465527746587776658999998888899
111111233142223344225364427536644753677775668875586899598889999
111123314222231424253144455364755536677583667778866997889999988
111122211322321333332444444546665556666575888777588997778899999
122333312444331244435122245511555567188966777896677889667889999
122333314225531425553142255314446661174686777788679799869999888
111122213322221333334155664455564445566748966777899978789997888
122223311244331224453114445361555536665777667777869999989988888
112222213334421333342111544466657746555777685577968999996888889
122334411223341112334515223455556445766666777888677989887999998
122334412223441112344511233456673885567778566678856977885999999
122233312422231444443111145366655536667855677788577979889999988
123333312222331244255114465514466651466655777888878889997779999
112233312222331244433155546611544667754666755888877789887999999
111123314442331444223145523355562778856267885666788867779999999
111123314122331442333444225546627556666755888677589887778999999
111122314422331422533144255366447536888759688775968879596677999
111122213122321333332455566645566774456777445688748888879999999
111223311422331442553142253344465557776658776666877988889999998
111123314422331142533444253546225556666675687777988877998889999
111111123334442323344222355462677546667558696758899975889997788
122333312222231144453166455311645557664458766998879999987777888
111233311422351144235664423564422356678885967778596797859999788
111122233311123334422344455264555556477778697997869999786668888
112222211112324413335446633544678359467885996778599678859967785
111122231112423333442533444256664785556678595667899777789999888
111111233122223322445333444566644557766558776685879988887799999
122222211113321444335146473584647358866735886775586677598999999
111122234111423444442355552233566663356767885976788897778899999
122222211133321144333154443655477768547996855796685779968888996
112334412233451223345112234516664456666555777788978888897799999
122223312223341115334611553466555746689574688997468999748889777
123334412223341252344125534411555561776666778869977886997888999
111122213442221344256133455673344567389556778956677899967888899
112222311122231145533444453364455376688557668887768877796999999
122223311222331111435664443564474356687995668799588879958877795
111122314155234415223445522364453336775899667789967788896678899
122233311222231144443114553366445557668585776888876689997779999
112222212233341156634155633415663445556674888777488877798999999
122233412223441112344511334455536775855667888867789996678999967
111112213322241332244536666453356645555644777778879799889999888
111222213323241133324513644457766445788666578888657779895599999
111122212222331433335143665574446557746665784869578889997788999
111122211313324433322443552644755667475866777586699758889999988
112222211223441153334165333476555547665884776698477769889999988
111112211322223334552366455536644453666745777774879888889999998
111223312222231144333414556344456667755666755889978889997778899
111112231122223455526344555634477563344776388777688889668999999
111122213122421354244335444673555667337556777786688888698999999
122333312223441225334165555416754441675888167889866789996777999
122222213333321144433516647751644775164777556668859988885999998
112333311223231142223514466654466675544687955588799888879999777
112233311223431223344125566415556647556664777788477999889999888
111123341412234441223445623355562375566667588969788899978899777
111222211134225313442533364453666445777688579966857798885799998
111233312223331242355144245516444556667775666877788888879999999
112222231111423155442335554463577486357748637788866678896999999
112222213332441133244113344455666665557786559978699977889977888
112223311122331414223544466355544635777666578886857998887799999
112222211342251334555133456513445678344667896669789999978888777
122222211113321413333444453566645556764585678888867779987799999
122234412223341255334155633415566641156774888667789889978999977
111122233312445311244533226453666645557664885777788888779999999
111112213312223333422535544455566447586664788866977788897799999
111122213312241533324555332455544446667777667788769988886999998
111222211122231443333444453364555786657778665777866588889999999
112222213342241334444113335461555576888857666885766987779999997
111111233334123444422335542255564275586677988866799986679998877
112222311222334115533461555346665534466778499678849777889999788
111112233141423354442365442236555273688557668888769998776999977
112222312244231114333144443355567775666667556888759998779999888
111222211223331123334555553456577448667794866779488667948889999
111233311223331442235164427566442756648775688887568998759999975
111122233112223314255333445544445556666667867777789999978888899
112333311222231442233144555516457558644777866679786867998889999
111233312222341523334152444415664675586667598867759988779999887
112222211133321433532143655544667758446775884667588967798899999
111111234122223444225333444536378856677785669778566997859999885
111111122233332244335624435562644556664758699975899777889977888
122223311442331114223551443355554467775666778668677888889999999
122223311242335124333511446651446665574668577998857998887779998
111111233342123344222334425674455567775886777558699888869999966
111111233414423344452334555236655227665882776888877669987799999
122222211111123444555333455536647753644877368888766998876999997
112233312233431124344122444516666657766885977785597788859999985
111111233412225344442533344253566725556677886697788869778899999
111122211332425132244533644455366745536677588867788996778899999
122223311122231144433144545366455536775858679988867799886677999
111223311123334512223455526345755664478886477988647998867799996
122223314223331442335144446511166657788665788965577899957788999
111122231311243333224555326456666645577644577778499798889999888
111111213222223333342555344465554446757888677778866799886699999
111223314152231455223145523364577836457888649777864999786669998
122233311123331112234566624455564447556684757688877788897999999
122222211132341333334115555465574446587749688779966887996688799
122222211133321411333444455346745556675588677888867799986679999
123333312222231144253144455611745667774556877756688888698999999
122233312222331111133444444564777756678885667898566789859999955
122222311242331144333114555344466557866665788869578789997778999
111111122344442233444233555623756662375556777886677998889999988
112222311224331124433515543355544667754886777786679998869999886
122333312222231444443155466315546771156677855867788886978999999
112223411252341225334155533416553447666894766689978888997777899
122233311123331112223444444564655556667785677788567979889999988
122223311212234111533444555344456738855679866667986777798889999
111222314122334412233441566344556637555566778888678889997779999
112222231445523114552314455631745863774886377888637789969999966
111122344122334115233444523345552667557766777766689999998888889
111222211113425555342555334266633446763884776888477688997799999
111111233331423444442356462235666625556772585877788887978999999
111122213311224333225443355564445756664775866679988877998887999
111122233111423334442355444235555526667777667788866799989999888
111111213422223342442354446735666673566877355888799558879999987
112222211133221414333544446355477635777766578888658889665999999
111112233114223344442354662235466673566777558887755998879999988
111111231222223334244353444435666778566667855557788889778999999
111112213322241335524673352467375446777554678885466888896999999
112233312223431255343126554411655547666644777768877888889999999
111112231134423333442555364256666425778642578869957889997778899
123344412233341123354112655412266547776555776668879999987998888
111222213444421335442113554266335556663775668777788888879999999
111122233111223444422334546633456667775668777588879955589999988
112223311223331142235164443566644456677755688755988879998877999
122233411123341152234615523466555346667544867777788888978999999
111111233444123334422356644235666627558862755888975789897779999
111122341222334112253446655347666534786653478885577888997799999
111222211133324513322456633745688874569987456988745699874569977
111122211133224433322444335544655578866557866777788669978899999
112222311222431114443544466355666635577633557778897798889999988
111123311222234122333444435564647556668775688887569889759999977
111123314442331452223145522344555536666667868887788897779999997
111222213332421335244133555416665446665547688877788989978999977
111222314112234415523455552344567738466673886667388877798999999
111122213311223333322444444546666657776565787755578888998899999
111111122222332455533244553344556634777666478769677899998888899
122222311122331415533144553344455664778566778899677889967889996
112223311244431124433512244355555536666777688887768988976999997
112222311122435114243555444366555436666773888677388777998899999
111122211332324143332444553266445557668855768899976688897777999
112222231112243154444315566435555643377766387977688899768889999
111122213312245531224533364453666645556644788888878999997777799
111111231332223334225634425566744458677455866779586877998889999
111223311123334122223445555344665554766888477666899777789999988
112222211332421553344155533416653447665849776888977689997768899
122233312224331526443155644311566441557666885777798888879999997
111222211332441133245333624576664457666455788999577898957788899
112222341112234155233415553344565378466667849696788999978889777
111122211132223333324553664475666447556684775588477799889999988
111111233312223332224355444455544665577886777888677998869999966
112333311244431122443122554362555476658577668888766998879999977
112222211334221533444155333415556647858664788886677998967779999
111122311222234125663455566345566634757733477788847888984999999
111112233131243333224555224466557846657784665978496997889997788
111112213332221334442563774256377445677784566668855999885999988
111122231112423333242553344456666745886674589697758999775888997
111112211332224333255433627546666754667775448875548897998889999
112222312242331444333144455316777551675558667788866678889999999
122223311242231554433154443315554661577776887766688879698899999
111122234111223444522334555533456667345686777998677998867999888
111122311442331444233544226355726635877766588779658887965899999
122223311122331144243154444355566635756666578888877998897779999
111222314122235411323544433355546667754886775988679998867799986
111111122223332442333254443655554467557766777788699998669998888
111222213124251333425133444563744556778855677888966798896679999
111112314441235554223556423355642336664278969777896978889997788
122222213333421133444511346455164675556667858896788899778999977
111122233311223431225344555534456667745686794668879998887779998
111222311423331442335142253544655557468888776668877766987999999
111222211223331124335444433546667754687775668877568899558899999
122333314222331444223114445511665556666775868877588877798999999
111122213444251334225134452563475556377789637788966788996688999
111111212222223445555334666534476553447666338777788888978999999
111111123333332234556222456672445567884556784499678889967778999
111222314123335412263541726354777635447766554786958888698899999
122222212333331145533114655514467558466779846779984667998888799
123333312344431225544126654412665551266775186977788899778889999
111223312222341253334115534467544486759998675598867779886667998
111222211222331144433444433355566667756686775588877959987999988
111112233312223441252344445533455556666677866997789999978888877
111223311123334142553444255346622554766685777668879788887999999
111112213334421533442553442255346275666667568877788888779999999
112222211332245133344513444651346665777766558877685897998889999
122222311423331142335144463517446657788665788665577899957889999
111112314421234442223544263355566635566673859997788889778899977
122333314235331422555142556614275761447776148797688889968899996
111112213312243333224563624456666475888647588884755999775999977
111222211132221443333443355546666754466675877777588888859999999
112222312233231111333455556644577764557666477788649999884999888
122223311224331124453614445361745536777558677758866999986999888
111122211222324133335433666544665554466557848777788887798999999
111112211333425553442553344265537426677742667878866788889999999
111122211133324443222443335564477756688875966687599688759999875
112222211332421133444133354466655546665557688777788997978889999
111122231114223333422353544655554667885446778886679998867779999
112222312223331444533146453514645551666758996777899677789998888
112223311112231442233444433546655556667558669788899978889997777
122234411233341225334162534416655541666655778899977788997788899
112222311242231144433155443355554367588996777896677889967889966
112222211333324111352446335546655574466657488677788889778999999
111223311112334222233445553644575664457566888766988779998877999
111111231222223333442534444453666785666778556977855997889999788
111222213332221333344155554415655476666447868677788889778999999
111122311222331224433555443355446775546667888996789996678889977
111223341222354126235417633541766354776655487769548879998888999
111111212222223333344553636455666647555864778888477989847799999
111222314122231412333444533544555556666777688679768877998889999
122222211111234155553466665344465534776833479688377988887799999
111222211112234555323455533344456634477766877776688888968999999
122233311223331122435116644566674456687455888745589977778899999
111112213122224332555443355644365564736666477788877798889999998
111222311142231444223444533366755386775558677758866679989999988
122222311242331544443155554311655437666663788886978788997779999
111222213111223344425344455533345556677777667897968889996688899
112334411223441552344152233415266375566677856967788897798889999
111122233114223331422334444566645556777755688775968887996889999
111111122223334252663455266344566634555773448777988897798889999
111222311224431124433552463755546378554637888867789866679999997
111122231222443112554333554436675543687754668977768899796888999
111222233111223314442344455633475568777566877756688995698889999
122233312422331245335144555511446657146668777668877888897999999
111222231444423114442315555235566663357666388777788887798999999
122334411233441222334125553416655541677859667889967788896778999
111222341112234515223455553344653374468877666888796698879999977
122223412122341111334555553466675346777534666777488999998888899
112222212233331143433114444566478856677855677788567999856999985
111222231114223144452334455633345667788556777858697788869999996
111122211332321433332444555244556667475886777586697798869999988
112222312242331444433154546315555631566666788889978788997777999
111111233331223332222445555564445756664877966487796998879998887
111112231312223333422534444456647775666788569978856997785599988
112222311232231143333514444455546667758669755866977888997788999
111122314442231554423155422355546637766683779968377996887999888
111223314122334412253441625346666534676855777785579798889999988
112222211333221334355134444516644557666558777668877799989999888
112344412233341122334122563415556647575668777568879796889999988
111111123333332445553224657724465572466857246888796699879999887
122222211113324511336455733645577364455776488897648989768899996
112233311122231444233154423655547665854796587779688797968889996
112333311223334122555412255541675784467778466787846668889999999
111123311442331554233655422365444276558827666888796889779999977
111111123333332344444222455466225556777785679998567799886699888
112333412223341123344112244567774556777755688889568898956669999
112222213333321133442114444455556667775886977586697758869999988
111222211123224513366453333645555564444666777788877799889999988
112222213344421133342133544415555567888856788986677996667779999
112222211112321444333554433355544667756666785886978888997779999
122222211233334133553411556644155768444576888777688877669999999
111112211334423334442553364255566425777662578866877788889999999
111222231112223314444334456435555663757566777786679998889999888
111111122223334225553426553347665384776588477666849779884999998
111111233331224533226457322645776664557776445578694888889999998
122333311222431122443511444355647775566667556688799998779998888
111112231412223344422333444536777756678855677888566688959999995
111112231331223334422534444255647785667778566677859968885999998
111222314122231444323145533344555556777888666777869679986999988
122222311123334412355441633544165554666775866777788999798888999
122222312442331114443151544355556635788693777869978886997786699
122223311242231144443511454355555336667777666787768888998899999
111112211332223333224355544465544476588877658897766889976699997
111111122344452233455223445562334556673788677777869999986699888
112223311112234155223444553344455536678888667778866777896999999
111222211322234133333415555544656654466677488699788889778999977
111112233312223331224536664457776445776664557788455888889999999
111222314442231144223144553365557336665777886599788669778889999
111122213313421533342653444265447726558799655879968887996688779
111111123334442235544263554426335552666667288877798888779999997
111223311422331144223544626354666635467788597777859978885599998
111222213111243355224335544463354746885577688877766688976999999
111233311222231445223164555366445536644757668877788899978899997
111122231122423512444356664435576643577768355776839978889999988
111223311122231442333564273756447775664778566499856999885599888
112222311223231113333445555544445564777776879799689999668888866
122222211134425133444511364455536775833667588669788869978999977
112223341223334112553411255344666554476658777766897799889999888
112333312222231112433155444455554465777766888766688977968899999
122222314242331444433155466315666631557768155778899777889999988
122222312244431144333514463351666775166677588877755899995888999
111122213312221333324536444456664745567777566778859999885999888
111222211223341123334553356475555647666664777888479799849999888
111111122333342235534226653426655546667584777798479999847998888
111234411123445122334552634455263375526677866697788999778888999
122223311442231144253114445366665537776653778865577888889999999
111222213333221344525133455516447856664785669478869977889999778
111233312222231245553144555314444536777777668788968888996669999
111122213132241333224335444466555546667755867779986877998888999
122222212133441113334156363455666645555674888777489887778999999
111112213332221342244534444653377765777766558866655888889999999
111111233331223332222456666645557764555776488777944899994888899
111222314122331412335444235546463557666558776688877798987999998
111223314122331445233145523644552664775886778589677888967999996
112222312223331114433551443675444667566668758888875599897779999
111122211122234444253644455366675536867553687777388887938999999
111112211322223334452366445533647756664475868877588897758999999
112234411233341122344122334456666665678889557888957779895577999
112222311142331144223444555366455536667573867777786899998888999
111111231222223334424353344465555546578899677789966788896677899
111111122233332233344225555455564447666664777768877988889999998
111222314122231444423154333355466665566678577777857998889999988
111122213314221344452336645236644573666557889955788899978899777
112333311222331122243155644455566445666747568977788897978889999
112222341252234115553411533344556374666667488699788889778999977
123334412223341112334112255466666547868654788885577789957799999
112222212234441113454661345566634756333775688897588899758999977
111111233312223455552344665234465523446777866697788889978899997
112223311244331524433152444315267775556667858696788869978899997
111112213344421333422563442256347775687779568897956689995568889
111111122222223344566344456634475683997568397756839975889977588
122222212334441333455133645516664551166457886887798887779999997
112222211113321444432544643755563375886377558667788896678999999
122222311144231555423115443366554336665477688997768999778888997
112333311223431112344522244456666645577668577777855988889999998
112234412223441225334111534466653376555877666587799888879999987
122333312222331111243144444567745556678559677885967789996688899
111222211123334412233444533645555764558876888877699877769999966
111122211132224443332454336745463675556667885567788899978899997
111122211222324145533444455346775336677553667778869999886999888
111222211123224413333544463355466667546886755888975889997777999
112222211132421133344555333465557446665748697777869978886999988
111122233111243355224333524465555446667774666877799988879999888
111222213342421334442113334455555665777666578766977888998889999
112233341123334122223411555546775884677588467759846799986669998
112233312244331222453114445316664557666555767888877788987999999
122222211332441113444133345463755556678855667888966789897779999
122222311244231444433111543355555536777888667789866779986699998
111222211334221333442134445563477556677558667758866798889999998
122222311223331444333144556611445567775556778899678899967888996
111111233312223344552334556244456624775688779566877999687999888
111223344112334411223445622345566635557688597768899976889997778
111111233441223344442355422236577773655777668599968858996688899
112233341122334122233415555641755564477766477766688888998899999
112223314442231442253144555316555331667778667797869999786998888
111111233312223433252443655246666554466758499775899777889997888
122223311122234111333445555344465774886557886666788699978999977
112233311122331422235144443544665557666855776888877688997799999
112222231242453144445316455531666573189657388966738997778889997
112222312224331144433144543617755367755586975888697798669999886
111222211344421133422333344456666665677788559778855977885999998
111111233322123333222455555544444567777466788886678988967999996
111222213224441324455136446513666657333655777777588888998899999
122222312333331244443115664415567741556677885667788599978889999
112333312244331244553122455516247551664777866699788699978888997
111223311442331142233554622354466675466777588697758899795888999
123344412233341122234155523415556641577688777668879669887999998
111222311122331444233444423355666775666687559998759998875988877
111111123333332444453245555624455762889976288977628997668899776
111122211122234555233466533346655374665777468888749989874999987
111223312222341123334156366455666745567774588799458779948888999
111222231444223114425313445533365557666685776688877799887999998
112333411222341122534162553466665346786544778855977789997888999
111111212222223344556344555634447563387756388799688779968879996
122233311122431112443555243365554776685447668777768888896999999
111223314422231455223145566314456337455666788888677899897779999
122222211133321411335644335566444457688885766895576889997777999
111222213124421334442133445563755586375758697778869997886669998
111111233312223344225344552534445556666677888667788889979999977
111222212223341553344115533466655346766584776998477799887999888
122222211133324411133455555344556637448866779888677999867799986
111111213444223345526344552634552263357766888976689997778889997
111233341123334112535442255544267554626777666687799998789998888
122223311422231143333144555614477568848756988875698777569999966
122222213233441333544136555411655441665777668997768889778889999
111222314112234414223544463357776385799638579966857796685599888
111122234155223411522345556634566663444776387777938789998888999
111112341122234445523644452366655236665573899977388897778889997
111111233332123343222444526645556664577766455877788888879999999
111112211334423333422534444255566625577666857777688889798899999
111112211333243333224555526477752647875664787566488889648999999
122233311122231444523144453314665557666558766999877999887779888
112333312222431522443155544311554667885466788886678999697777999
111111213333223344522634452266645556664475888897588999778999777
111122233314425311462533446253446625777688577766855799889999988
112333311234331222444125246617554467785556788596678889967789999
111223311223334112253466255346667554446785497678599777889999888
111122213412221344552333455566344556637478697777869799886999888
111222211132221443335643335564447556477755667788869979886999988
111233341122334122533414255544426657888655777866678889697799999
111111231322223332442353664455667485667748567794855779889999988
111112233314223331422563644256666445567747558977785899798888999
112223311222231444443145554316665536675583697778869797889999788
122223312245331244553114445311455536677788697777869999886669988
111111233142223344452634445263355526677558966778896777889999988
111233311223341222334155266455666445776644578899957889997778889
122222211234441133354133355416555547666684766888877777889999999
111222213144221335442135554463575546387799638879966887996688779
111111122222334442233454333645555664777556778786678888869999999
111122213112425366642536664253776445377774538879453899995888899
111122213332441533244155324655532467758846777866678889697899999
111122231442223114452333455533644758666775889667589996778889997
122222314223331445536145553614556361447666177777899788889999988
111112341521234452223445523346653374685577668877768899796889999
122222312233331143443114444561788856778885677895567799556669999
111222213142521314255633444563447856377785637778566699889999988
112223311223331442553144255314455567748886777888679799869999666
122222212334441333445111334516675456667555867777986879998888999
111122234111253444225336425533644758366675886697589999778889977
111222211322241335444135555463335546678994667889967778996778889
111122211312324333332444555246675554467758966678896997889997788
111123314122331442333442225647555564788596778959678899967788966
122333312222341125334155554416557741667744668777968888996889999
122233312243331224345164444516665551166675888887589999778999777
111233311222435122243514444355546637566668756888877998897779999
111123311412334445233445526345522667755266777766899788889999988
111222213144253314425331462536446753666675888997589999758889777
111222314422231444423145555316775536677853667788366978889999998
122222312444231555443111554361775436777533668778866888896999999
122222211133241333344113555466755546678854667888467798897799999
111233311222231145223444553366445578664597886959788699978869777
111111233333124334222444455246665527766555777668879998887999988
112222311144231514223554467355546738854673886667388996778999997
122222212333331111334155555466775546777444677888466688889999999
112234411123341552334155234455223465766666777899677889997888899
111122231412553341225334442563445556378888667999866799986777798
111111234155523455252344522234467773466788366777836698889999998
111222213111243335224333544466755546775884667588867799886799999
111222211223231455333145336644556664557776487799648877998888999
112222311222334115333415555344456574666677468687799888879999987
112222211232331433335144444516645557766558766998876998887779998
111222213324551132445163245566344456633775668877788899778899999
111123314222331442223144553364455556666657886977788897778899999
122222211334421153344155344415336665557668777766879999987998888
111111233444123344442333222256666665578996557889955788897777899
111122211332221334442553334655744465577666577869977886998888999
122222312442331443335164453516455551667888166788896977789999977
111122211222231444443544633355563375886997586697758669778889997
111222211332441133224333444456666675888667589997758889975559977
111122213311224533332455553245566774666778446778849697889999988
122333312223441122344115534671555467758846775866678886997899999
122222212333441333344111544466155556655777866779986779998888899
122344412233441222334111335415555567788566788888677776669999999
111222211112234444233544663355467738556673855967788896778899999
122222212333441133554133554411655446667588966788899677789999778
111112234411223444422333342536666556677758967755899978589997888
111233344122234112223415663345576664557886495778699577889999788
122222211113324115333455555345666634667777446877984887998889999
111222314225331422553144555316445336664777666777788999998888899
111222314122331414233444423567788356678885667889567779956999955
111111213444223342225334426537746653776665778865578899958889999
111111233444123344552334455263555226666627889677788997978889997
122222211334251133445133445513446557766685776668877999887999988
111222211322421133444333344566677458666755886775588887759999999
122222314422331144443155463315576631577866557886697778889999998
112333311223331112224566244456666475558647588884759898779999977
111222233112223331144335564477566647756664785559478899997888899
122222211123331411553444553346457384655788666677899677789999988
122222314223331444333114455671145567777566788959678895968889996
122223311242231444333114453561745556777885677788566698886999999
112223311222341123334155354465555446788884677778866677896999999
112222213332451134245113444567334556777775666678599698889999888
122222211133421133444516334456636475566677558877985897798889999
122333311223331112224156666475586647758864755888475989947799994
111233311223431225443122554366654446775558667888869777789999998
111111233314225334422534444253667725567778596667859698789999888
111111213332223343252634455264445556647785677788867988986799999
111111122333442335334266554426555472666547268777788887998899999
112233314422331452233145526614455661748556777886679798887999998
111222211223241133344553334456667445556777566688799988879999887
111112212222231433333445666344556664557767485577788999978888999
122222311213234111333455536645555664776668477778849997884999988
111112233112224355552433556243357664477776477866648889998889999
111123314222231444223145433364555576685957668997768889776889997
111222213224421333344153664415356645555766888976788897778999997
112233311223431122243515444355554467588886788986677799967799966
111122213322221133333444566644455564775856777586697798889999988
112234412223441122334113334455566665666778597777859998785999888
111123311222234122333444444355556665777766557786699978889999888
111111233341425534442653474265337226558792685879968887996687799
111122234412523411552344556234475663337566777776688899998888999
112222212233341333444135446615546661557686557788897777889999998
111111233331224353552435555244677224667778469997846998786699888
122222211123331333344155544615544467556666777888678888997799999
112223311222231444333115466355546667544686755888879999887777999
122223314442231144233114553671455367775566787756688888968999999
112222211112324551333445633744568374556877456687799668879999988
112222212233331444333145566614755561477556847776688897998889999
112223341122334111223444443356667775568779556887956689795888999
112333312233431522246152544615555461777446887779688879968899996
111112213333221344225637442563745556674455687777968999996888889
122222211233341553444153364415536641556677889667788997778889999
112333312223331224455124466517466551746655774869977888997888999
111233311123331442325644222564477756849975688997568889756689975
111122213122321333332444445544666657766855778685978888597799999
123333312223341224444125564417566681756968175596877599887799988
112222212233341133534113654476665547666544777558877888889999999
122222311122331415333441555345556664776666478888847899897779999
111112311222234225333466555346667534466755447778899997789998888
122333312234331222444115554411556647785569778666978869997788899
122223311243331224435166443516447751677755866779586999958888899
122223312242331144333111444566755456777555678899967789996688889
122223314422231444443111553316655537766558766888877689987799999
112222231142553114255314445533446753386677888866798986679999977
111222211344521334452134455233467553666785966778899677789999888
111122213313221333322444455544465557766658799966879999687778888
111111233312223342255334626544466654476765877779588887958899999
111122213142221344442533334455366665555676889967788999978889777
122333312244431222433111544416655776655577688957768999976888899
122333311222231144233144566614456778485667888567785557798999999
111223311142331554223555422355444436666667888677788877798999999
122223312443331224355116435511644556664757687777768889998889999
112223311122234115253455555346667334667777466879944887998888999
112233314422231442533144253611455667755586799888677988867799996
111222211123231442333544444355566635756688577688877969887799999
111111123334452234455233345522264756666475688877768988879999997
111112211222223444445334554563775556337888637778866667989999998
111111122222223444445336445533666653376885777685577988887999999
112222312243331124333511444655744665576666577778859798889999988
112222211111234444423455463355566335756663777689978888897789999
111222211123331442253446655346655534766583479688877998887779999
111123312212331422235444443564775356777555668778866888896999999
112222211133221413333544446354457665555776889777688999768889996
111222231112223441555345556534446663784866378888637789997779999
122222213333321344435111144566784456678895677899567889556778999
111111122222234455523444533344555637777763887966688799968889996
123333312233441244445122466511276658177655877766587899958889999
111122211222331444233554444355666335767668577786857978889999998
111122213144421344442533666255336625773668557778859797889999988
111111234452123445222345556234455663337776899977689999768888876
112222341123334122333411555545556664776688447668877798887999999
111122213332421533244153326455766645576664577788497799889999888
112223311233331224443112454466655547665855776688879998887779999
112222211123241133334553634455566647556684799968477999887779888
111122213132221333442533444456664775886667588886755899975999977
111122231114223355422333544635554467775466787766988879698889999
122233311222331124433114444567477756777555688885968889596669999
111122211222334125333445567345566734558677448866788889679999997
111112211344423333442553342255554265766666777768879799889999888
111122231142253314425344442533677558369775886997588669778866999
122333411223445112344511233455627745668877566688759698879999987
111122213314421333342535554255566426666644777777879999889998888
111112213322221333244335544677754467555486779588679998669998886
111233411223341225334122534466557446557778659997866997786998888
112233314222331442233114444561555556757888677788966788996679999
112222312224331555463115546315544637888463777846678889697799999
111122211332421334442533446257346665777786557788655998869999988
111222211134421333422335344455566467755666775888677889887999999
111222231112443312245334444533555556666666778888877777889999999
111222311123334152223445553344657774665577466688796988879999988
112223341122334111223455566344456634555666778899978888897777999
122233311422331144233514426651746685774668557768857799885999998
111112211334425333442555344256534225666667868887788877779999999
111111213222223334255343445634445567777856799885679988867999866
111122211122223444555344665534467853366785336778899697889999778
111223312223331224433115544655554667758446778888677988667999999
111111122234442333344235366422566645557668595788899978789997778
122222211324441334444113335561735556677775666887569998789999888
111122211333221333422553644455766645576664857999488777998888799
111122211334225133422533444453666645567668959777895978889997788
111122211344421333442553342265534786557778657788866798986699999
111111122222234425333466533746653774665577446855788888879999999
111122213333321134532444456278445627885566788556677899697789999
112223311222331112333455555546666654466777488777744889998889999
122222213324441133554133355411555446666777688877968887796899999
111111122223332243333524666654444465777766557888855778989999998
111233314122231452223145555344656534466666777789978888897789999
123333312233451224445122444511655551766688776988877698987769999
112334412233341122334512664451266645555677859967788999978888977
112222231111243355124365554436657743665744367777896888889999998
111122311412234442233544233356467775666677556887755988889999998
122223311122231444443155546317554637755663877776688999968888999
111222211332421333244133544675554667555466778886677898997889999
122222312124431114433551443365574376657777665578896699889999888
112333411223341122334122554467755546677554688777968888996689999
112223311122231442533144553344665554666675867777988877998889999
122222211113231443333145556374456667445566777586877998889999988
111222213332421133542133554465555476666647888864789889779999977
111233312224431552433115243677524467758646755866677988889999998
122222211334241334444113555413365557786656778866677988887999999
111122213311423333442534442255466775666667558899758899978889977
112222211332231143333144556644455667745586799958677999867798888
111112213333221343352444455266647526684755668777588889778999999
112222211132441553244153334655334465576666777899677889997888899
111111213442223334422355442637545663755566778886978899697788999
111223311123334122533452256645555674466667488977748897978889999
122222211334521134455163444516374756637775663879568887998889999
122222211213345111334555534455633447866664788886978899697777999
112222211133221333344135444455566475856667589667788999978889977
112223311233331122234156666455788645778864577896457889945799994
111111122222345233334525533455566446666447888677788899978999977
111222312222331144333514446354477665777666578769958899995588889
111122213142221344442534364753336675566677558677758899998888999
111111122333334223553442555642275564447766877776688888968999999
111111233333123344422554644255466225776666557788877788989999998
111222212223331444533144555314455536667788699778866977786999988
122233311223334112253441155544445667788596788859677889967799966
111111122333332234435224455526447558664757886777788699998866999
122222212133341113344551334465557446587777658997768889996668899
122333311234331224445112455516244756667775688897568899776889999
111222311422231444233145333644555567778556788886677898967999996
111222212223331144333144444356666665555776587777758888998899999
122233311233331224444125446417555661758666775889677589997888999
111112231331223333224567772456667745666874559987455998449998888
111123344122334412233441223546777756687755688875568899596689999
112222314442331444223114566315556738555673888667789969978899977
112223311112231444223554443365574386657888655798866779896779999
111111122234442223344523334456377785677778566988856698985569999
112222231224443111455314445533366557736665777866879988887999998
111111122233342223344253366455776445777648579766855999689998888
112223312242231544333154444315666661566777557777895998889999888
111222231444423111442333554236355556667758666778899977889999788
122222211333231444333144555516445771666577666857788888798999999
111111234441223334425336422573646257866665788888577798557999999
112222211123231444333154443355546775556687966688799688779999887
111222311122231444423444555355556336666673867777788899978889999
111222211112334444223544463356666735556673585897788889978999977
111222311112234445223664553364455336645777668588799888879999977
111122312222431154243655444365554336577883667988867798986779999
112222311112234441233445633345566774566887556888795689879999977
122233311222331142335114444564477756777755666895568889996888999
122222211133231143333144456644745567775566877596687859998888999
122223311422351142335614335561447756849975684997568889776688997
111122231412223144255334655534465753466777388669788996978889997
112234415233341522344152236415553641576666887699987777998888799
122222212333331144353114445516774556677455667788866788889999999
122333312244431122443112544315555567588886779988677798667999966
111112213122243332254633555463557446885744688779966877996887999
111122231444523114552344456237775623775566337886699788869999988
111112213144225333442536344253666425777688577668857999985799988
111222211344421134422533644753666775386667538888755889775999999
111111213222223333452336445577644457766645788665578999997888899
111222211322441533244155334466553476685377688577768888976999999
111122231112223333244356366475666647555844775884877598887999999
111112213444221344422333345236655578665557886667788887779999999
111122211122223444456374455637745563377556388799638879968889996
111122211122223334444333444536555556665788669978869977789997788
111111233122224333252433655546665554676688477788947888994779999
112222213344421134542113554463355556377788667777896669889999988
112223311423351142335144223564475556847577688777966888896699999
111111233144225334422536477253647725364877566687859968885999998
111222233112243314424331544435555567756666777899687789968888999
123344412233341223344112255411675886667558696775869777589999988
122222211234445133344511133455666345768666577888859777789999998
112222211233241153334155533466557746657774668877469988849999988
111111212222223333334534444455664775668887568898756899975699977
111222211334221134442333454435555667588886758889679999967777966
112333312234341223444112244516666557766558776558877799889999988
111222314144231444423155552366665236766553777899377888997888999
122222314444231114423155543316555337666588769998876699987777988
112222312244431124433511443355566635786966578699957888997777889
122223312442531244553111456371445637888563777856677988869999996
111112311222234224333444443355666775566667855597788899778889999
112222211333221444333154667315466778544667855569788859978899997
112222231142423314444311555433677553667755668877766888889999999
111111122222223444444333555466357556337775668897768889796889999
122233311222331111233444445566664557666455778885977888897799999
112222312224431114433561433356644775666778596977859998785599888
112222211234425133344511344655537465883776598777699888769999866
112222311122334112533445556374555637446668794966879999987778888
111111233312223433252346665244666557468895748899574888957777999
111222231114423314442333544236655556677855677788866977889999998
122233311222331442335114466571744657774665788869578996958889995
112233311223331124355612444566244556666457888885789899779999777
111111233122223342255334666534466557446558774698879999987779888
111111233122223342244334444563775556775558677999866798886699988
111222213124223311444333555466355446665777668588798888779999997
111111231332223334422344444256777775666677555668895598889999988
111112213332221435522443355644355564777786478888677988669999996
111234412223341122234516333456666445677688557888957789895779999
111112311422235444223544423356773385667778566997856999785699888
112222311124231552433165543366574436657448965777896778889999988
122333412233441123344152264415666661577776557887758888995899999
112222312242331114553144453366445736888577668855796688779999997
112222231112423331144533444455356667555688777666879778889999998
111111213333224453332445562245566274856697485669788899978899777
111111212222223444444355664735668773556887355668739998873999987
111122211222234155533455655344663334768999476888947668897777899
111112233112223344425334442563747756877755687899568888956669999
111122233112425314442534464253666775336667589977758899975888899
111222314122331412233444555364655536465777666887799888879999987
122222211113234413333451553645556664576688477968847999987779988
112222311242235144433511444355666637558963758896677789997788899
122233411233341122354112535466755546775784667778469999886999888
111112213312223334452334445266674556677455667899577788998888999
111122231444223145442315564233556673355677889666788999778889997
112233312233341222344115444615554665577766857776988887698899999
111112231444423145552344555233365226366777666777899997889998888
111112213414223344442355466235555623756666377888877778989999998
122222311233331124335611455566644556644457688777788997978889999
122222211334421113444153366475366647538866755889975588997778999
112222311223331112433555444356444775677777566888856998986699998
111122213112425332244533344453566745556777666688799988879999887
112233312223341225344155534411555446666778966678899997889977788
111222211333321133432444444255555667778556799866677988867999988
111122231442223114425333466573446657366655777785599788889999988
112223311222231445553144453316445376688557668977768899776889999
112333311232331122224514444455567745886779586677958669798886999
111222211223321143335664433566477756444755688977568897958889999
122234412233341223344115344611555667778556778885677988869999996
111222211332241553324155364475336487599648759664877996687799888
111112314422231422233444555346557536666753886677788999978889997
122222311122331444333144455314665776665577665588799998779998888
112222211223334156633415563341556774855667488996748999774888997
111222231112443155224333555466357546637784669788496977889999788
111123311422335144233555423657542265774466877799687899668888999
111122211133224433332444453266745556777555667788869799886999988
111111233334123553422355446278554627854462788886677778669999999
111222311222331442333145553644555564788886478986677998967779996
111122231114423334442353642235664775586677558677985869798889999
112222213224441335554133555411335446677778699997866997786698888
122222212344441333344133555411156556666657688777788897798899999
122333311222231124433144445514666657776665787799578899958888995
111222213333321334442144454216775556677775666788599698859999888
111222233111223415552344665533466578344657888466789899978999777
122223312243331124334155444415555661566666777888879998987779998
112222211133221444335144335544636556666675899997588999778888777
111122211133224444332554433255463665566667588888799898779999777
122222212344441333344115336417586661758669775869977588897558999
112222311144231544423155462355546335777683999768897776889996688
111122312222231133333455555647566564777666447788844788989999998
122222211233441333334155444411566667756866755588977888897799999
122222212334441133344113344561785556778885667888567779956699999
122222314224431444433115553361155536677758667978866997889999788
122223311422331142333114555674445567747556877799688999668888996
122222311122334411133544433655544665777886577988657798869999986
111122314112234444233554423356662635556667858877788899978999977
112222231144223115444315546633354763885576988857699987769998776
111222312223331142335614443566444556665557868777788889778999999
112222311245231144523164553366445536647753688799968877998887799
122233312222331444433144546611555667157556777786697888889999998
112233311123331122434522444455554665778669578866977889697788999
111122341122234155523445652374465837746583777668397669889999988
111123311142334444233554422355555226666777686677788887998899999
111112213442221342255334555534466653347666777788697798889999988
112222211112324155333445555344566738489673848967788896779999667
122222311223331433355144444516455551667788667788866777889999999
111222341112334144233444523365552776885977688599766859776688999
112233311233331124455612444562277456677745688775568888896999999
111122213114423333422555344256534775688477566888766999876999987
112223311122431142243554444365577736557783657788866999986699988
112333311223331142222154444465778496557889657789965578896667899
112334411233441122334122234456666665678888557899857789995577799
112223312242231144333144555316455556647778669777866978889999988
111112233144223314225334425536644556666755888677798888779999997
111112312222231442553444655344666537777653887665388779998889999
111122211133324553632455363244566627455668744888877778987999999
111222314112231442233444453366665537668555768889577889997778999
111111123334552233455233645526664572664447268877798888879999997
122223312142231114453614455366445337666588799655877999887779988
112222231144223111444333345566634576888557689855768977776899999
112333311232331122244155244455666745556674889667789999978888977
112222211233421533444153344415536775588677588666788669778999999
122223412123341112344155333466555546657774667788869779889999988
112222311124231442433154443355556375895667889967789996778889667
112233412233541223554112355416637546666754888677488889779999997
112222311442331442235144633516463557666555767889977789997888899
122222211233341153334165534416655476665547868884788877779999999
111222211332425134442513334455536467556666777768879999987998888
111122311142335544223554442355664235766663778869977788997888999
112222213333221133344155554416755486677548677994867799886699988
122222211133321444333114445366664556675555867777788897998889999
111222233112423511244355664433566643556784957678897777889999988
111222211223321133344553344465557746577774657889968888996668999
112233412223341223344115364471556647785566778856978895697889999
111112213322221433352443535564455576488877648888769997776669999
111111231444423442222345256633555673885567388966788999678999777
122333312223431124443152466615544761555576888887698998769999777
112223341112234152233415556345577634577866447886697798869999988
111222211123224413333444536344556667558896755899677788967788999
123333312323441222444125545411655571665877668888769898776999997
111111213332223333442556664255564427566448757688877799987999988
112222211132241133444333544436555556666577688697788889978999977
122223311242231144333115466375544667755468775566897788889999998
122222213333321334444144455617555561788656178866677899997788999
111222211132245133324533444453647885567788566977856999786699978
111122314222331423335142355544655574667777468779966888896889999
111233415123345512334551223455226447776664787776688889698899999
111222211332241335524135555433657446667784677778466888889999999
111111122233332224353662455364445556477775648797768889996888999
122223314442331444233111423516755556678955677899966788896778899
111112211344425334422533342655534265576666777886977888997889999
112222211113224133356443335645555564477786949778699977869988886
122222312424431444433115633311567785556788596677859667789999988
111223341122334112335444223544666657776865777786588888559999999
122222311242331144553114655374465337746558799666879996887799888
111122213442221344452133455677345567839556783966678899967788899
111122233412223341525334155563477556447888647778866667989999998
111222212223331144335166433576644457668455768888578899957779999
112222231111123333442353446655554467755466777896987789698888999
111111213333324335552445555246777724667772466888249669889999988
111122314122334412223445533344555556777778667997869998886669988
111122211333321443322554436255446667554886775888679998867779999
122233312122231114433156643475564447756668795556879999887799888
111122213412523341252344455534455663788866379988677999867779986
111111213333425334442553444256662225567778566788896977789999988
111111122223332243333244455564555756448777669887769998876699988
112223311122231142333554663754466675546677854777985489998888999
112222211323241133344513444655377465777666587766958889995888999
122222211113425551344565133456673345667384967778496797889999888
112233311223345112634512263455786645578664577864477889997889999
112222211323241333344113444566664556785559678859967788897778999
111122341122334412333442235564455576888557666887766998879999977
112233311123331222344124444566666456788855677888577998957799995
122222311112234441533444155346775336675558677788866679989999988
111112213441223334222355444433555556666777688888766988779999997
112222212234441333344111334455666665778866577788957788895599999
111111233314225533422533444255546425776666776688897779889999988
111222211122231333333444455647885664788566478855677895967799999
122222211333324113533441155544445657777765788666678886998899999
111112213222241332544333354466665546676854777985579798887999988
111223311112334222233444455346755554678885667788867799986679999
111111213332224333552436555244657724665788446978896697889999778
111122311142234444233544623355562375866677586997758699778888999
111111122222334552663455266344566634455773488877398888779999997
111223311442335144233514422356748285678888567798956679995667799
111122314444231422223144533366657736655788655578869997789999788
111222213112241335264333566435556447556664778889478889997778999
111122231122423314442355444633566667355556777788677999889999888
112333311234431522243155624415562447556668779688877969887799998
111111122223342223334555334456774485667748567788856799986699998
112222211133321413532444553364455556477777668889766889976889999
111111234422123444222335466633546768355676889557789995778889997
112233412223341123334152444415555665578886977778697798869999866
111122211122323333332445555544446657746665778886677998887999998
111112213441523345552344445233665523776682997768897776889999688
112222211113221333334553644456667445886774558667795888879999997
122233314222331442435114443561155556777785679778866988886699999
111111122333442533364255636422566647258644755888877788997799999
111123311122234444223454423355555536666678697777869978789999888
111122211133324444322546432754663775668387566888759989875599997
122222213333321114433511644755666475666447588997755899978888997
111122213122241333324533554455554446666677886697788899978899977
111222211324421132544333354463775546777758679995866698586999888
111112211332224333332444444255666675668697558899758899775889977
111222314122234415233441533674455367755566877666987789998888999
122333412253341125334122544416555741677578669777869998886699988
111122312222331244443144554365555336657777687799768888996688999
112223311224431152433155243355544665774668777766899978689999888
111111231222223324444333546677354467555666755886879998887799998
111111234145223444522334552633455267385866788886677778697999999
112223314422331142233154444315666665577886577888657798895799999
112333311222331142235144255564777556478785647888964789896669999
111111213444423344242333322255666778555697885669788569978899977
112222211223345113334551633456666445677644577777859988889999988
122222311224331114443144433356666675588677555867758888979999997
112223311233331422253146665514667558446775884677588477998899999
111222213133241333324155552465775546677744668779468888996889999
111111213333324355532455562244456224746666777888679989887799998
111223345112234511223455523345567734446677666688799988879999887
111112211333324535332455566245566724466772488697748899778889999
111112231312223332244334444566475556887575668777566899798889999
111111123444552334555234465523476662337688277766827799989999888
111122213144221335422635544463355476385977688597768899776688999
112222213232451333445133445511674856667485676798567779889999988
